7
20
-56.000000 4.000000 2.000000 52.000000 54.000000 54.000000

-56.000000 -49.500000 2.000000 52.000000 53.000000 54.000000
-50.702576 -49.287666 0.001967 -0.707107 0.707107 -0.000001 
-56.000000 4.000000 -51.500000 52.000000 54.000000 53.000000
-49.999565 0.006884 -49.997177 -0.707107 0.000011 0.707107 
-56.000000 -49.500000 -51.500000 52.000000 53.000000 53.000000
-50.702576 -49.287666 0.001967 -0.707107 0.707107 -0.000001 -49.999565 0.006884 -49.997177 -0.707107 0.000011 0.707107 0.000099 -49.994308 -49.997894 0.000014 0.707107 -0.707107 
-56.000000 -49.500000 -51.500000 52.000000 53.000000 53.000000
-50.702576 -49.287666 0.001967 -0.707107 0.707107 -0.000001 -49.999565 0.006884 -49.997177 -0.707107 0.000011 0.707107 0.000099 -49.994308 -49.997894 -0.000014 -0.707107 0.707107 
-56.000000 57.500000 55.500000 52.000000 53.000000 53.000000
-49.997200 50.005524 0.003227 0.707107 -0.707107 -0.000006 -49.993099 0.003868 50.002373 -0.707107 -0.000028 -0.707107 0.003380 50.003712 50.005444 -0.000011 0.707107 -0.707107 
-56.000000 57.500000 55.500000 52.000000 53.000000 53.000000
-49.997200 50.005524 0.003227 0.707107 -0.707107 -0.000006 -49.993099 0.003868 50.002373 -0.707107 -0.000028 -0.707107 0.003380 50.003712 50.005444 0.000011 -0.707107 0.707107 
-56.000000 57.500000 -51.500000 52.000000 53.000000 53.000000
-49.999565 0.006884 -49.997177 -0.707107 0.000011 0.707107 -49.997200 50.005524 0.003227 0.707107 -0.707107 -0.000006 0.004490 50.007095 -49.994133 -0.000007 -0.707107 -0.707107 
-56.000000 57.500000 -51.500000 52.000000 53.000000 53.000000
-49.999565 0.006884 -49.997177 -0.707107 0.000011 0.707107 -49.997200 50.005524 0.003227 -0.707107 0.707107 0.000006 0.004490 50.007095 -49.994133 -0.000007 -0.707107 -0.707107 
-56.000000 57.500000 -51.500000 52.000000 53.000000 53.000000
-49.999565 0.006884 -49.997177 0.707107 -0.000011 -0.707107 -49.997200 50.005524 0.003227 -0.707107 0.707107 0.000006 0.004490 50.007095 -49.994133 -0.000007 -0.707107 -0.707107 
-56.000000 57.500000 -51.500000 52.000000 53.000000 53.000000
-49.999565 0.006884 -49.997177 -0.707107 0.000011 0.707107 -49.997200 50.005524 0.003227 -0.707107 0.707107 0.000006 0.004490 50.007095 -49.994133 0.000007 0.707107 0.707107 
-56.000000 57.500000 -51.500000 52.000000 53.000000 53.000000
-49.999565 0.006884 -49.997177 0.707107 -0.000011 -0.707107 -49.997200 50.005524 0.003227 -0.707107 0.707107 0.000006 0.004490 50.007095 -49.994133 0.000007 0.707107 0.707107 
-56.000000 57.500000 2.000000 52.000000 53.000000 54.000000
-49.997200 50.005524 0.003227 -0.707107 0.707107 0.000006 
-56.000000 57.500000 55.500000 52.000000 53.000000 53.000000
-49.997200 50.005524 0.003227 -0.707107 0.707107 0.000006 -49.993099 0.003868 50.002373 -0.707107 -0.000028 -0.707107 0.003380 50.003712 50.005444 0.000011 -0.707107 0.707107 
-56.000000 57.500000 55.500000 52.000000 53.000000 53.000000
-49.997200 50.005524 0.003227 -0.707107 0.707107 0.000006 -49.993099 0.003868 50.002373 0.707107 0.000028 0.707107 0.003380 50.003712 50.005444 0.000011 -0.707107 0.707107 
-56.000000 57.500000 55.500000 52.000000 53.000000 53.000000
-49.997200 50.005524 0.003227 -0.707107 0.707107 0.000006 -49.993099 0.003868 50.002373 -0.707107 -0.000028 -0.707107 0.003380 50.003712 50.005444 -0.000011 0.707107 -0.707107 
-56.000000 57.500000 55.500000 52.000000 53.000000 53.000000
-49.997200 50.005524 0.003227 -0.707107 0.707107 0.000006 -49.993099 0.003868 50.002373 0.707107 0.000028 0.707107 0.003380 50.003712 50.005444 -0.000011 0.707107 -0.707107 
-56.000000 4.000000 55.500000 52.000000 54.000000 53.000000
-49.993099 0.003868 50.002373 -0.707107 -0.000028 -0.707107 
-56.000000 -49.500000 55.500000 52.000000 53.000000 53.000000
-50.702576 -49.287666 0.001967 -0.707107 0.707107 -0.000001 -49.993099 0.003868 50.002373 -0.707107 -0.000028 -0.707107 0.006645 -49.997276 50.005562 -0.000030 -0.707107 -0.707107 
-56.000000 -49.500000 55.500000 52.000000 53.000000 53.000000
-50.702576 -49.287666 0.001967 -0.707107 0.707107 -0.000001 -49.993099 0.003868 50.002373 -0.707107 -0.000028 -0.707107 0.006645 -49.997276 50.005562 0.000030 0.707107 0.707107 
13
52.000000 -49.500000 2.000000 52.000000 53.000000 54.000000
50.709320 -49.289703 0.005730 0.707107 0.707107 0.000031 
52.000000 -49.500000 -51.500000 52.000000 53.000000 53.000000
0.000099 -49.994308 -49.997894 -0.000014 -0.707107 0.707107 50.709320 -49.289703 0.005730 0.707107 0.707107 0.000031 50.711266 0.005861 -49.287746 0.707107 -0.000044 0.707107 
52.000000 -49.500000 -51.500000 52.000000 53.000000 53.000000
0.000099 -49.994308 -49.997894 0.000014 0.707107 -0.707107 50.709320 -49.289703 0.005730 0.707107 0.707107 0.000031 50.711266 0.005861 -49.287746 0.707107 -0.000044 0.707107 
52.000000 4.000000 55.500000 52.000000 54.000000 53.000000
50.710232 0.002586 49.301529 0.707107 0.000019 -0.707107 
52.000000 -49.500000 55.500000 52.000000 53.000000 53.000000
0.006645 -49.997276 50.005562 0.000030 0.707107 0.707107 50.709320 -49.289703 0.005730 0.707107 0.707107 0.000031 50.710232 0.002586 49.301529 0.707107 0.000019 -0.707107 
52.000000 -49.500000 55.500000 52.000000 53.000000 53.000000
0.006645 -49.997276 50.005562 -0.000030 -0.707107 -0.707107 50.709320 -49.289703 0.005730 0.707107 0.707107 0.000031 50.710232 0.002586 49.301529 0.707107 0.000019 -0.707107 
52.000000 4.000000 2.000000 52.000000 54.000000 54.000000

52.000000 57.500000 2.000000 52.000000 53.000000 54.000000
50.712173 49.298172 0.008035 0.707107 -0.707107 -0.000048 
52.000000 57.500000 55.500000 52.000000 53.000000 53.000000
0.003380 50.003712 50.005444 -0.000011 0.707107 -0.707107 50.712173 49.298172 0.008035 0.707107 -0.707107 -0.000048 50.710232 0.002586 49.301529 0.707107 0.000019 -0.707107 
52.000000 57.500000 55.500000 52.000000 53.000000 53.000000
0.003380 50.003712 50.005444 0.000011 -0.707107 0.707107 50.712173 49.298172 0.008035 0.707107 -0.707107 -0.000048 50.710232 0.002586 49.301529 0.707107 0.000019 -0.707107 
52.000000 4.000000 -51.500000 52.000000 54.000000 53.000000
50.711266 0.005861 -49.287746 0.707107 -0.000044 0.707107 
52.000000 57.500000 -51.500000 52.000000 53.000000 53.000000
0.004490 50.007095 -49.994133 0.000007 0.707107 0.707107 50.711266 0.005861 -49.287746 0.707107 -0.000044 0.707107 50.712173 49.298172 0.008035 0.707107 -0.707107 -0.000048 
52.000000 57.500000 -51.500000 52.000000 53.000000 53.000000
0.004490 50.007095 -49.994133 -0.000007 -0.707107 -0.707107 50.711266 0.005861 -49.287746 0.707107 -0.000044 0.707107 50.712173 49.298172 0.008035 0.707107 -0.707107 -0.000048 
11
-55.500000 58.000000 -52.000000 53.000000 52.000000 52.000000
-49.292458 0.006873 -50.704285 0.707107 -0.000011 -0.707107 -49.290092 49.298416 0.003221 0.707107 -0.707107 -0.000006 0.004497 50.714203 -49.287025 0.000007 0.707107 0.707107 
-55.500000 58.000000 56.000000 53.000000 52.000000 52.000000
-49.290092 49.298416 0.003221 0.707107 -0.707107 -0.000006 -49.285992 0.003896 50.709480 0.707107 0.000028 0.707107 0.003369 50.710819 49.298336 -0.000011 0.707107 -0.707107 
-2.000000 4.500000 2.000000 52.000000 53.000000 52.000000

-2.000000 58.000000 55.500000 54.000000 52.000000 53.000000
0.003369 50.710819 49.298336 -0.000011 0.707107 -0.707107 
51.500000 58.000000 55.500000 53.000000 52.000000 53.000000
0.003369 50.710819 49.298336 -0.000011 0.707107 -0.707107 49.297958 50.712387 0.008132 -0.707107 0.707107 0.000048 50.003124 0.002567 50.008636 -0.707107 -0.000019 0.707107 
51.500000 58.000000 55.500000 53.000000 52.000000 53.000000
0.003369 50.710819 49.298336 -0.000011 0.707107 -0.707107 49.297958 50.712387 0.008132 -0.707107 0.707107 0.000048 50.003124 0.002567 50.008636 0.707107 0.000019 -0.707107 
-1.500000 57.500000 2.000000 53.000000 53.000000 54.000000

51.500000 58.000000 2.000000 53.000000 52.000000 54.000000
49.297958 50.712387 0.008132 -0.707107 0.707107 0.000048 
-2.000000 58.000000 -51.500000 54.000000 52.000000 53.000000
0.004497 50.714203 -49.287025 0.000007 0.707107 0.707107 
51.500000 58.000000 -51.500000 53.000000 52.000000 53.000000
0.004497 50.714203 -49.287025 0.000007 0.707107 0.707107 50.004158 0.005905 -49.994854 -0.707107 0.000044 -0.707107 49.297958 50.712387 0.008132 -0.707107 0.707107 0.000048 
51.500000 58.000000 -51.500000 53.000000 52.000000 53.000000
0.004497 50.714203 -49.287025 0.000007 0.707107 0.707107 50.004158 0.005905 -49.994854 0.707107 -0.000044 0.707107 49.297958 50.712387 0.008132 -0.707107 0.707107 0.000048 
13
-2.000000 -50.000000 -51.500000 54.000000 52.000000 53.000000
0.000085 -50.701416 -49.290787 -0.000014 -0.707107 0.707107 
-55.500000 -50.000000 -51.500000 53.000000 52.000000 53.000000
-49.288361 -50.701881 0.001970 0.707107 -0.707107 0.000001 -49.999565 0.006884 -49.997177 0.707107 -0.000011 -0.707107 0.000085 -50.701416 -49.290787 -0.000014 -0.707107 0.707107 
-55.500000 -50.000000 -51.500000 53.000000 52.000000 53.000000
-49.288361 -50.701881 0.001970 0.707107 -0.707107 0.000001 -49.999565 0.006884 -49.997177 -0.707107 0.000011 0.707107 0.000085 -50.701416 -49.290787 -0.000014 -0.707107 0.707107 
51.500000 -50.000000 2.000000 53.000000 52.000000 54.000000
49.295105 -50.703918 0.005668 -0.707107 -0.707107 -0.000031 
51.500000 -50.000000 -51.500000 53.000000 52.000000 53.000000
0.000085 -50.701416 -49.290787 -0.000014 -0.707107 0.707107 49.295105 -50.703918 0.005668 -0.707107 -0.707107 -0.000031 50.004158 0.005905 -49.994854 -0.707107 0.000044 -0.707107 
51.500000 -50.000000 -51.500000 53.000000 52.000000 53.000000
0.000085 -50.701416 -49.290787 -0.000014 -0.707107 0.707107 49.295105 -50.703918 0.005668 -0.707107 -0.707107 -0.000031 50.004158 0.005905 -49.994854 0.707107 -0.000044 0.707107 
-2.000000 -50.000000 2.000000 54.000000 52.000000 54.000000

-55.500000 -50.000000 2.000000 53.000000 52.000000 54.000000
-49.288361 -50.701881 0.001970 0.707107 -0.707107 0.000001 
-55.500000 -50.000000 55.500000 53.000000 52.000000 53.000000
-49.288361 -50.701881 0.001970 0.707107 -0.707107 0.000001 -49.993099 0.003868 50.002373 -0.707107 -0.000028 -0.707107 0.006615 -50.704384 49.298454 -0.000030 -0.707107 -0.707107 
-55.500000 -50.000000 55.500000 53.000000 52.000000 53.000000
-49.288361 -50.701881 0.001970 0.707107 -0.707107 0.000001 -49.993099 0.003868 50.002373 0.707107 0.000028 0.707107 0.006615 -50.704384 49.298454 -0.000030 -0.707107 -0.707107 
-2.000000 -50.000000 55.500000 54.000000 52.000000 53.000000
0.006615 -50.704384 49.298454 -0.000030 -0.707107 -0.707107 
51.500000 -50.000000 55.500000 53.000000 52.000000 53.000000
0.006615 -50.704384 49.298454 -0.000030 -0.707107 -0.707107 49.295105 -50.703918 0.005668 -0.707107 -0.707107 -0.000031 50.003124 0.002567 50.008636 -0.707107 -0.000019 0.707107 
51.500000 -50.000000 55.500000 53.000000 52.000000 53.000000
0.006615 -50.704384 49.298454 -0.000030 -0.707107 -0.707107 49.295105 -50.703918 0.005668 -0.707107 -0.707107 -0.000031 50.003124 0.002567 50.008636 0.707107 0.000019 -0.707107 
12
51.500000 4.000000 -52.000000 53.000000 54.000000 52.000000
49.297050 0.005949 -50.701962 -0.707107 0.000044 -0.707107 
51.500000 57.500000 -52.000000 53.000000 53.000000 52.000000
0.004483 49.299988 -50.701241 -0.000007 -0.707107 -0.707107 49.297050 0.005949 -50.701962 -0.707107 0.000044 -0.707107 50.005066 50.005280 0.008083 -0.707107 0.707107 0.000048 
51.500000 57.500000 -52.000000 53.000000 53.000000 52.000000
0.004483 49.299988 -50.701241 -0.000007 -0.707107 -0.707107 49.297050 0.005949 -50.701962 -0.707107 0.000044 -0.707107 50.005066 50.005280 0.008083 0.707107 -0.707107 -0.000048 
-2.000000 -49.500000 -52.000000 54.000000 53.000000 52.000000
0.000114 -49.287201 -50.705002 0.000014 0.707107 -0.707107 
51.500000 -49.500000 -52.000000 53.000000 53.000000 52.000000
0.000114 -49.287201 -50.705002 0.000014 0.707107 -0.707107 50.002213 -49.996811 0.005699 -0.707107 -0.707107 -0.000031 49.297050 0.005949 -50.701962 -0.707107 0.000044 -0.707107 
51.500000 -49.500000 -52.000000 53.000000 53.000000 52.000000
0.000114 -49.287201 -50.705002 0.000014 0.707107 -0.707107 50.002213 -49.996811 0.005699 0.707107 0.707107 0.000031 49.297050 0.005949 -50.701962 -0.707107 0.000044 -0.707107 
-2.000000 4.000000 -52.000000 54.000000 54.000000 52.000000

-55.500000 57.500000 -52.000000 53.000000 53.000000 52.000000
-49.292458 0.006873 -50.704285 0.707107 -0.000011 -0.707107 -49.290092 49.298416 0.003221 0.707107 -0.707107 -0.000006 0.004483 49.299988 -50.701241 -0.000007 -0.707107 -0.707107 
-2.000000 57.500000 -52.000000 54.000000 53.000000 52.000000
0.004483 49.299988 -50.701241 -0.000007 -0.707107 -0.707107 
-55.500000 4.000000 -52.000000 53.000000 54.000000 52.000000
-49.292458 0.006873 -50.704285 0.707107 -0.000011 -0.707107 
-55.500000 -49.500000 -52.000000 53.000000 53.000000 52.000000
-49.995468 -49.994774 0.001968 -0.707107 0.707107 -0.000001 -49.292458 0.006873 -50.704285 0.707107 -0.000011 -0.707107 0.000114 -49.287201 -50.705002 0.000014 0.707107 -0.707107 
-55.500000 -49.500000 -52.000000 53.000000 53.000000 52.000000
-49.995468 -49.994774 0.001968 0.707107 -0.707107 0.000001 -49.292458 0.006873 -50.704285 0.707107 -0.000011 -0.707107 0.000114 -49.287201 -50.705002 0.000014 0.707107 -0.707107 
12
51.500000 4.000000 56.000000 53.000000 54.000000 52.000000
49.296017 0.002548 50.715744 -0.707107 -0.000019 0.707107 
51.500000 57.500000 56.000000 53.000000 53.000000 52.000000
0.003391 49.296604 50.712551 0.000011 -0.707107 0.707107 50.005066 50.005280 0.008083 -0.707107 0.707107 0.000048 49.296017 0.002548 50.715744 -0.707107 -0.000019 0.707107 
51.500000 57.500000 56.000000 53.000000 53.000000 52.000000
0.003391 49.296604 50.712551 0.000011 -0.707107 0.707107 50.005066 50.005280 0.008083 0.707107 -0.707107 -0.000048 49.296017 0.002548 50.715744 -0.707107 -0.000019 0.707107 
-2.000000 -49.500000 56.000000 54.000000 53.000000 52.000000
0.006675 -49.290169 50.712669 0.000030 0.707107 0.707107 
51.500000 -49.500000 56.000000 53.000000 53.000000 52.000000
0.006675 -49.290169 50.712669 0.000030 0.707107 0.707107 50.002213 -49.996811 0.005699 -0.707107 -0.707107 -0.000031 49.296017 0.002548 50.715744 -0.707107 -0.000019 0.707107 
51.500000 -49.500000 56.000000 53.000000 53.000000 52.000000
0.006675 -49.290169 50.712669 0.000030 0.707107 0.707107 50.002213 -49.996811 0.005699 0.707107 0.707107 0.000031 49.296017 0.002548 50.715744 -0.707107 -0.000019 0.707107 
-2.000000 4.000000 56.000000 54.000000 54.000000 52.000000

-55.500000 57.500000 56.000000 53.000000 53.000000 52.000000
-49.290092 49.298416 0.003221 0.707107 -0.707107 -0.000006 -49.285992 0.003896 50.709480 0.707107 0.000028 0.707107 0.003391 49.296604 50.712551 0.000011 -0.707107 0.707107 
-2.000000 57.500000 56.000000 54.000000 53.000000 52.000000
0.003391 49.296604 50.712551 0.000011 -0.707107 0.707107 
-55.500000 4.000000 56.000000 53.000000 54.000000 52.000000
-49.285992 0.003896 50.709480 0.707107 0.000028 0.707107 
-55.500000 -49.500000 56.000000 53.000000 53.000000 52.000000
-49.995468 -49.994774 0.001968 -0.707107 0.707107 -0.000001 -49.285992 0.003896 50.709480 0.707107 0.000028 0.707107 0.006675 -49.290169 50.712669 0.000030 0.707107 0.707107 
-55.500000 -49.500000 56.000000 53.000000 53.000000 52.000000
-49.995468 -49.994774 0.001968 0.707107 -0.707107 0.000001 -49.285992 0.003896 50.709480 0.707107 0.000028 0.707107 0.006675 -49.290169 50.712669 0.000030 0.707107 0.707107 
2
-56.000000 58.000000 -51.500000 52.000000 52.000000 53.000000
-50.706673 0.006894 -49.290070 -0.707107 0.000011 0.707107 -49.290092 49.298416 0.003221 0.707107 -0.707107 -0.000006 0.004497 50.714203 -49.287025 0.000007 0.707107 0.707107 
-56.000000 58.000000 1.500000 52.000000 52.000000 53.000000
-49.290092 49.298416 0.003221 0.707107 -0.707107 -0.000006 
