0.4948064 0.3528702 0.7941343 
0.3937897 0.3643779 0.8438948 
0.3550197 0.3590864 0.8631442 
0.4071081 0.3606768 0.8391516 
0.6005942 0.2883124 0.7457631 
0.3971481 0.3678338 0.8408161 
0.007033731 0.02599652 0.9996373 
-0.0123319 -0.1911581 0.9814818 
0.4489731 0.3783678 0.8094819 
0.7608483 -0.02253325 0.6485385 
0.7573688 -0.1116036 0.6433795 
0.7587622 -0.08989166 0.6451352 
0.75835 -0.02330645 0.6514309 
0.7396734 0.08303947 0.6678231 
0.6770568 0.2152067 0.7037615 
-0.5231334 0.1186709 0.8439482 
-0.3311343 0.3025994 0.893747 
-0.1183967 0.1938928 0.973852 
-0.006349528 0.01808806 0.9998162 
0.02562815 -0.155097 0.9875668 
-0.5818734 0.3801208 0.7189795 
-0.148205 0.7170011 0.6811348 
0.2283082 0.5484868 0.8043864 
0.2727807 0.3046198 0.9125773 
0.1561993 0.09438357 0.9832057 
-0.7073855 0.2180185 0.6723642 
-0.6581774 -0.2502004 0.710072 
-0.4399558 -0.4858977 0.7552101 
-0.2157408 -0.5083844 0.8336673 
-0.06976181 -0.420545 0.9045857 
-0.554805 -0.01086923 0.8319094 
-0.1629666 -0.0705886 0.9841032 
0.1573101 0.1301039 0.9789415 
0.2879156 0.3781527 0.8798324 
0.2422383 0.6616123 0.7096405 
0.7450122 0.04323512 0.6656482 
0.7506396 -0.1328136 0.6472254 
0.7241591 -0.2410284 0.6461416 
0.7235228 -0.243483 0.645934 
0.7508187 -0.1360431 0.6463463 
-0.6019109 0.1934201 0.774785 
-0.5044665 0.2656577 0.821547 
-0.2853 0.2834935 0.9155519 
-0.02893307 0.06514935 0.997456 
0.02941207 -0.2019757 0.9789488 
-0.6423365 0.1311191 0.7551236 
-0.6922143 -0.001377034 0.7216908 
-0.6417364 -0.310408 0.7012997 
-0.2830958 -0.5346895 0.7962185 
-0.04505442 -0.4109266 0.9105545 
0.4264007 0.3673985 0.8265595 
0.06841718 0.1618986 0.9844328 
0.0236495 0.07295085 0.9970551 
0.1920588 0.2977147 0.9351361 
0.5867321 0.3077934 0.7490051 
-0.5847839 0.2154199 0.7820627 
-0.4377568 0.2930087 0.8500088 
-0.2224756 0.2635768 0.938633 
-0.01890721 0.0466262 0.9987335 
0.01746665 -0.2641326 0.9643282 
0.1480058 0.008665988 0.9889485 
0.4988454 0.1038407 0.8604478 
0.6115215 0.1799058 0.7705033 
0.6518145 0.2243663 0.7244292 
0.6634914 0.244165 0.7072217 
-0.6538877 0.1028579 0.7495672 
-0.6951202 -0.1048063 0.7112128 
-0.5706273 -0.4002339 0.7170756 
-0.2396861 -0.5233065 0.8177413 
-0.009485321 -0.3428035 0.9393592 
0.2202171 0.9254906 0.3081747 
0.7241809 0.4247747 0.5432572 
0.693958 0.2855931 0.6609531 
0.6625619 0.2381693 0.7101318 
0.6499538 0.226349 0.7254835 
0.01907983 -0.08349181 0.9963258 
-0.2545782 0.3019403 0.9187067 
-0.416597 0.3313144 0.8465682 
-0.08095606 0.1640072 0.9831316 
0.01201965 -0.2569019 0.9663627 
0.6522785 0.2354875 0.7204708 
0.6387044 0.2178211 0.7379774 
0.6140453 0.1913821 0.7657162 
0.5687221 0.1533763 0.8081033 
0.4778821 0.099539 0.8727661 
0.6555997 0.2412725 0.7155254 
0.6545109 0.2405764 0.7167555 
0.6537999 0.2400876 0.7175678 
0.6531526 0.239606 0.7183179 
0.6523135 0.2389503 0.7192982 
0.6505002 0.2372958 0.7214847 
0.6492922 0.2361302 0.7229537 
0.6488723 0.2357038 0.7234697 
0.6489741 0.2357501 0.7233633 
0.649733 0.2363715 0.7224787 
-0.02388555 0.000534648 0.9997146 
0.04142024 -0.01218167 0.9990675 
0.77358 -0.06909174 0.6299209 
0.7017075 0.4774583 0.52881 
0.601704 0.500954 0.6220912 
-0.1158956 -0.4546812 0.8830816 
-0.5774987 -0.3467416 0.7390977 
-0.6567982 -0.1491152 0.7391757 
-0.3554488 -0.4890663 0.7965364 
-0.01261463 -0.327947 0.9446119 
0.6583577 0.2437062 0.7121603 
0.6711402 0.2616051 0.693638 
0.6888313 0.2931135 0.6630203 
0.7089055 0.3502306 0.6122023 
0.7117108 0.4692641 0.5227419 
0.654035 0.2391512 0.7176662 
0.6545152 0.2405753 0.7167521 
0.6548551 0.2415192 0.7161238 
0.6551811 0.2423688 0.7155383 
0.6556369 0.2434737 0.7147453 
0.6568037 0.2458884 0.7128448 
0.657616 0.2474956 0.7115386 
0.6579122 0.2480588 0.7110685 
0.6578925 0.2479294 0.7111318 
0.6574654 0.2469112 0.7118806 
-0.3922891 0.8699723 0.2987597 
-0.9911135 0.02938095 0.1297335 
0.7398193 -0.07349229 0.6687797 
0.4744199 0.1045821 0.8740642 
0.4567724 0.1731683 0.8725661 
0.6641695 0.2268834 0.7123221 
0.3098246 0.3512914 0.8835174 
0.1172027 0.2243732 0.9674296 
0.03012041 0.08621998 0.9958207 
-0.01563178 -0.08235887 0.9964801 
-0.5299996 0.2517646 0.8097623 
-0.3622036 0.2968336 0.8835713 
-0.2175575 0.2590484 0.9410433 
-0.07762226 0.1419085 0.9868317 
0.0247546 -0.1031445 0.9943583 
-0.6841344 0.03381554 0.7285716 
-0.6819814 -0.2061126 0.7017257 
-0.5762624 -0.3981567 0.7137176 
-0.3754759 -0.5203613 0.7669693 
-0.1096918 -0.4693425 0.8761765 
0.2887494 -0.5560952 0.7793471 
0.04611902 -0.3981967 0.91614 
-0.007177297 -0.2650854 0.9641983 
-0.01944661 -0.1632695 0.9863898 
-0.007625387 -0.03286874 0.9994306 
-0.2209898 0.2558189 0.9411271 
0.02847593 -0.1220609 0.9921141 
0.02278541 -0.2575583 0.9659941 
0.01365741 -0.2952273 0.9553294 
0.03048601 -0.2051251 0.9782608 
-0.5766963 -0.4072321 0.7082254 
-0.07964722 -0.4521535 0.888377 
-0.003826775 -0.342692 0.93944 
0.0100061 -0.3069502 0.951673 
-0.02857946 -0.3917271 0.9196375 
0.4173302 0.3050162 0.8560377 
0.3746466 0.5010954 0.7800919 
0.1828413 0.6559969 0.7322822 
0.2306059 0.7218498 0.6524982 
0.6162562 0.4216244 0.6651775 
-0.5841689 0.1956586 0.7876957 
-0.4494137 0.2769173 0.8493198 
-0.2161589 0.2510606 0.9435274 
-0.0112734 0.02761381 0.9995551 
0.02757849 -0.2361434 0.9713268 
0.4526159 0.423412 0.7847682 
0.314484 0.2384831 0.9188175 
0.1058404 0.068353 0.9920311 
0.1446934 0.07248448 0.9868181 
0.5133194 0.2125012 0.8314725 
-0.6588618 0.1242016 0.74194 
-0.7078182 -0.07303536 0.7026088 
-0.5833254 -0.4044566 0.7043766 
-0.2388372 -0.5359538 0.8097594 
-0.02576507 -0.3882665 0.9211869 
-0.07801069 -0.4306101 0.8991603 
-0.3146437 -0.5226963 0.7923307 
-0.6009511 -0.365818 0.7106581 
-0.7005699 -0.1016686 0.706304 
-0.6757607 0.07446695 0.7333499 
-0.4915664 0.08067335 0.8670953 
0.1513945 0.0120561 0.9883999 
0.5420433 0.140634 0.8284994 
0.5841387 0.1706229 0.7935174 
0.3480431 0.05314666 0.9359708 
-0.1246587 0.001784095 0.9921981 
-0.4511614 0.06358838 0.8901742 
-0.4085828 0.04836076 0.9114391 
0.2593177 0.03116632 0.9652891 
0.5910472 0.1759097 0.7872223 
0.6092587 0.1723704 0.7740105 
0.3948462 0.01301942 0.918655 
0.1408738 -0.01134757 0.9899626 
0.1872791 0.004757511 0.9822952 
0.3582131 0.07248716 0.9308217 
0.4435848 0.1318846 0.8864756 
0.4908519 0.1607556 0.8562839 
0.5385202 0.1871514 0.8215658 
0.586006 0.2100313 0.7826135 
0.6327139 0.2283667 0.7399471 
-0.2602317 0.2765118 0.9251058 
0.02951606 -0.1627096 0.9862325 
-0.05807127 -0.4241075 0.9037481 
-0.1521458 -0.4995326 0.8528299 
-0.2010634 -0.5197377 0.830329 
0.3239124 0.04309216 0.9451052 
0.2055263 0.01766007 0.9784922 
0.08251713 0.003456434 0.9965836 
-0.1003276 0.002092578 0.9949523 
-0.4392131 0.06932864 0.8957039 
-0.6138361 0.1762659 0.7695036 
-0.5710207 0.2198939 0.7909374 
-0.5042689 0.2635143 0.8223582 
-0.3771694 0.2939532 0.8782566 
-0.09106813 0.1556794 0.9836008 
0.02592687 -0.1516698 0.9880912 
-0.04076795 0.09022238 0.9950868 
-0.2365638 0.2695587 0.933475 
-0.4314835 0.2887197 0.8546712 
-0.5543315 0.2291774 0.8001214 
-0.7107388 0.2872513 0.6421347 
0.2173509 0.9199566 0.326249 
0.7087001 0.3861769 0.5904334 
0.6984611 0.331896 0.6340325 
0.6204309 0.6604776 0.4228888 
-0.5385598 0.7560028 0.3720389 
-0.7225547 0.3299783 0.6074777 
-0.7276624 0.3781881 0.5722597 
0.4824896 0.7938194 0.3702086 
0.6960181 0.3230171 0.6412634 
0.7044368 0.2965346 0.6448536 
0.7856053 0.5060369 0.356021 
0.1090944 0.9783911 0.1756399 
0.3281787 0.9037893 0.2747063 
0.6015207 0.6495519 0.4650325 
0.6337737 0.528194 0.5651035 
0.6487122 0.4619091 0.6048245 
0.6588229 0.3959888 0.6396446 
0.6632807 0.3313998 0.6709939 
0.6616609 0.2692386 0.6997967 
-0.6178389 -0.3474103 0.7053943 
-0.06713493 -0.4335386 0.8986307 
0.02965527 -0.1771886 0.9837301 
0.01598357 -0.05330751 0.9984502 
0.0008532648 -0.002384624 0.9999968 
0.5972558 0.6959825 0.3986152 
0.3678022 0.8685844 0.3320884 
-0.007605338 0.9526842 0.3038667 
-0.52003 0.778841 0.3506785 
-0.7373096 0.3185905 0.5957136 
-0.6325601 0.150573 0.7597338 
-0.6648679 0.09271286 0.7411849 
-0.6939244 -0.0003679661 0.7200478 
-0.6904422 -0.1844077 0.6994879 
-0.4012306 -0.5183315 0.7552129 
0.5576384 0.276089 0.7828246 
0.5324125 0.3136485 0.7862325 
0.4353808 0.3531575 0.8280842 
0.2251546 0.3125522 0.9228307 
-0.01419592 -0.072088 0.9972972 
0.2076199 0.3082137 0.9283848 
0.4632267 0.363578 0.8082277 
0.5717129 0.3190059 0.7558966 
0.6186542 0.2815113 0.7334973 
0.6349123 0.2618209 0.7268674 
-0.6206995 0.1609792 0.7673446 
-0.6214325 0.1617232 0.7665946 
-0.621534 0.1625378 0.76634 
-0.6212049 0.1636252 0.7663754 
-0.6203488 0.1652945 0.7667105 
-0.6261294 0.1664956 0.7617356 
-0.6254184 0.1657485 0.7624823 
-0.6253274 0.1649127 0.762738 
-0.6256587 0.1637961 0.7627071 
-0.6264991 0.1620827 0.7623832 
0.6351508 0.2564098 0.7285859 
0.6388452 0.2504336 0.7274337 
0.6447018 0.2430285 0.7247736 
0.6534008 0.2329092 0.7202921 
0.6663143 0.2176455 0.7132011 
-0.1105801 -0.4752328 0.8728836 
-0.3839899 -0.5224014 0.7613466 
-0.5723366 -0.4077922 0.7114326 
-0.6823222 -0.2189993 0.6974782 
-0.687176 0.04111414 0.7253267 
0.6389471 0.2155996 0.7384195 
0.584236 0.1645781 0.7947216 
0.4633437 0.09323128 0.8812608 
0.1726044 0.01386018 0.9848937 
-0.3896256 0.04567603 0.91984 
0.02796336 -0.122644 0.9920567 
-0.06300256 0.1204828 0.9907141 
-0.1899949 0.2407359 0.9518131 
-0.3389048 0.2915319 0.8945126 
-0.5284983 0.2464721 0.8123675 
0.6687726 0.254606 0.698512 
0.6977513 0.3113936 0.645118 
0.7132504 0.4554944 0.5327275 
0.3483945 0.8755049 0.3348322 
-0.7335353 0.3961081 0.5522901 
0.3506851 -0.5526963 0.7560071 
0.7477351 -0.1524317 0.6462637 
0.7404312 0.06728495 0.6687559 
0.7083424 0.1543703 0.6887822 
0.684859 0.1947853 0.7021587 
