279 305
-151.9043 -55.85254 160.1789
-150.3063 -47.43347 160.8998
-146.1914 -35.6544 159.7555
-139.9004 -23.61101 156.2002
-131.7757 -14.39892 149.6883
-122.1583 -11.11357 139.6746
-117.8706 -11.89048 134.5303
-113.9203 -13.21987 129.6044
-109.9156 -14.55276 124.619
-105.4651 -15.34021 119.2957
-100.1764 -15.03329 113.3565
-92.52889 -11.36215 105.7784
-84.23988 -4.018509 98.6007
-74.84928 5.479654 90.78682
-63.89658 15.61431 81.29996
-50.92147 24.86748 69.10387
-40.93082 34.1207 60.33689
-39.09683 40.89907 60.14771
-38.74893 46.29197 61.20243
-35.16595 49.31149 57.80378
-23.62614 48.96973 44.2537
-17.00017 47.99334 36.28442
-9.564672 47.11245 27.41658
-1.57634 46.86694 18.10834
6.70807 47.79699 8.816973
15.03183 50.44275 6.849638E-12
28.98125 62.46195 -12.53857
36.01254 79.10042 -15.76358
41.83885 97.07264 -17.21674
52.17382 113.0931 -24.4397
72.73037 123.8769 -44.97408
81.44384 107.0958 -60.17638
84.65945 79.33184 -72.40576
83.79111 47.26041 -81.22957
80.25318 17.55676 -86.21593
75.4601 -3.103514 -86.93197
61.18938 -24.28854 -76.70733
37.18374 -43.13011 -54.47296
7.838259 -59.50438 -25.36755
-22.45158 -73.28742 5.46967
-49.2905 -84.35507 32.89984
-63.3385 -90.02624 47.14214
-78.2423 -95.86868 62.24231
-93.30637 -101.5473 77.54624
-107.8351 -106.7261 92.40038
-121.1336 -111.07 106.1501
-134.2397 -114.7976 119.9675
-154.0096 -119.106 141.2644
-175.0648 -121.0194 164.7688
-192.0266 -117.5616 185.2094
-199.5167 -105.7569 197.3138
-196.5955 -90.92275 198.4276
-187.7501 -78.64397 192.1109
-175.6045 -68.79206 181.5235
-162.7812 -61.23776 169.8263
-34.0032 21.02963 80.13056
-22.67804 10.6804 87.83053
-14.69317 -2.396053 91.4048
-9.74464 -16.49306 91.69126
-7.528602 -29.90413 89.52755
-5.353088 -39.424 88.68813
-1.702948 -43.75322 91.12243
2.173005 -46.83571 94.23616
5.025946 -52.61543 95.43526
5.607091 -65.03654 92.12595
4.339866 -72.03149 88.66611
0.04364237 -79.16851 82.25178
-9.10871 -84.73984 71.64442
-24.94436 -87.03795 55.60653
-113.8906 -15.041 146.3071
-105.1553 -22.19971 152.2929
-97.184 -31.69126 156.7486
-91.20742 -42.6176 158.7899
-88.45645 -54.08 157.5324
-83.26374 -59.59757 160.6423
-81.90771 -67.07277 159.3685
-83.00365 -75.07661 155.542
-85.16736 -82.18061 150.9949
-87.01466 -86.95577 147.5587
-89.0007 -95.49107 142.6601
-94.52544 -103.0072 134.7164
-102.4691 -108.6671 125.0816
-111.7117 -111.6337 115.1084
-85.32378 -19.80608 126.0867
-75.34106 -25.06309 133.9164
-69.24877 -31.1168 137.6893
-66.06771 -38.27968 138.2495
-64.81767 -46.86387 136.4408
-80.91136 -47.79827 145.1761
-77.60538 -45.5488 138.7581
-75.7079 -45.71827 136.4093
-72.38886 -46.6944 136.2598
-49.49709 -37.6064 133.1182
-35.80058 -22.31122 123.9186
-28.37478 -4.471527 109.6466
-31.86611 12.41917 91.10682
-142.848 -57.28205 164.7304
-129.8501 -57.55315 166.0416
-115.0356 -56.93261 164.8128
-100.5294 -55.68615 161.7434
-72.98278 -50.85696 148.6922
-56.42496 -46.39155 136.1917
-39.5113 -41.12 121.3107
-22.96988 -35.47878 105.3294
3.899008 -25.69856 77.63891
17.70309 -20.62464 63.33056
32.30054 -15.26418 48.2368
46.10867 -10.19873 33.99168
57.54394 -6.009856 22.22979
68.29491 -2.08801 11.24667
81.22009 2.612531 -1.896852
94.8608 7.567539 -15.74538
107.7583 12.25277 -28.84352
118.4545 16.14403 -39.73581
30.11558 44.88627 12.80934
42.75072 36.42905 22.23178
52.23706 25.19017 27.63622
57.87418 11.28873 28.39194
58.96166 -5.156352 23.86788
27.15597 51.15264 -1.820716
41.10695 54.05671 -10.25928
55.97389 58.43047 -23.07989
70.84595 63.5497 -38.04672
84.81255 68.68941 -52.92416
240.1795 -46.31296 55.6951
206.3826 -56.37171 83.3175
186.1025 -58.80909 88.84429
170.3916 -56.9495 81.70266
150.303 -54.11814 71.31904
116.8893 -53.63993 67.12012
96.07757 -56.81792 75.03949
76.57344 -62.51494 90.62221
56.34714 -67.76269 104.746
33.36832 -69.59258 108.288
-180.1295 -108.0297 205.6387
-157.7751 -106.2346 201.6957
-133.8639 -101.4234 188.6149
-109.8068 -94.64653 169.526
-76.46208 -83.14701 137.3599
-66.08384 -79.42733 128.5906
-55.92499 -75.89684 121.1274
-46.03136 -72.65664 114.8477
-36.448 -69.80736 109.6284
-24.46003 -67.3815 104.8261
-16.15649 -67.17056 103.242
-9.641446 -67.69536 102.3089
-3.01888 -67.47699 99.45933
15.1946 -58.47705 79.08582
17.79072 -50.35059 69.17811
20.78676 -39.60141 58.80064
31.57402 -25.1733 44.352
101.7139 -9.912474 -64.26701
134.6007 -18.47101 -35.80211
170.8324 -27.94598 -4.407091
207.1214 -37.50451 27.0487
233.1203 -34.24538 53.13152
216.3571 -21.18075 41.55981
190.9509 -7.904307 21.72649
157.963 4.798976 -5.620992
116.0522 36.71399 -34.66675
110.196 51.05869 -35.12909
102.1765 60.37299 -39.44474
93.28512 65.85165 -45.93587
83.97798 74.30477 -51.7207
83.37383 87.36461 -47.67616
81.97862 103.1355 -43.43834
78.7712 116.884 -41.65479
-64.18764 28.95616 53.82093
-75.66208 24.59425 41.64813
-83.69382 15.7238 31.26195
-88.58009 4.20951 22.97585
-90.61939 -8.083994 17.10328
-92.75725 -16.47122 12.50429
-96.66278 -18.81618 8.352563
-100.8796 -19.77354 4.412544
-103.9498 -23.99788 0.4487834
-104.417 -36.14387 -3.774259
-103.1055 -43.81594 -4.986317
-98.86797 -53.19398 -3.962419
-89.77332 -63.55712 1.334925
-73.89108 -74.18445 12.94318
-130.3969 -10.70636 131.9196
-139.0098 -13.30939 122.7845
-146.7686 -18.67021 113.5293
-152.4447 -26.53645 105.4136
-154.8096 -36.65536 99.69715
-159.8454 -39.48698 93.89184
-160.9047 -46.32781 90.51238
-159.4532 -55.00058 88.90649
-156.9562 -63.32851 88.42189
-154.8787 -69.13434 88.40627
-152.6822 -78.76788 87.1534
-147.2468 -89.16224 88.76314
-139.5351 -98.9335 92.77389
-130.5098 -106.6972 98.72359
-115.0958 -11.98781 100.1367
-125.0563 -12.00763 90.58304
-131.0241 -14.89429 83.84435
-133.9653 -20.44938 79.06816
-134.8452 -28.47437 75.40301
-141.9331 -31.7737 91.98771
-135.4785 -30.35085 88.31411
-133.4659 -30.55078 86.06567
-133.9149 -30.53747 82.63219
-130.4092 -16.35863 62.59303
-118.422 -0.6144614 51.90349
-100.2606 14.40599 46.9888
-77.30151 24.35067 51.50413
-157.5012 -53.43411 151.9583
-160.0453 -49.62381 139.723
-160.0814 -45.10336 125.5496
-158.1548 -40.55347 111.5154
-146.9061 -31.44422 84.25856
-135.2581 -25.6896 67.47853
-121.1428 -19.6832 50.15834
-105.8376 -13.71735 33.09952
-79.1488 -3.889715 5.252045
-65.34476 1.184133 -9.056384
-50.78426 6.55424 -24.18227
-37.04346 11.63732 -38.48576
-25.69907 15.85011 -50.32704
-15.10981 19.81443 -61.45126
-2.441121 24.58232 -74.81831
10.90568 29.61459 -88.92288
23.52927 34.37184 -102.26
34.02829 38.31475 -113.324
-0.1196439 52.82611 -13.5445
-12.55168 50.95168 -25.97146
-21.62601 44.58701 -36.74496
-26.70438 33.49939 -45.3289
-27.14829 17.45649 -51.18797
15.90382 54.10739 -11.62852
23.63804 58.64397 -25.48567
35.91731 63.69741 -40.56166
50.42483 68.91238 -55.8464
64.84301 73.93357 -70.33011
-86.28429 39.41785 -228.8602
-112.3392 27.32595 -194.4896
-116.4081 20.63163 -174.8324
-107.5942 16.05082 -160.5978
-95.00083 10.29962 -142.4947
-87.73069 0.09416755 -111.2325
-94.24332 -6.838835 -90.84953
-108.9073 -13.80687 -71.04794
-121.9835 -20.93222 -50.6921
-123.733 -28.33715 -28.64614
-209.6771 -100.2703 179.884
-206.9153 -93.33018 158.8636
-194.6091 -85.47123 135.6677
-176.1377 -77.22778 111.7102
-145.0511 -65.13536 77.57568
-136.5955 -60.91059 67.13062
-129.4187 -56.59699 57.06829
-123.4286 -52.33178 47.38611
-118.5326 -48.25139 38.08128
-114.3808 -43.76806 26.44864
-113.588 -41.58464 18.31798
-113.4595 -40.43213 11.81816
-111.3006 -39.04153 5.077837
-91.00032 -30.5897 -13.47671
-79.46471 -24.81091 -15.5926
-66.76582 -16.60982 -17.51253
-49.85881 -3.788697 -26.62707
49.65325 3.758848 -109.6445
17.4903 12.28267 -137.8788
-17.94383 21.62744 -168.9498
-53.5639 30.9527 -200.172
-79.71354 47.9063 -219.5433
-63.35975 52.27418 -202.2495
-38.26022 52.28749 -178.0605
-5.451904 47.71251 -148.0581
35.32877 57.91232 -105.0276
40.43801 69.37753 -95.93216
47.9785 74.60583 -86.68544
56.57267 75.49261 -77.93536
65.22931 79.22842 -68.06272
64.80512 92.2409 -63.86125
64.97664 107.6004 -58.25766
67.14957 119.936 -51.78445
14 15
13 14
12 13
11 12
10 11
15 16
16 17
17 18
18 19
19 20
20 21
21 22
22 23
23 24
24 25
15 55
55 56
56 57
57 58
58 59
15 95
94 95
93 94
92 93
87 92
15 167
167 168
168 169
169 170
170 171
15 207
206 207
205 206
204 205
199 204
9 10
8 9
7 8
6 7
5 6
10 83
83 84
84 85
85 86
86 87
10 195
195 196
196 197
197 198
198 199
25 26
26 27
27 28
28 29
29 30
25 114
114 115
115 116
116 117
117 118
25 119
119 120
120 121
121 122
122 123
25 226
226 227
227 228
228 229
229 230
25 231
231 232
232 233
233 234
234 235
59 60
60 61
61 62
62 63
63 64
59 103
102 103
101 102
100 101
73 100
59 104
104 105
105 106
106 107
107 108
108 109
109 110
110 111
111 112
112 113
87 91
90 91
89 90
88 89
73 88
171 172
172 173
173 174
174 175
175 176
171 215
214 215
213 214
212 213
185 212
171 216
216 217
217 218
218 219
219 220
220 221
221 222
222 223
223 224
224 225
199 203
202 203
201 202
200 201
185 200
4 5
3 4
2 3
1 2
0 1
5 69
69 70
70 71
71 72
72 73
5 181
181 182
182 183
183 184
184 185
30 31
31 32
32 33
33 34
34 35
30 166
165 166
164 165
163 164
123 163
30 278
277 278
276 277
275 276
235 275
118 150
149 150
148 149
147 148
64 147
123 162
161 162
160 161
159 160
113 159
230 262
261 262
260 261
259 260
176 259
235 274
273 274
272 273
271 272
225 271
64 65
65 66
66 67
67 68
40 68
64 133
132 133
131 132
130 131
129 130
128 129
127 128
126 127
125 126
124 125
64 146
145 146
144 145
143 144
142 143
141 142
140 141
139 140
138 139
78 138
73 74
74 75
75 76
76 77
77 78
73 99
98 99
97 98
96 97
0 96
113 158
157 158
156 157
155 156
124 155
176 177
177 178
178 179
179 180
40 180
176 245
244 245
243 244
242 243
241 242
240 241
239 240
238 239
237 238
236 237
176 258
257 258
256 257
255 256
254 255
253 254
252 253
251 252
250 251
190 250
185 186
186 187
187 188
188 189
189 190
185 211
210 211
209 210
208 209
0 208
225 270
269 270
268 269
267 268
236 267
0 54
53 54
52 53
51 52
50 51
35 36
36 37
37 38
38 39
39 40
35 151
151 152
152 153
153 154
124 154
35 263
263 264
264 265
265 266
236 266
40 41
41 42
42 43
43 44
44 45
78 79
79 80
80 81
81 82
45 82
78 137
136 137
135 136
134 135
50 134
190 191
191 192
192 193
193 194
45 194
190 249
248 249
247 248
246 247
50 246
49 50
48 49
47 48
46 47
45 46
