-0.05654247 -0.8603953 -0.5064809 -0.05654247 -0.8603953 -0.5064809 0.05654247 0.8603953 0.5064809
-0.05654246 -0.8603953 -0.5064809 -0.05654247 -0.8603953 -0.5064809 0.05654247 0.8603953 0.5064809
0.08724532 -0.4923717 0.8660014 0.08827855 -0.4893908 0.8675849 -0.08827855 0.4893908 -0.8675849
0.08931069 -0.4864037 0.8691577 0.08827855 -0.4893908 0.8675849 -0.08827855 0.4893908 -0.8675849
0.05089495 0.8587859 0.5098006 0.05089495 0.8587859 0.5098006 -0.05089495 -0.8587859 -0.5098006
0.05089495 0.8587859 0.5098006 0.05089495 0.8587859 0.5098006 -0.05089495 -0.8587859 -0.5098006
-0.1180765 0.4910675 -0.8630821 -0.1190679 0.4870758 -0.8652052 0.1190679 -0.4870758 0.8652052
-0.1200568 0.4830737 -0.8673097 -0.1190679 0.4870758 -0.8652052 0.1190679 -0.4870758 0.8652052
-0.05548437 -0.8624933 -0.5030177 -0.05548437 -0.8624933 -0.5030177 0.05548437 0.8624933 0.5030177
-0.05548437 -0.8624933 -0.5030177 -0.05548437 -0.8624933 -0.5030177 0.05548437 0.8624933 0.5030177
0.05093728 0.8589534 0.509514 0.05093728 0.8589534 0.509514 -0.05093728 -0.8589534 -0.509514
0.05093728 0.8589534 0.509514 0.05093728 0.8589534 0.509514 -0.05093728 -0.8589534 -0.509514
0.05209405 0.861139 0.5056934 0.05209405 0.8611391 0.5056934 -0.05209405 -0.8611391 -0.5056934
0.05209405 0.8611391 0.5056934 0.05209405 0.8611391 0.5056934 -0.05209405 -0.8611391 -0.5056934
-0.1660558 0.509482 -0.8443066 -0.1660558 0.509482 -0.8443066 0.1660558 -0.509482 0.8443066
-0.1660558 0.509482 -0.8443066 -0.1660558 0.509482 -0.8443066 0.1660558 -0.509482 0.8443066
-0.05138662 -0.8591732 -0.5090982 -0.05138662 -0.8591732 -0.5090982 0.05138662 0.8591732 0.5090982
-0.05138661 -0.8591731 -0.5090982 -0.05138662 -0.8591732 -0.5090982 0.05138662 0.8591732 0.5090982
0.05068095 0.8587708 0.5098473 0.05068096 0.8587707 0.5098473 -0.05068096 -0.8587707 -0.5098473
0.05068096 0.8587707 0.5098473 0.05068096 0.8587707 0.5098473 -0.05068096 -0.8587707 -0.5098473
0.05288854 0.8603416 0.5069666 0.05288853 0.8603416 0.5069666 -0.05288853 -0.8603416 -0.5069666
0.05288852 0.8603416 0.5069667 0.05288853 0.8603416 0.5069666 -0.05288853 -0.8603416 -0.5069666
0.05161611 0.8590353 0.5093076 0.05161611 0.8590353 0.5093076 -0.05161611 -0.8590353 -0.5093076
0.05161611 0.8590353 0.5093076 0.05161611 0.8590353 0.5093076 -0.05161611 -0.8590353 -0.5093076
-0.166171 0.5088848 -0.844644 -0.166171 0.5088849 -0.844644 0.166171 -0.5088849 0.844644
-0.166171 0.5088849 -0.844644 -0.166171 0.5088849 -0.844644 0.166171 -0.5088849 0.844644
-0.9840446 -0.0437415 0.1724613 -0.9840446 -0.0437415 0.1724613 0.9840446 0.0437415 -0.1724613
-0.9840446 -0.04374149 0.1724613 -0.9840446 -0.0437415 0.1724613 0.9840446 0.0437415 -0.1724613
-0.157187 0.515655 -0.8422542 -0.1569263 0.5154306 -0.8424402 0.1569263 -0.5154306 0.8424402
-0.1566657 0.5152062 -0.8426259 -0.1569263 0.5154306 -0.8424402 0.1569263 -0.5154306 0.8424402
0.05226419 0.8605829 0.5066216 0.05226419 0.8605829 0.5066216 -0.05226419 -0.8605829 -0.5066216
0.05226419 0.8605829 0.5066216 0.05226419 0.8605829 0.5066216 -0.05226419 -0.8605829 -0.5066216
0.05198862 0.8586238 0.5099632 0.05198862 0.8586238 0.5099632 -0.05198862 -0.8586238 -0.5099632
0.05198861 0.8586238 0.5099631 0.05198862 0.8586238 0.5099632 -0.05198862 -0.8586238 -0.5099632
0.2044936 -0.4795908 0.8533317 0.2057837 -0.4818988 0.8517198 -0.2057837 0.4818988 -0.8517198
0.2070717 -0.4842022 0.8500997 0.2057837 -0.4818988 0.8517198 -0.2057837 0.4818988 -0.8517198
0.04957331 0.8597774 0.5082572 0.04957331 0.8597774 0.5082572 -0.04957331 -0.8597774 -0.5082572
0.04957331 0.8597774 0.5082572 0.04957331 0.8597774 0.5082572 -0.04957331 -0.8597774 -0.5082572
-0.5834818 -0.4313501 0.6881032 -0.5834818 -0.4313501 0.6881032 0.5834818 0.4313501 -0.6881032
-0.5873463 -0.4232063 0.6898702 -0.5873463 -0.4232063 0.6898702 0.5873463 0.4232063 -0.6898702
-0.8386385 0.2992629 -0.4551124 -0.8386385 0.2992629 -0.4551124 0.8386385 -0.2992629 0.4551124
-0.8380134 0.3011248 -0.4550357 -0.8380134 0.3011248 -0.4550357 0.8380134 -0.3011248 0.4550357
-0.9884275 -0.04487776 0.1449039 -0.9884275 -0.04487776 0.1449039 0.9884275 0.04487776 -0.1449039
-0.9884862 -0.04383106 0.1448235 -0.9884862 -0.04383106 0.1448235 0.9884862 0.04383106 -0.1448235
