35 44
-0.291721 -0.115778 -0.191511
-0.28381 -0.158217 -0.1203
-0.21127 -0.223177 -0.018046
-0.113001 -0.252647 0.0217873
0.0277328 -0.268577 0.0345723
0.138009 -0.247608 -0.0118024
0.248109 -0.190918 -0.118379
0.281585 -0.146535 -0.196464
0.274075 -0.091878 -0.28778
-0.259917 -0.0427351 -0.153186
-0.200105 0.0760761 -0.0928421
-0.169604 0.125549 -0.0688663
-0.123631 0.182945 -0.0432617
-0.0727907 0.224554 -0.0281526
-0.00526669 0.246731 -0.0280507
0.0359948 0.238271 -0.0412653
0.0999958 0.192237 -0.0815913
0.127465 0.163256 -0.104462
0.179093 0.0915734 -0.157867
0.23855 -0.0159573 -0.234669
-0.114376 0.171627 -0.0250952
-0.0836625 0.156398 -0.00249428
-0.0523455 0.150578 0.0041483
0.00396455 0.149654 2.72785E-16
0.0407974 0.153213 -0.00974722
0.0803879 0.168138 -0.0389125
0.0972287 0.18342 -0.0664064
-0.183802 0.048825 -0.0479146
-0.132531 0.0191519 -0.00269131
-0.0785726 0.00645644 0.0133691
0.012422 0.00181273 0.011903
0.0788518 0.00865822 -0.006644249
0.149832 0.0370374 -0.0622097
0.170924 0.0577509 -0.099571
-0.00164525 0.228793 -0.0119368
0 1
1 2
0 9
9 10
2 3
3 4
10 11
11 12
10 27
27 28
4 5
5 6
28 29
29 30
12 13
13 14
12 20
20 21
6 7
7 8
30 31
31 32
21 22
22 23
14 15
15 16
14 34
23 34
8 19
18 19
32 33
18 33
23 24
24 25
16 17
17 18
16 26
25 26
25 32
6 32
21 28
2 28
23 30
4 30
