23
6
52.000000 58.000000 56.000000 54.000000 54.000000 54.000000
0.005795 50.002880 50.007462 -0.000000 -0.000000 -1.000000 50.006584 0.005045 50.008495 1.000000 0.000000 0.000000 50.006584 0.005045 50.008495 1.000000 0.000000 0.000000 
52.000000 58.000000 56.000000 54.000000 54.000000 54.000000
0.005795 50.002880 50.007462 0.000000 0.000000 1.000000 50.006584 0.005045 50.008495 1.000000 0.000000 0.000000 50.006584 0.005045 50.008495 1.000000 0.000000 0.000000 
52.000000 -50.000000 56.000000 54.000000 54.000000 54.000000
0.005222 -49.991318 50.007118 -0.000000 1.000000 -0.000000 50.006584 0.005045 50.008495 1.000000 0.000000 0.000000 0.005222 -49.991318 50.007118 -0.000000 1.000000 -0.000000 
52.000000 4.000000 56.000000 54.000000 54.000000 54.000000
50.006584 0.005045 50.008495 1.000000 0.000000 0.000000 
-2.000000 4.000000 2.000000 54.000000 54.000000 54.000000

52.000000 4.000000 2.000000 54.000000 54.000000 54.000000

8
-56.000000 58.000000 -52.000000 54.000000 54.000000 54.000000
0.008165 50.004768 -49.995865 0.000000 1.000000 0.000000 -49.995148 0.002558 -49.997688 -1.000000 0.000000 0.000000 0.008165 50.004768 -49.995865 0.000000 1.000000 0.000000 
-56.000000 58.000000 -52.000000 54.000000 54.000000 54.000000
0.008165 50.004768 -49.995865 0.000000 1.000000 0.000000 -49.995148 0.002558 -49.997688 1.000000 -0.000000 -0.000000 0.008165 50.004768 -49.995865 0.000000 1.000000 0.000000 
-56.000000 58.000000 2.000000 54.000000 54.000000 54.000000
0.008165 50.004768 -49.995865 0.000000 1.000000 0.000000 
-56.000000 58.000000 56.000000 54.000000 54.000000 54.000000
0.005795 50.002880 50.007462 -0.000000 -0.000000 -1.000000 0.005795 50.002880 50.007462 -0.000000 -0.000000 -1.000000 0.008165 50.004768 -49.995865 0.000000 1.000000 0.000000 
-2.000000 58.000000 2.000000 54.000000 54.000000 54.000000

-2.000000 58.000000 -52.000000 54.000000 54.000000 54.000000
0.008165 50.004768 -49.995865 0.000000 1.000000 0.000000 
52.000000 58.000000 -52.000000 54.000000 54.000000 54.000000
0.008165 50.004768 -49.995865 0.000000 1.000000 0.000000 0.004747 -49.997749 -49.997887 -0.000000 -0.000000 -1.000000 50.006584 0.005045 50.008495 -1.000000 -0.000000 -0.000000 
52.000000 58.000000 -52.000000 54.000000 54.000000 54.000000
0.008165 50.004768 -49.995865 0.000000 1.000000 0.000000 0.004747 -49.997749 -49.997887 0.000000 0.000000 1.000000 50.006584 0.005045 50.008495 -1.000000 -0.000000 -0.000000 
8
52.000000 -50.000000 -52.000000 54.000000 54.000000 54.000000
0.004747 -49.997749 -49.997887 -0.000000 -0.000000 -1.000000 0.004747 -49.997749 -49.997887 -0.000000 -0.000000 -1.000000 0.005222 -49.991318 50.007118 0.000000 -1.000000 0.000000 
52.000000 -50.000000 -52.000000 54.000000 54.000000 54.000000
0.004747 -49.997749 -49.997887 -0.000000 -0.000000 -1.000000 0.004747 -49.997749 -49.997887 -0.000000 -0.000000 -1.000000 0.005222 -49.991318 50.007118 -0.000000 1.000000 -0.000000 
52.000000 4.000000 -52.000000 54.000000 54.000000 54.000000
0.004747 -49.997749 -49.997887 -0.000000 -0.000000 -1.000000 
52.000000 58.000000 -52.000000 54.000000 54.000000 54.000000
0.008165 50.004768 -49.995865 -0.000000 -1.000000 -0.000000 0.004747 -49.997749 -49.997887 -0.000000 -0.000000 -1.000000 50.006584 0.005045 50.008495 -1.000000 -0.000000 -0.000000 
52.000000 58.000000 -52.000000 54.000000 54.000000 54.000000
0.008165 50.004768 -49.995865 -0.000000 -1.000000 -0.000000 0.004747 -49.997749 -49.997887 -0.000000 -0.000000 -1.000000 50.006584 0.005045 50.008495 1.000000 0.000000 0.000000 
-2.000000 4.000000 -52.000000 54.000000 54.000000 54.000000

-56.000000 -50.000000 -52.000000 54.000000 54.000000 54.000000
-49.995148 0.002558 -49.997688 1.000000 -0.000000 -0.000000 0.004747 -49.997749 -49.997887 -0.000000 -0.000000 -1.000000 -49.995148 0.002558 -49.997688 1.000000 -0.000000 -0.000000 
-2.000000 -50.000000 -52.000000 54.000000 54.000000 54.000000
0.004747 -49.997749 -49.997887 -0.000000 -0.000000 -1.000000 
9
-56.000000 58.000000 56.000000 54.000000 54.000000 54.000000
0.005795 50.002880 50.007462 0.000000 0.000000 1.000000 0.005795 50.002880 50.007462 0.000000 0.000000 1.000000 0.008165 50.004768 -49.995865 -0.000000 -1.000000 -0.000000 
-56.000000 58.000000 56.000000 54.000000 54.000000 54.000000
0.005795 50.002880 50.007462 0.000000 0.000000 1.000000 0.005795 50.002880 50.007462 0.000000 0.000000 1.000000 0.008165 50.004768 -49.995865 0.000000 1.000000 0.000000 
-2.000000 58.000000 56.000000 54.000000 54.000000 54.000000
0.005795 50.002880 50.007462 0.000000 0.000000 1.000000 
52.000000 58.000000 56.000000 54.000000 54.000000 54.000000
0.005795 50.002880 50.007462 0.000000 0.000000 1.000000 50.006584 0.005045 50.008495 -1.000000 -0.000000 -0.000000 50.006584 0.005045 50.008495 -1.000000 -0.000000 -0.000000 
-2.000000 4.000000 56.000000 54.000000 54.000000 54.000000

-56.000000 4.000000 56.000000 54.000000 54.000000 54.000000
0.005795 50.002880 50.007462 0.000000 0.000000 1.000000 
-56.000000 -50.000000 56.000000 54.000000 54.000000 54.000000
0.005795 50.002880 50.007462 0.000000 0.000000 1.000000 0.005222 -49.991318 50.007118 -0.000000 1.000000 -0.000000 -49.995148 0.002558 -49.997688 1.000000 -0.000000 -0.000000 
-56.000000 -50.000000 56.000000 54.000000 54.000000 54.000000
0.005795 50.002880 50.007462 0.000000 0.000000 1.000000 0.005222 -49.991318 50.007118 0.000000 -1.000000 0.000000 -49.995148 0.002558 -49.997688 -1.000000 0.000000 0.000000 
-56.000000 -50.000000 56.000000 54.000000 54.000000 54.000000
0.005795 50.002880 50.007462 0.000000 0.000000 1.000000 0.005222 -49.991318 50.007118 -0.000000 1.000000 -0.000000 -49.995148 0.002558 -49.997688 -1.000000 0.000000 0.000000 
8
52.000000 -50.000000 56.000000 54.000000 54.000000 54.000000
0.005222 -49.991318 50.007118 0.000000 -1.000000 0.000000 50.006584 0.005045 50.008495 -1.000000 -0.000000 -0.000000 0.005222 -49.991318 50.007118 0.000000 -1.000000 0.000000 
52.000000 -50.000000 56.000000 54.000000 54.000000 54.000000
0.005222 -49.991318 50.007118 0.000000 -1.000000 0.000000 50.006584 0.005045 50.008495 1.000000 0.000000 0.000000 0.005222 -49.991318 50.007118 0.000000 -1.000000 0.000000 
-2.000000 -50.000000 56.000000 54.000000 54.000000 54.000000
0.005222 -49.991318 50.007118 0.000000 -1.000000 0.000000 
-56.000000 -50.000000 56.000000 54.000000 54.000000 54.000000
0.005795 50.002880 50.007462 -0.000000 -0.000000 -1.000000 0.005222 -49.991318 50.007118 0.000000 -1.000000 0.000000 -49.995148 0.002558 -49.997688 1.000000 -0.000000 -0.000000 
-56.000000 -50.000000 56.000000 54.000000 54.000000 54.000000
0.005795 50.002880 50.007462 0.000000 0.000000 1.000000 0.005222 -49.991318 50.007118 0.000000 -1.000000 0.000000 -49.995148 0.002558 -49.997688 1.000000 -0.000000 -0.000000 
-2.000000 -50.000000 2.000000 54.000000 54.000000 54.000000

52.000000 -50.000000 -52.000000 54.000000 54.000000 54.000000
0.004747 -49.997749 -49.997887 0.000000 0.000000 1.000000 0.004747 -49.997749 -49.997887 0.000000 0.000000 1.000000 0.005222 -49.991318 50.007118 0.000000 -1.000000 0.000000 
52.000000 -50.000000 2.000000 54.000000 54.000000 54.000000
0.005222 -49.991318 50.007118 0.000000 -1.000000 0.000000 
8
-56.000000 -50.000000 -52.000000 54.000000 54.000000 54.000000
-49.995148 0.002558 -49.997688 -1.000000 0.000000 0.000000 0.004747 -49.997749 -49.997887 -0.000000 -0.000000 -1.000000 -49.995148 0.002558 -49.997688 -1.000000 0.000000 0.000000 
-56.000000 -50.000000 -52.000000 54.000000 54.000000 54.000000
-49.995148 0.002558 -49.997688 -1.000000 0.000000 0.000000 0.004747 -49.997749 -49.997887 0.000000 0.000000 1.000000 -49.995148 0.002558 -49.997688 -1.000000 0.000000 0.000000 
-56.000000 4.000000 -52.000000 54.000000 54.000000 54.000000
-49.995148 0.002558 -49.997688 -1.000000 0.000000 0.000000 
-56.000000 58.000000 -52.000000 54.000000 54.000000 54.000000
0.008165 50.004768 -49.995865 -0.000000 -1.000000 -0.000000 -49.995148 0.002558 -49.997688 -1.000000 0.000000 0.000000 0.008165 50.004768 -49.995865 -0.000000 -1.000000 -0.000000 
-56.000000 4.000000 2.000000 54.000000 54.000000 54.000000

-56.000000 -50.000000 2.000000 54.000000 54.000000 54.000000
-49.995148 0.002558 -49.997688 -1.000000 0.000000 0.000000 
-56.000000 -50.000000 56.000000 54.000000 54.000000 54.000000
0.005795 50.002880 50.007462 -0.000000 -0.000000 -1.000000 0.005222 -49.991318 50.007118 0.000000 -1.000000 0.000000 -49.995148 0.002558 -49.997688 -1.000000 0.000000 0.000000 
-56.000000 -50.000000 56.000000 54.000000 54.000000 54.000000
0.005795 50.002880 50.007462 -0.000000 -0.000000 -1.000000 0.005222 -49.991318 50.007118 -0.000000 1.000000 -0.000000 -49.995148 0.002558 -49.997688 -1.000000 0.000000 0.000000 
4
52.000000 58.000000 2.000000 54.000000 54.000000 54.000000
50.006584 0.005045 50.008495 1.000000 0.000000 0.000000 
52.000000 58.000000 -52.000000 54.000000 54.000000 54.000000
0.008165 50.004768 -49.995865 -0.000000 -1.000000 -0.000000 0.004747 -49.997749 -49.997887 0.000000 0.000000 1.000000 50.006584 0.005045 50.008495 1.000000 0.000000 0.000000 
52.000000 58.000000 -52.000000 54.000000 54.000000 54.000000
0.008165 50.004768 -49.995865 0.000000 1.000000 0.000000 0.004747 -49.997749 -49.997887 -0.000000 -0.000000 -1.000000 50.006584 0.005045 50.008495 1.000000 0.000000 0.000000 
52.000000 58.000000 -52.000000 54.000000 54.000000 54.000000
0.008165 50.004768 -49.995865 0.000000 1.000000 0.000000 0.004747 -49.997749 -49.997887 0.000000 0.000000 1.000000 50.006584 0.005045 50.008495 1.000000 0.000000 0.000000 
1
52.000000 -50.000000 -52.000000 54.000000 54.000000 54.000000
0.004747 -49.997749 -49.997887 0.000000 0.000000 1.000000 0.004747 -49.997749 -49.997887 0.000000 0.000000 1.000000 0.005222 -49.991318 50.007118 -0.000000 1.000000 -0.000000 
1
-56.000000 -50.000000 -52.000000 54.000000 54.000000 54.000000
-49.995148 0.002558 -49.997688 1.000000 -0.000000 -0.000000 0.004747 -49.997749 -49.997887 0.000000 0.000000 1.000000 -49.995148 0.002558 -49.997688 1.000000 -0.000000 -0.000000 
3
-56.000000 4.000000 56.000000 54.000000 54.000000 54.000000
0.005795 50.002880 50.007462 -0.000000 -0.000000 -1.000000 
-56.000000 -50.000000 2.000000 54.000000 54.000000 54.000000
-49.995148 0.002558 -49.997688 1.000000 -0.000000 -0.000000 
-56.000000 -50.000000 56.000000 54.000000 54.000000 54.000000
0.005795 50.002880 50.007462 -0.000000 -0.000000 -1.000000 0.005222 -49.991318 50.007118 -0.000000 1.000000 -0.000000 -49.995148 0.002558 -49.997688 1.000000 -0.000000 -0.000000 
1
52.000000 4.000000 56.000000 54.000000 54.000000 54.000000
50.006584 0.005045 50.008495 -1.000000 -0.000000 -0.000000 
3
52.000000 -50.000000 2.000000 54.000000 54.000000 54.000000
0.005222 -49.991318 50.007118 -0.000000 1.000000 -0.000000 
-2.000000 -50.000000 56.000000 54.000000 54.000000 54.000000
0.005222 -49.991318 50.007118 -0.000000 1.000000 -0.000000 
52.000000 -50.000000 56.000000 54.000000 54.000000 54.000000
0.005222 -49.991318 50.007118 -0.000000 1.000000 -0.000000 50.006584 0.005045 50.008495 -1.000000 -0.000000 -0.000000 0.005222 -49.991318 50.007118 -0.000000 1.000000 -0.000000 
1
52.000000 58.000000 2.000000 54.000000 54.000000 54.000000
50.006584 0.005045 50.008495 -1.000000 -0.000000 -0.000000 
1
-2.000000 58.000000 56.000000 54.000000 54.000000 54.000000
0.005795 50.002880 50.007462 -0.000000 -0.000000 -1.000000 
1
-2.000000 58.000000 -52.000000 54.000000 54.000000 54.000000
0.008165 50.004768 -49.995865 -0.000000 -1.000000 -0.000000 
1
-2.000000 -50.000000 -52.000000 54.000000 54.000000 54.000000
0.004747 -49.997749 -49.997887 0.000000 0.000000 1.000000 
1
52.000000 4.000000 -52.000000 54.000000 54.000000 54.000000
0.004747 -49.997749 -49.997887 0.000000 0.000000 1.000000 
1
-56.000000 58.000000 2.000000 54.000000 54.000000 54.000000
0.008165 50.004768 -49.995865 -0.000000 -1.000000 -0.000000 
1
-56.000000 4.000000 -52.000000 54.000000 54.000000 54.000000
-49.995148 0.002558 -49.997688 1.000000 -0.000000 -0.000000 
1
-56.000000 58.000000 56.000000 54.000000 54.000000 54.000000
0.005795 50.002880 50.007462 -0.000000 -0.000000 -1.000000 0.005795 50.002880 50.007462 -0.000000 -0.000000 -1.000000 0.008165 50.004768 -49.995865 -0.000000 -1.000000 -0.000000 
1
-56.000000 58.000000 -52.000000 54.000000 54.000000 54.000000
0.008165 50.004768 -49.995865 -0.000000 -1.000000 -0.000000 -49.995148 0.002558 -49.997688 1.000000 -0.000000 -0.000000 0.008165 50.004768 -49.995865 -0.000000 -1.000000 -0.000000 
1
52.000000 58.000000 -52.000000 54.000000 54.000000 54.000000
0.008165 50.004768 -49.995865 -0.000000 -1.000000 -0.000000 0.004747 -49.997749 -49.997887 0.000000 0.000000 1.000000 50.006584 0.005045 50.008495 -1.000000 -0.000000 -0.000000 
1
52.000000 58.000000 56.000000 54.000000 54.000000 54.000000
0.005795 50.002880 50.007462 -0.000000 -0.000000 -1.000000 50.006584 0.005045 50.008495 -1.000000 -0.000000 -0.000000 50.006584 0.005045 50.008495 -1.000000 -0.000000 -0.000000 
