23
1.000000 0.000000 0.000000 81
0.000000 1.000000 0.000000 81
0.000000 0.000000 -1.000000 81
0.000000 0.000000 1.000000 81
0.000000 -1.000000 0.000000 81
-1.000000 0.000000 0.000000 81
1.000000 0.000000 0.000000 81
-1.000000 0.000000 0.000000 81
0.000000 -1.000000 0.000000 81
0.000000 0.000000 -1.000000 11
-1.000000 0.000000 0.000000 36
0.000000 1.000000 0.000000 36
-1.000000 0.000000 0.000000 36
0.000000 0.000000 -1.000000 38
0.000000 -1.000000 0.000000 39
0.000000 0.000000 1.000000 37
0.000000 0.000000 1.000000 37
0.000000 -1.000000 0.000000 39
1.000000 0.000000 0.000000 39
0.000000 0.000000 -1.000000 38
1.000000 0.000000 0.000000 39
-1.000000 0.000000 0.000000 36
0 0 0 0
10
3
0
11
4
19
22
13
9
17
5
12
1
6
8
7
15
16
20
18
14
2
21
