153.839996
162.550003
172.670013
168.899994
19.459999
151.000000
143.600006
144.040009
143.800003
32.870003
101.059998
101.980003
114.029999
105.980003
95.709999
123.619995
108.699997
111.669998
121.139999
50.860001
120.139999
128.040009
134.360001
138.849991
55.099998
74.889999
87.699997
104.089996
102.459999
82.300003
85.779999
72.080002
69.290001
63.440002
68.739998
66.389999
50.500000
53.770000
69.349998
81.480003
63.990002
60.189999
67.159996
63.940002
116.380005
90.040001
109.000000
120.500000
115.900002
66.419998
100.519997
115.169998
126.849998
118.389999
105.000000
19.160000
50.520000
89.470001
112.330002
41.549999
71.300003
103.059998
111.169998
123.629997
51.139999
111.349998
110.139999
75.279999
69.570000
38.450001
26.340000
29.400000
43.930000
59.459999
110.320000
100.389999
128.009995
133.889999
137.819992
133.489990
146.059998
144.350006
138.629990
123.650002
110.480003
0.880000
19.600000
21.330000
24.090000
172.399994
91.000000
100.680000
109.510002
104.080002
95.040001
120.310005
138.399994
145.150009
143.369995
58.590000
-0.840000
169.940002
160.029999
148.370010
57.529999
87.410004
86.129997
96.820000
108.219994
123.959999
117.410004
102.089996
98.580002
94.310005
82.980003
75.580002
69.659996
79.659996
82.639999
95.489998
140.199997
145.190002
146.429993
146.770004
33.459999
122.250000
126.790001
125.970001
125.340004
55.940002
87.470001
99.220001
110.159996
137.869995
146.660004
147.409988
136.839996
121.840004
119.659996
60.719997
98.050003
113.900002
114.589996
101.310005
79.889999
78.820000
82.220001
76.940002
105.699997
95.729996
86.599998
38.220001
40.390003
102.180000
95.360001
158.919998
154.630005
6.600000
7.260000
53.870003
138.449997
86.669998
86.059998
109.710007
73.419998
83.699997
97.860001
72.010002
106.260002
88.110001
92.010002
88.789993
91.080002
84.910004
84.830002
94.850006
100.099998
94.280006
94.989998
82.800003
86.419998
106.340004
82.830002
77.489998
108.089996
64.599998
112.259995
108.729996
73.659996
170.190002
10.139999
79.970001
83.340004
118.610001
115.219994
149.870010
151.580002
51.400002
127.959999
100.300003
111.450005
42.669998
144.070007
66.080002
116.900002
32.919998
146.320007
40.019997
42.270000
124.199997
124.389999
9.480000
16.359999
0.090000
-0.060000
0.050000
