61
-1.000000 0.000000 0.000000 245
0.000000 1.000000 0.000000 245
0.000000 0.000000 -1.000000 245
0.000000 -1.000000 0.000000 245
1.000000 0.000000 0.000000 245
0.000000 0.000000 1.000000 245
0.000000 1.000000 0.000000 67
-1.000000 0.000000 0.000000 1
-1.000000 0.000000 0.000000 245
1.000000 0.000000 0.000000 245
-1.000000 0.000000 0.000000 245
0.000000 -1.000000 0.000000 245
0.000000 -1.000000 0.000000 53
-1.000000 0.000000 0.000000 245
1.000000 0.000000 0.000000 245
0.000000 1.000000 0.000000 245
0.000000 -1.000000 0.000000 71
-1.000000 0.000000 0.000000 245
0.000000 -1.000000 0.000000 245
1.000000 0.000000 0.000000 245
1.000000 0.000000 0.000000 245
-1.000000 0.000000 0.000000 245
0.000000 -1.000000 0.000000 245
1.000000 0.000000 0.000000 245
0.000000 1.000000 0.000000 46
0.000000 1.000000 0.000000 67
-1.000000 0.000000 0.000000 245
-1.000000 0.000000 0.000000 245
0.000000 1.000000 0.000000 245
1.000000 0.000000 0.000000 245
1.000000 0.000000 0.000000 245
0.000000 0.000000 -1.000000 57
0.000000 1.000000 0.000000 66
0.000000 -1.000000 0.000000 245
-1.000000 0.000000 0.000000 245
1.000000 0.000000 0.000000 245
1.000000 0.000000 0.000000 245
0.000000 0.000000 -1.000000 57
0.000000 1.000000 0.000000 245
1.000000 0.000000 0.000000 245
1.000000 0.000000 0.000000 245
0.000000 -1.000000 0.000000 245
-1.000000 0.000000 0.000000 245
1.000000 0.000000 0.000000 245
1.000000 0.000000 0.000000 245
1.000000 0.000000 0.000000 245
1.000000 0.000000 0.000000 245
1.000000 0.000000 0.000000 245
-1.000000 0.000000 0.000000 245
0.000000 -1.000000 0.000000 245
1.000000 0.000000 0.000000 245
0.000000 1.000000 0.000000 245
-1.000000 0.000000 0.000000 245
1.000000 0.000000 0.000000 245
-1.000000 0.000000 0.000000 245
0.000000 -1.000000 0.000000 245
0.000000 1.000000 0.000000 245
1.000000 0.000000 0.000000 245
0.000000 1.000000 0.000000 43
-1.000000 0.000000 0.000000 245
0 0 0 0
41
25
5
21
28
32
42
24
6
22
14
11
23
18
38
58
17
12
13
20
9
2
37
27
43
3
10
16
15
0
1
4
7
60
8
19
26
30
49
55
50
33
54
52
56
48
59
39
31
40
51
44
34
53
35
47
57
46
45
29
36
