190 213
143.9135 178.7864 19.54362
134.8618 176.3778 20.19121
124.2724 167.0196 21.22338
119.939 158.1768 21.8756
113.3272 144.3636 22.80125
102.4321 114.7175 24.25688
91.00455 75.7916 26.012
80.28957 33.39326 27.79822
71.53226 -6.670292 29.34722
65.97723 -38.59193 30.39034
68.79508 -62.28199 30.76167
81.46427 -74.55379 30.45984
97.18319 -83.3171 29.95961
109.1504 -96.48171 29.7365
110.5642 -121.9577 30.26489
106.9214 -140.1064 30.7888
102.2369 -158.1003 31.28092
96.31383 -174.725 31.77926
88.95479 -188.7668 32.32162
79.96291 -199.012 32.94616
71.5619 -204.946 33.51017
56.75645 -211.5571 34.42164
40.27315 -215.3073 35.4069
14.12607 -218.0581 37.19415
135.077 170.4684 -149.0284
125.789 168.048 -148.5795
114.7147 160.7189 -147.9572
108.2478 153.4506 -147.4433
101.1762 139.9596 -146.9048
90.56917 111.181 -146.0204
79.75974 73.72115 -145.0716
69.65096 32.65508 -144.1359
61.14645 -6.941291 -143.2899
55.1495 -39.99226 -142.6112
56.48332 -61.86504 -142.5179
66.3602 -73.92367 -143.1411
79.69076 -83.73002 -144.0525
91.38579 -98.84653 -144.8243
96.35602 -126.8353 -145.0284
94.77136 -139.5917 -144.901
90.56049 -155.8626 -144.6595
84.46506 -172.8896 -144.3319
77.22696 -187.9136 -143.9464
69.58823 -198.1763 -143.5315
61.58588 -203.6314 -143.0262
45.51643 -208.6232 -141.9561
30.27748 -210.3439 -140.98
0.1003854 -211.2726 -138.8386
127.2333 162.9234 -299.1231
117.6442 161.1291 -298.6501
106.1448 155.1977 -298.0009
99.3124 149.0257 -297.5096
90.8776 135.8879 -296.8243
80.88188 108.641 -295.6371
70.2892 70.65577 -294.2089
60.23875 28.65312 -292.7571
51.87217 -10.64581 -291.5007
46.3288 -40.51971 -290.6564
46.00638 -67.95559 -290.1941
54.7062 -79.80783 -290.4368
67.96519 -86.3101 -290.9819
81.31747 -97.69453 -291.423
90.29686 -124.1935 -291.3534
89.5872 -132.5999 -291.2061
86.35621 -147.7357 -290.8703
80.58581 -165.9875 -290.372
72.25893 -183.7419 -289.7394
61.35529 -197.3835 -288.994
52.62295 -202.6343 -288.4066
35.62331 -206.1561 -287.2667
19.69233 -206.5265 -286.209
-11.24935 -205.8179 -284.0012
126.7016 168.6663 65.94853
125.8245 168.112 48.37711
122.4166 165.8011 -11.12038
120.5161 164.5084 -44.58101
118.5875 163.1951 -78.78784
116.6481 161.9141 -113.3702
112.9155 159.6099 -179.6929
111.1159 158.4327 -210.8187
109.3588 157.2582 -241.0813
107.6876 156.1563 -270.2267
104.3087 153.9787 -328.981
102.9538 153.2691 -348.0062
116.3097 145.7413 66.87524
115.1483 145.2241 49.05238
110.8586 143.4697 -11.51106
108.3574 142.3943 -45.54031
105.8754 141.3252 -79.38413
103.4643 140.451 -113.1397
99.18178 139.4986 -176.6246
97.1127 138.6636 -206.3958
95.01083 137.6521 -236.2993
92.91846 136.6611 -266.4151
88.89175 134.8789 -326.1502
87.42699 134.3112 -346.3082
68.71755 -38.33247 73.14639
67.57162 -38.44389 55.92912
63.73196 -39.10707 -5.265105
61.58765 -39.40074 -40.14309
59.48284 -39.5767 -74.49323
57.35715 -39.73922 -108.566
53.32377 -40.15423 -171.3599
51.60431 -40.16423 -200.4333
49.91535 -40.14592 -229.9369
48.18209 -40.22323 -259.9766
44.67208 -40.52829 -320.1389
43.43303 -40.60025 -340.3032
82.35061 -199.2716 74.27598
81.32933 -199.1822 57.51157
77.85883 -199.2204 -2.740918
75.77824 -199.0911 -38.14593
73.71233 -198.774 -73.35562
71.65189 -198.4192 -108.4553
67.89465 -197.9894 -172.877
66.25024 -197.7214 -202.2296
64.62972 -197.4675 -231.4561
63.00688 -197.3233 -260.4225
59.67871 -197.2555 -319.2047
58.54863 -197.2604 -339.2152
59.58421 -212.2885 76.12279
58.32989 -212.0291 59.31208
54.53621 -210.9904 -1.264802
52.30773 -210.4068 -36.72531
50.06527 -209.8126 -71.98061
47.80344 -209.2157 -107.0507
43.56882 -208.1237 -170.977
41.58436 -207.6154 -199.9269
39.58477 -207.1108 -228.8979
37.58975 -206.6197 -257.9791
33.52748 -205.593 -317.4377
32.14676 -205.2079 -337.5098
17.72924 -219.8258 79.61079
16.32002 -219.1543 63.4276
11.49893 -216.757 3.760617
8.693406 -215.395 -31.09889
5.798699 -214.0051 -66.84471
2.904604 -212.6201 -102.938
-2.372555 -210.0814 -170.6955
-4.810702 -208.9106 -201.5549
-7.147157 -207.79 -231.0025
-9.315126 -206.7496 -258.6235
-13.74349 -204.5993 -316.4406
-15.07294 -203.9372 -334.3032
146.2857 180.9642 64.84679
145.4692 180.1822 48.19311
142.2353 177.2754 -11.14276
140.4837 175.6441 -44.10758
138.6874 173.9365 -78.58643
136.8753 172.1965 -113.8148
133.3644 168.8287 -182.1711
131.675 167.211 -214.2752
130.0575 165.6589 -244.8173
128.5605 164.2152 -273.2743
125.4266 161.1797 -332.9094
124.3577 160.2904 -349.8056
136.8912 178.2919 65.32191
122.0119 160.1185 66.31854
104.7304 114.1451 68.18468
92.94505 73.89703 69.65643
82.19021 31.03977 71.10086
73.70236 -8.384402 72.32761
72.84076 -57.36335 73.18403
86.67204 -67.16592 72.43907
102.7777 -75.96577 71.50762
113.7241 -91.98829 70.98573
112.0776 -123.4591 71.46986
107.7594 -140.8304 71.95763
102.8625 -158.7729 72.48459
97.15169 -175.6106 73.04834
90.39276 -189.6686 73.64635
74.31302 -205.0997 74.91148
43.87585 -216.4484 77.41338
114.4916 158.7532 -349.045
96.06607 147.4735 -347.2791
77.07165 105.3276 -345.0995
66.82442 69.23413 -343.7644
57.35509 30.14148 -342.4328
49.33503 -7.840259 -341.2365
42.42275 -71.32366 -339.7431
50.66922 -83.47084 -340.0652
63.97521 -88.65875 -340.8291
78.13759 -98.50143 -341.5871
88.95499 -124.6135 -341.8933
88.0353 -130.44 -341.7686
84.94684 -144.8453 -341.4095
79.27901 -163.6025 -340.8469
70.61823 -182.4841 -340.1079
49.53487 -202.3902 -338.6218
16.16251 -205.1751 -336.4525
2 74
74 75
75 76
76 77
26 77
0 146
146 147
147 148
148 149
24 149
4 5
5 6
6 7
7 8
8 9
4 86
86 87
87 88
88 89
28 89
26 78
78 79
79 80
80 81
50 81
24 150
150 151
151 152
152 153
48 153
9 10
10 11
11 12
12 13
13 14
14 15
15 16
16 17
17 18
18 19
9 98
98 99
99 100
100 101
33 101
84 158
158 159
159 160
160 161
96 161
28 29
29 30
30 31
31 32
32 33
28 90
90 91
91 92
92 93
52 93
19 110
110 111
111 112
112 113
43 113
96 162
162 163
163 164
164 165
165 166
166 167
167 168
168 169
169 170
108 170
33 34
34 35
35 36
36 37
37 38
38 39
39 40
40 41
41 42
42 43
33 102
102 103
103 104
104 105
57 105
52 53
53 54
54 55
55 56
56 57
21 122
122 123
123 124
124 125
45 125
43 114
114 115
115 116
116 117
67 117
57 58
58 59
59 60
60 61
61 62
62 63
63 64
64 65
65 66
66 67
95 175
175 176
176 177
177 178
107 178
23 134
134 135
135 136
136 137
47 137
45 126
126 127
127 128
128 129
69 129
107 179
179 180
180 181
181 182
182 183
183 184
184 185
185 186
186 187
119 187
47 138
138 139
139 140
140 141
71 141
19 20
20 21
108 171
120 171
120 172
132 172
21 22
22 23
43 44
44 45
45 46
46 47
69 70
70 71
131 189
143 189
67 68
68 69
119 188
131 188
155 173
83 173
83 174
95 174
48 49
49 50
50 51
51 52
24 25
25 26
26 27
27 28
0 1
1 2
2 3
3 4
144 156
72 156
72 157
84 157
144 145
0 145
72 73
2 73
84 85
4 85
154 155
48 154
82 83
50 82
94 95
52 94
96 97
9 97
106 107
57 106
132 133
23 133
120 121
21 121
108 109
19 109
118 119
67 118
130 131
69 130
142 143
71 142
