10
18
-2.000000 -50.000000 2.000000 54.000000 52.000000 54.000000

-2.000000 -50.000000 -51.500000 54.000000 52.000000 53.000000
0.004810 -49.997311 -49.990871 0.000000 -1.000000 0.000000 
-55.500000 -50.000000 2.000000 53.000000 52.000000 54.000000
50.004295 50.008636 0.005266 0.707107 -0.707107 -0.000031 
-55.500000 -50.000000 -51.500000 53.000000 52.000000 53.000000
-49.996433 0.003719 -49.993370 -1.000000 0.000000 0.000000 0.004810 -49.997311 -49.990871 0.000000 -1.000000 0.000000 50.004295 50.008636 0.005266 0.707107 -0.707107 -0.000031 
-55.500000 -50.000000 -51.500000 53.000000 52.000000 53.000000
-49.996433 0.003719 -49.993370 1.000000 -0.000000 -0.000000 0.004810 -49.997311 -49.990871 0.000000 -1.000000 0.000000 50.004295 50.008636 0.005266 0.707107 -0.707107 -0.000031 
51.500000 -50.000000 2.000000 53.000000 52.000000 54.000000
-50.701683 49.298065 0.004883 -0.707107 -0.707107 -0.000004 
51.500000 -50.000000 -51.500000 53.000000 52.000000 53.000000
0.004810 -49.997311 -49.990871 0.000000 -1.000000 0.000000 50.008911 0.006498 -49.993919 1.000000 0.000000 0.000000 -50.701683 49.298065 0.004883 -0.707107 -0.707107 -0.000004 
51.500000 -50.000000 -51.500000 53.000000 52.000000 53.000000
0.004810 -49.997311 -49.990871 0.000000 -1.000000 0.000000 50.008911 0.006498 -49.993919 -1.000000 -0.000000 -0.000000 -50.701683 49.298065 0.004883 -0.707107 -0.707107 -0.000004 
51.500000 -50.000000 -51.500000 53.000000 52.000000 53.000000
0.004810 -49.997311 -49.990871 -0.000000 1.000000 -0.000000 50.008911 0.006498 -49.993919 -1.000000 -0.000000 -0.000000 -50.701683 49.298065 0.004883 -0.707107 -0.707107 -0.000004 
-56.000000 3.500000 56.000000 52.000000 53.000000 52.000000
-49.996433 0.003719 -49.993370 1.000000 -0.000000 -0.000000 
-55.500000 -49.500000 55.500000 53.000000 53.000000 53.000000
-49.996433 0.003719 -49.993370 -1.000000 0.000000 0.000000 0.004810 -49.997311 -49.990871 0.000000 -1.000000 0.000000 50.004295 50.008636 0.005266 0.707107 -0.707107 -0.000031 
-55.500000 -49.500000 55.500000 53.000000 53.000000 53.000000
-49.996433 0.003719 -49.993370 1.000000 -0.000000 -0.000000 0.004810 -49.997311 -49.990871 -0.000000 1.000000 -0.000000 50.004295 50.008636 0.005266 -0.707107 0.707107 0.000031 
-55.500000 -49.500000 55.500000 53.000000 53.000000 53.000000
-49.996433 0.003719 -49.993370 1.000000 -0.000000 -0.000000 0.004810 -49.997311 -49.990871 0.000000 -1.000000 0.000000 50.004295 50.008636 0.005266 0.707107 -0.707107 -0.000031 
-55.500000 -49.500000 55.500000 53.000000 53.000000 53.000000
-49.996433 0.003719 -49.993370 1.000000 -0.000000 -0.000000 0.004810 -49.997311 -49.990871 -0.000000 1.000000 -0.000000 50.004295 50.008636 0.005266 0.707107 -0.707107 -0.000031 
-2.000000 -50.000000 55.500000 54.000000 52.000000 53.000000
0.004810 -49.997311 -49.990871 0.000000 -1.000000 0.000000 
51.500000 -50.000000 55.500000 53.000000 52.000000 53.000000
0.004810 -49.997311 -49.990871 0.000000 -1.000000 0.000000 50.008911 0.006498 -49.993919 1.000000 0.000000 0.000000 -50.701683 49.298065 0.004883 -0.707107 -0.707107 -0.000004 
51.500000 -50.000000 55.500000 53.000000 52.000000 53.000000
0.004810 -49.997311 -49.990871 0.000000 -1.000000 0.000000 50.008911 0.006498 -49.993919 -1.000000 -0.000000 -0.000000 -50.701683 49.298065 0.004883 -0.707107 -0.707107 -0.000004 
51.500000 -50.000000 55.500000 53.000000 52.000000 53.000000
0.004810 -49.997311 -49.990871 -0.000000 1.000000 -0.000000 50.008911 0.006498 -49.993919 -1.000000 -0.000000 -0.000000 -50.701683 49.298065 0.004883 -0.707107 -0.707107 -0.000004 
16
-55.500000 58.000000 -51.500000 53.000000 52.000000 53.000000
0.007668 50.007530 -49.996422 -0.000000 -1.000000 -0.000000 -49.996433 0.003719 -49.993370 1.000000 -0.000000 -0.000000 -49.287468 50.712280 0.004890 0.707107 0.707107 0.000004 
-2.000000 58.000000 -51.500000 54.000000 52.000000 53.000000
0.007668 50.007530 -49.996422 0.000000 1.000000 0.000000 
-55.500000 58.000000 -51.500000 53.000000 52.000000 53.000000
0.007668 50.007530 -49.996422 0.000000 1.000000 0.000000 -49.996433 0.003719 -49.993370 -1.000000 0.000000 0.000000 -49.287468 50.712280 0.004890 0.707107 0.707107 0.000004 
-55.500000 58.000000 -51.500000 53.000000 52.000000 53.000000
0.007668 50.007530 -49.996422 0.000000 1.000000 0.000000 -49.996433 0.003719 -49.993370 1.000000 -0.000000 -0.000000 -49.287468 50.712280 0.004890 0.707107 0.707107 0.000004 
51.500000 58.000000 2.000000 53.000000 52.000000 54.000000
49.297188 50.715744 0.005297 -0.707107 0.707107 0.000031 
51.500000 58.000000 -51.500000 53.000000 52.000000 53.000000
0.007668 50.007530 -49.996422 -0.000000 -1.000000 -0.000000 49.008911 0.006498 -49.993919 -1.000000 -0.000000 -0.000000 49.297188 50.715744 0.005297 -0.707107 0.707107 0.000031 
51.500000 58.000000 -51.500000 53.000000 52.000000 53.000000
0.007668 50.007530 -49.996422 0.000000 1.000000 0.000000 49.008911 0.006498 -49.993919 -1.000000 -0.000000 -0.000000 49.297188 50.715744 0.005297 -0.707107 0.707107 0.000031 
-2.000000 58.000000 55.500000 54.000000 52.000000 53.000000
0.007668 50.007530 -49.996422 0.000000 1.000000 0.000000 
51.500000 58.000000 55.500000 53.000000 52.000000 53.000000
0.007668 50.007530 -49.996422 0.000000 1.000000 0.000000 50.008911 0.006498 -49.993919 1.000000 0.000000 0.000000 49.297188 50.715744 0.005297 -0.707107 0.707107 0.000031 
51.500000 58.000000 55.500000 53.000000 52.000000 53.000000
0.007668 50.007530 -49.996422 -0.000000 -1.000000 -0.000000 50.008911 0.006498 -49.993919 -1.000000 -0.000000 -0.000000 49.297188 50.715744 0.005297 -0.707107 0.707107 0.000031 
51.500000 58.000000 55.500000 53.000000 52.000000 53.000000
0.007668 50.007530 -49.996422 0.000000 1.000000 0.000000 50.008911 0.006498 -49.993919 -1.000000 -0.000000 -0.000000 49.297188 50.715744 0.005297 -0.707107 0.707107 0.000031 
-2.000000 58.000000 2.000000 54.000000 52.000000 54.000000

-55.500000 58.000000 2.000000 53.000000 52.000000 54.000000
-49.287468 50.712280 0.004890 0.707107 0.707107 0.000004 
-55.500000 58.000000 55.500000 53.000000 52.000000 53.000000
0.007668 50.007530 -49.996422 0.000000 1.000000 0.000000 -49.996433 0.003719 -49.993370 -1.000000 0.000000 0.000000 -49.287468 50.712280 0.004890 0.707107 0.707107 0.000004 
-55.500000 58.000000 55.500000 53.000000 52.000000 53.000000
0.007668 50.007530 -49.996422 0.000000 1.000000 0.000000 -49.996433 0.003719 -49.993370 1.000000 -0.000000 -0.000000 -49.287468 50.712280 0.004890 0.707107 0.707107 0.000004 
-55.500000 58.000000 55.500000 53.000000 52.000000 53.000000
0.007668 50.007530 -49.996422 -0.000000 -1.000000 -0.000000 -49.996433 0.003719 -49.993370 1.000000 -0.000000 -0.000000 -49.287468 50.712280 0.004890 0.707107 0.707107 0.000004 
3
-2.000000 4.000000 1.500000 52.000000 52.000000 53.000000

-55.500000 4.000000 -52.000000 53.000000 52.000000 52.000000
-48.996433 0.003719 -49.993370 1.000000 -0.000000 -0.000000 
-2.500000 4.000000 -51.500000 53.000000 52.000000 53.000000

16
52.000000 -49.500000 2.000000 52.000000 53.000000 54.000000
-49.287468 50.712280 0.004890 0.707107 0.707107 0.000004 
52.000000 -49.500000 55.500000 52.000000 53.000000 53.000000
0.004810 -49.997311 -49.990871 0.000000 -1.000000 0.000000 50.008911 0.006498 -49.993919 1.000000 0.000000 0.000000 -49.287468 50.712280 0.004890 0.707107 0.707107 0.000004 
52.000000 -49.500000 55.500000 52.000000 53.000000 53.000000
0.004810 -49.997311 -49.990871 -0.000000 1.000000 -0.000000 50.008911 0.006498 -49.993919 -1.000000 -0.000000 -0.000000 -49.287468 50.712280 0.004890 0.707107 0.707107 0.000004 
52.000000 -49.500000 55.500000 52.000000 53.000000 53.000000
0.004810 -49.997311 -49.990871 -0.000000 1.000000 -0.000000 50.008911 0.006498 -49.993919 1.000000 0.000000 0.000000 -49.287468 50.712280 0.004890 0.707107 0.707107 0.000004 
52.000000 -49.500000 -51.500000 52.000000 53.000000 53.000000
0.004810 -49.997311 -49.990871 -0.000000 1.000000 -0.000000 50.008911 0.006498 -49.993919 -1.000000 -0.000000 -0.000000 -49.287468 50.712280 0.004890 0.707107 0.707107 0.000004 
52.000000 4.000000 -51.500000 52.000000 54.000000 53.000000
50.008911 0.006498 -49.993919 1.000000 0.000000 0.000000 
52.000000 -49.500000 -51.500000 52.000000 53.000000 53.000000
0.004810 -49.997311 -49.990871 -0.000000 1.000000 -0.000000 50.008911 0.006498 -49.993919 1.000000 0.000000 0.000000 -49.287468 50.712280 0.004890 0.707107 0.707107 0.000004 
52.000000 -49.500000 -51.500000 52.000000 53.000000 53.000000
0.004810 -49.997311 -49.990871 0.000000 -1.000000 0.000000 50.008911 0.006498 -49.993919 1.000000 0.000000 0.000000 -49.287468 50.712280 0.004890 0.707107 0.707107 0.000004 
52.000000 4.000000 2.000000 52.000000 54.000000 54.000000

52.000000 57.500000 2.000000 52.000000 53.000000 54.000000
50.711403 49.301529 0.005236 0.707107 -0.707107 -0.000031 
52.000000 57.500000 -51.500000 52.000000 53.000000 53.000000
0.007668 49.007530 -49.996422 -0.000000 -1.000000 -0.000000 50.008911 0.006498 -49.993919 -1.000000 -0.000000 -0.000000 50.711403 49.301529 0.005236 0.707107 -0.707107 -0.000031 
52.000000 57.500000 -51.500000 52.000000 53.000000 53.000000
0.007668 49.007530 -49.996422 -0.000000 -1.000000 -0.000000 50.008911 0.006498 -49.993919 1.000000 0.000000 0.000000 50.711403 49.301529 0.005236 0.707107 -0.707107 -0.000031 
52.000000 4.000000 55.500000 52.000000 54.000000 53.000000
50.008911 0.006498 -49.993919 1.000000 0.000000 0.000000 
52.000000 57.500000 55.500000 52.000000 53.000000 53.000000
0.007668 50.007530 -49.996422 0.000000 1.000000 0.000000 50.008911 0.006498 -49.993919 1.000000 0.000000 0.000000 50.711403 49.301529 0.005236 0.707107 -0.707107 -0.000031 
52.000000 57.500000 55.500000 52.000000 53.000000 53.000000
0.007668 50.007530 -49.996422 -0.000000 -1.000000 -0.000000 50.008911 0.006498 -49.993919 -1.000000 -0.000000 -0.000000 50.711403 49.301529 0.005236 0.707107 -0.707107 -0.000031 
52.000000 57.500000 55.500000 52.000000 53.000000 53.000000
0.007668 50.007530 -49.996422 -0.000000 -1.000000 -0.000000 50.008911 0.006498 -49.993919 1.000000 0.000000 0.000000 50.711403 49.301529 0.005236 0.707107 -0.707107 -0.000031 
3
51.500000 4.000000 56.000000 53.000000 52.000000 52.000000
49.008911 0.006498 -49.993919 -1.000000 -0.000000 -0.000000 
-2.000000 -49.500000 56.000000 52.000000 53.000000 52.000000
0.004810 -48.997311 -49.990871 -0.000000 1.000000 -0.000000 
-1.500000 3.500000 56.000000 53.000000 53.000000 52.000000

18
-56.000000 4.000000 -51.500000 52.000000 54.000000 53.000000
-49.996433 0.003719 -49.993370 -1.000000 0.000000 0.000000 
-56.000000 4.000000 2.000000 52.000000 54.000000 54.000000

-56.000000 57.500000 2.000000 52.000000 53.000000 54.000000
-50.701683 49.298065 0.004883 -0.707107 -0.707107 -0.000004 
-56.000000 57.500000 -51.500000 52.000000 53.000000 53.000000
0.007668 50.007530 -49.996422 0.000000 1.000000 0.000000 -49.996433 0.003719 -49.993370 -1.000000 0.000000 0.000000 -50.701683 49.298065 0.004883 -0.707107 -0.707107 -0.000004 
-56.000000 57.500000 -51.500000 52.000000 53.000000 53.000000
0.007668 50.007530 -49.996422 -0.000000 -1.000000 -0.000000 -49.996433 0.003719 -49.993370 -1.000000 0.000000 0.000000 -50.701683 49.298065 0.004883 -0.707107 -0.707107 -0.000004 
-56.000000 57.500000 -51.500000 52.000000 53.000000 53.000000
0.007668 50.007530 -49.996422 -0.000000 -1.000000 -0.000000 -49.996433 0.003719 -49.993370 1.000000 -0.000000 -0.000000 -50.701683 49.298065 0.004883 -0.707107 -0.707107 -0.000004 
-56.000000 4.000000 55.500000 52.000000 54.000000 53.000000
-49.996433 0.003719 -49.993370 -1.000000 0.000000 0.000000 
-56.000000 57.500000 55.500000 52.000000 53.000000 53.000000
0.007668 50.007530 -49.996422 0.000000 1.000000 0.000000 -49.996433 0.003719 -49.993370 -1.000000 0.000000 0.000000 -50.701683 49.298065 0.004883 -0.707107 -0.707107 -0.000004 
-56.000000 57.500000 55.500000 52.000000 53.000000 53.000000
0.007668 50.007530 -49.996422 -0.000000 -1.000000 -0.000000 -49.996433 0.003719 -49.993370 -1.000000 0.000000 0.000000 -50.701683 49.298065 0.004883 -0.707107 -0.707107 -0.000004 
-56.000000 57.500000 55.500000 52.000000 53.000000 53.000000
0.007668 50.007530 -49.996422 -0.000000 -1.000000 -0.000000 -49.996433 0.003719 -49.993370 1.000000 -0.000000 -0.000000 -50.701683 49.298065 0.004883 -0.707107 -0.707107 -0.000004 
-56.000000 -49.500000 2.000000 52.000000 53.000000 54.000000
50.004295 50.008636 0.005266 -0.707107 0.707107 0.000031 
-56.000000 -49.500000 55.500000 52.000000 53.000000 53.000000
-49.996433 0.003719 -49.993370 -1.000000 0.000000 0.000000 0.004810 -49.997311 -49.990871 0.000000 -1.000000 0.000000 50.004295 50.008636 0.005266 -0.707107 0.707107 0.000031 
-56.000000 -49.500000 55.500000 52.000000 53.000000 53.000000
-49.996433 0.003719 -49.993370 -1.000000 0.000000 0.000000 0.004810 -49.997311 -49.990871 -0.000000 1.000000 -0.000000 50.004295 50.008636 0.005266 -0.707107 0.707107 0.000031 
-2.500000 -50.000000 -52.000000 53.000000 52.000000 52.000000
0.004810 -49.997311 -49.990871 -0.000000 1.000000 -0.000000 
-55.500000 -49.500000 -51.500000 53.000000 53.000000 53.000000
-49.996433 0.003719 -49.993370 -1.000000 0.000000 0.000000 0.004810 -49.997311 -49.990871 0.000000 -1.000000 0.000000 50.004295 50.008636 0.005266 -0.707107 0.707107 0.000031 
-55.500000 -49.500000 -51.500000 53.000000 53.000000 53.000000
-49.996433 0.003719 -49.993370 -1.000000 0.000000 0.000000 0.004810 -49.997311 -49.990871 -0.000000 1.000000 -0.000000 50.004295 50.008636 0.005266 -0.707107 0.707107 0.000031 
-55.500000 -49.500000 -51.500000 53.000000 53.000000 53.000000
-49.996433 0.003719 -49.993370 1.000000 -0.000000 -0.000000 0.004810 -49.997311 -49.990871 -0.000000 1.000000 -0.000000 50.004295 50.008636 0.005266 0.707107 -0.707107 -0.000031 
-55.500000 -49.500000 -51.500000 53.000000 53.000000 53.000000
-49.996433 0.003719 -49.993370 1.000000 -0.000000 -0.000000 0.004810 -49.997311 -49.990871 -0.000000 1.000000 -0.000000 50.004295 50.008636 0.005266 -0.707107 0.707107 0.000031 
2
52.000000 58.000000 -52.000000 52.000000 52.000000 52.000000
0.007668 51.007530 -49.996422 0.000000 1.000000 0.000000 51.008911 0.006498 -49.993919 1.000000 0.000000 0.000000 50.004295 50.008636 0.005266 0.707107 -0.707107 -0.000031 
52.000000 58.000000 -52.000000 52.000000 52.000000 52.000000
0.007668 51.007530 -49.996422 0.000000 1.000000 0.000000 51.008911 0.006498 -49.993919 1.000000 0.000000 0.000000 50.004295 50.008636 0.005266 -0.707107 0.707107 0.000031 
1
52.000000 4.000000 -52.000000 52.000000 52.000000 52.000000
49.008911 0.006498 -49.993919 -1.000000 -0.000000 -0.000000 
1
-2.000000 58.000000 -52.000000 52.000000 52.000000 52.000000
0.007668 49.007530 -49.996422 -0.000000 -1.000000 -0.000000 
1
-2.000000 58.000000 56.000000 52.000000 52.000000 52.000000
0.007668 49.007530 -49.996422 -0.000000 -1.000000 -0.000000 
