35 44
-127.5563 -45.26944 -62.32355
-135.6036 -45.07086 -20.45374
-117.3459 -44.92469 49.49757
-76.09479 -44.83527 87.88275
-9.608736 -44.7452 117.5642
51.92716 -44.73405 108.6056
123.4534 -44.78656 65.22645
152.8493 -44.82897 25.92767
164.4736 -44.90984 -27.44553
-113.4123 -2.308756 -60.55459
-86.16829 67.26371 -57.35079
-71.92088 96.08124 -55.69423
-49.8944 129.2169 -53.17579
-24.86114 152.801 -50.27768
9.405469 164.3658 -46.24926
31.02131 158.2893 -43.66604
65.55862 129.2181 -39.46782
80.66552 111.2335 -37.61478
109.593 67.14389 -34.05254
143.707 1.392955 -29.90932
-48.42162 129.2442 -41.32768
-37.2277 129.2843 -23.53216
-23.0696 129.2985 -14.75195
5.080822 129.3049 -8.15648
24.67104 129.2977 -7.858332
48.85666 129.2764 -18.21784
61.66908 129.2442 -31.23965
-85.71925 67.48074 -29.18643
-68.27728 67.6412 4.751621
-44.65205 67.70126 22.49838
-0.04106455 67.69783 36.15972
35.44519 67.61917 36.18261
79.33825 67.43579 15.82102
95.86646 67.32099 -2.118224
8.052132 160.7981 -34.36248
0 1
1 2
0 9
9 10
2 3
3 4
10 11
11 12
10 27
27 28
4 5
5 6
28 29
29 30
12 13
13 14
12 20
20 21
6 7
7 8
30 31
31 32
21 22
22 23
14 15
15 16
14 34
23 34
8 19
18 19
32 33
18 33
23 24
24 25
16 17
17 18
16 26
25 26
25 32
6 32
21 28
2 28
23 30
4 30
