37
83
25.094528 -45.755051 41.479988 19.000000 19.000000 18.000000

25.094528 -64.755051 41.479988 19.000000 19.000000 18.000000

24.594528 14.744949 21.979988 18.000000 18.000000 19.000000
29.445511 15.588382 15.104511 0.023754 -0.999709 -0.004124 24.346767 15.446292 22.755566 0.022828 -0.999737 -0.002334 16.550049 15.267721 29.157497 0.019683 -0.999802 -0.002870 17.829067 -22.161196 20.411909 -0.756299 -0.019908 0.653924 21.739531 37.742355 26.321190 0.770171 0.006827 -0.637801 
24.594528 14.744949 21.979988 18.000000 18.000000 19.000000
29.445511 15.588382 15.104511 -0.023754 0.999709 0.004124 24.346767 15.446292 22.755566 -0.022828 0.999737 0.002334 16.550049 15.267721 29.157497 -0.019683 0.999802 0.002870 17.829067 -22.161196 20.411909 -0.756299 -0.019908 0.653924 21.739531 37.742355 26.321190 0.770171 0.006827 -0.637801 
25.094528 15.244949 41.479988 19.000000 19.000000 20.000000
16.550049 15.267721 29.157497 0.019683 -0.999802 -0.002870 17.829067 -22.161196 20.411909 -0.756299 -0.019908 0.653924 21.739531 37.742355 26.321190 -0.770171 -0.006827 0.637801 
25.094528 15.244949 41.479988 19.000000 19.000000 20.000000
16.550049 15.267721 29.157497 -0.019683 0.999802 0.002870 17.829067 -22.161196 20.411909 0.756299 0.019908 -0.653924 21.739531 37.742355 26.321190 0.770171 0.006827 -0.637801 
25.094528 15.244949 41.479988 19.000000 19.000000 20.000000
16.550049 15.267721 29.157497 0.019683 -0.999802 -0.002870 17.829067 -22.161196 20.411909 -0.756299 -0.019908 0.653924 21.739531 37.742355 26.321190 0.770171 0.006827 -0.637801 
25.094528 15.244949 41.479988 19.000000 19.000000 20.000000
16.550049 15.267721 29.157497 0.019683 -0.999802 -0.002870 17.829067 -22.161196 20.411909 0.756299 0.019908 -0.653924 21.739531 37.742355 26.321190 0.770171 0.006827 -0.637801 
25.094528 34.744949 41.979988 19.000000 20.000000 19.000000
21.739531 37.742355 26.321190 0.770171 0.006827 -0.637801 
25.094528 54.244949 41.979988 19.000000 19.000000 19.000000
17.479376 60.051701 29.247873 0.013039 -0.999914 0.001404 21.739531 37.742355 26.321190 0.770171 0.006827 -0.637801 
-34.905472 74.244949 61.479988 19.000000 19.000000 18.000000

-34.905472 54.744949 61.479988 19.000000 20.000000 18.000000

-34.905472 34.744949 61.479988 19.000000 20.000000 18.000000

-34.905472 15.244949 61.479988 19.000000 19.000000 18.000000

25.094528 54.244949 41.979988 19.000000 19.000000 19.000000
17.479376 60.051701 29.247873 -0.013039 0.999914 -0.001404 21.739531 37.742355 26.321190 0.770171 0.006827 -0.637801 
45.094528 34.744949 21.979988 19.000000 18.000000 19.000000

-15.405472 15.244949 61.479988 20.000000 19.000000 18.000000

4.594528 15.244949 61.479988 20.000000 19.000000 18.000000

24.594528 15.244949 60.979988 20.000000 19.000000 19.000000

44.594528 14.744949 41.979988 20.000000 20.000000 19.000000

64.094528 14.744949 41.979988 19.000000 20.000000 19.000000

44.594528 14.744949 60.979988 20.000000 20.000000 19.000000

64.094528 14.744949 60.979988 19.000000 20.000000 19.000000

45.094528 -5.255051 41.979988 19.000000 20.000000 19.000000

64.094528 -5.255051 41.979988 19.000000 20.000000 19.000000

45.094528 -5.255051 60.979988 19.000000 20.000000 19.000000

64.094528 -5.255051 60.979988 19.000000 20.000000 19.000000

45.094528 -25.255051 41.979988 19.000000 20.000000 19.000000

64.094528 -25.255051 41.979988 19.000000 20.000000 19.000000

44.594528 -45.255051 41.979988 20.000000 20.000000 19.000000

64.094528 -45.255051 41.979988 19.000000 20.000000 19.000000

44.594528 -65.255051 41.979988 20.000000 20.000000 19.000000

64.094528 -65.255051 41.979988 19.000000 20.000000 19.000000

45.094528 -84.755051 41.979988 19.000000 19.000000 19.000000

64.094528 -84.755051 41.979988 19.000000 19.000000 19.000000

45.094528 -25.255051 60.979988 19.000000 20.000000 19.000000

45.094528 -45.255051 60.979988 19.000000 20.000000 19.000000

45.094528 -65.255051 60.979988 19.000000 20.000000 19.000000

45.094528 -84.755051 60.979988 19.000000 19.000000 19.000000

64.094528 -25.255051 60.979988 19.000000 20.000000 19.000000

64.094528 -45.255051 60.979988 19.000000 20.000000 19.000000

64.094528 -84.755051 60.979988 19.000000 19.000000 19.000000

64.094528 -65.255051 60.979988 19.000000 20.000000 19.000000

-14.905472 94.744949 21.979988 19.000000 18.000000 19.000000

-14.905472 94.744949 41.479988 19.000000 18.000000 20.000000

-15.405472 34.744949 61.479988 20.000000 20.000000 18.000000

-15.405472 54.744949 61.479988 20.000000 20.000000 18.000000

-15.405472 74.744949 61.479988 20.000000 20.000000 18.000000

-14.905472 94.244949 60.979988 19.000000 19.000000 19.000000

4.594528 94.744949 21.979988 20.000000 18.000000 19.000000

4.594528 94.744949 41.479988 20.000000 18.000000 20.000000

4.594528 34.744949 61.479988 20.000000 20.000000 18.000000

4.594528 54.744949 61.479988 20.000000 20.000000 18.000000

4.594528 74.744949 61.479988 20.000000 20.000000 18.000000

4.594528 94.244949 60.979988 20.000000 19.000000 19.000000

24.594528 94.744949 21.979988 20.000000 18.000000 19.000000

24.594528 94.744949 41.479988 20.000000 18.000000 20.000000

24.594528 34.744949 60.979988 20.000000 20.000000 19.000000

24.594528 54.744949 60.979988 20.000000 20.000000 19.000000

24.594528 74.744949 61.479988 20.000000 20.000000 18.000000

24.594528 94.244949 60.979988 20.000000 19.000000 19.000000

64.094528 35.244949 21.979988 19.000000 19.000000 19.000000

64.594528 54.744949 21.979988 18.000000 20.000000 19.000000

45.094528 75.244949 21.979988 19.000000 19.000000 19.000000

64.094528 74.744949 21.979988 19.000000 20.000000 19.000000

44.594528 94.244949 21.979988 20.000000 19.000000 19.000000

64.094528 94.244949 21.979988 19.000000 19.000000 19.000000

44.594528 34.744949 41.479988 20.000000 20.000000 20.000000

64.094528 34.744949 41.479988 19.000000 20.000000 20.000000

44.594528 34.744949 60.979988 20.000000 20.000000 19.000000

64.094528 34.744949 60.979988 19.000000 20.000000 19.000000

44.594528 54.744949 41.979988 20.000000 20.000000 19.000000

64.094528 54.744949 41.479988 19.000000 20.000000 20.000000

44.594528 54.744949 60.979988 20.000000 20.000000 19.000000

64.094528 54.744949 60.979988 19.000000 20.000000 19.000000

45.094528 74.744949 41.479988 19.000000 20.000000 20.000000

64.094528 74.744949 41.479988 19.000000 20.000000 20.000000

44.594528 94.244949 41.479988 20.000000 19.000000 20.000000

64.094528 94.244949 41.479988 19.000000 19.000000 20.000000

44.594528 74.744949 60.979988 20.000000 20.000000 19.000000

44.594528 94.244949 60.979988 20.000000 19.000000 19.000000

64.094528 74.744949 60.979988 19.000000 20.000000 19.000000

64.094528 94.244949 60.979988 19.000000 19.000000 19.000000

70
5.094528 14.244949 -58.520012 19.000000 19.000000 18.000000

24.094528 14.244949 -58.520012 19.000000 19.000000 18.000000

4.594528 -25.255051 20.979988 18.000000 18.000000 19.000000
18.585365 -22.141289 19.757986 0.756299 0.019908 -0.653924 
4.594528 -25.255051 1.479988 18.000000 18.000000 20.000000

-35.405472 -25.255051 0.979988 18.000000 18.000000 19.000000

24.094528 -24.755051 -19.020012 19.000000 19.000000 19.000000
29.061491 -21.739372 -24.039213 -0.595048 -0.013622 -0.803575 
24.094528 -5.755051 -19.020012 19.000000 19.000000 19.000000
29.061491 -21.739372 -24.039213 -0.595048 -0.013622 -0.803575 
4.594528 -5.755051 -19.020012 20.000000 19.000000 19.000000

4.594528 -24.755051 -18.520012 20.000000 19.000000 20.000000

-15.405472 -5.755051 -19.020012 20.000000 19.000000 19.000000
-14.908715 -22.769688 -22.794987 0.783713 0.010765 -0.621029 
-15.405472 -24.755051 -19.020012 20.000000 19.000000 19.000000
-14.908715 -22.769688 -22.794987 0.783713 0.010765 -0.621029 
24.094528 -5.755051 -38.520012 19.000000 19.000000 20.000000

4.594528 -5.755051 -38.520012 20.000000 19.000000 20.000000

-15.405472 -5.755051 -38.520012 20.000000 19.000000 20.000000
-14.908715 -22.769688 -22.794987 0.783713 0.010765 -0.621029 
24.094528 -24.755051 -38.520012 19.000000 19.000000 20.000000

4.594528 -24.755051 -38.520012 20.000000 19.000000 20.000000

24.094528 -5.255051 -58.020012 19.000000 20.000000 19.000000

4.594528 -5.255051 -58.020012 20.000000 20.000000 19.000000

-15.405472 -5.755051 -58.020012 20.000000 19.000000 19.000000

-35.405472 -5.755051 -19.020012 20.000000 19.000000 19.000000

-35.405472 -5.755051 -38.520012 20.000000 19.000000 20.000000

-35.405472 -5.755051 -58.020012 20.000000 19.000000 19.000000

-54.905472 -5.755051 -19.020012 19.000000 19.000000 19.000000

-54.905472 -5.755051 -38.520012 19.000000 19.000000 20.000000

-54.905472 -5.755051 -58.020012 19.000000 19.000000 19.000000

24.094528 -25.255051 -58.020012 19.000000 20.000000 19.000000

4.594528 -25.255051 -58.020012 20.000000 20.000000 19.000000

-15.405472 -25.255051 -38.520012 20.000000 20.000000 20.000000

-15.405472 -25.255051 -58.020012 20.000000 20.000000 19.000000

-35.405472 -25.255051 -18.520012 20.000000 20.000000 20.000000

-35.405472 -25.255051 -38.520012 20.000000 20.000000 20.000000

-35.405472 -25.255051 -58.020012 20.000000 20.000000 19.000000

-54.905472 -25.255051 -19.020012 19.000000 20.000000 19.000000

-54.905472 -25.255051 -38.520012 19.000000 20.000000 20.000000

-54.905472 -25.255051 -58.020012 19.000000 20.000000 19.000000

24.094528 -45.255051 -58.520012 19.000000 20.000000 18.000000

4.594528 -45.255051 -58.520012 20.000000 20.000000 18.000000

-15.905472 -45.255051 -39.020012 19.000000 20.000000 19.000000

-15.405472 -45.255051 -58.020012 20.000000 20.000000 19.000000

-35.905472 -45.255051 -19.020012 19.000000 20.000000 19.000000

-35.405472 -45.255051 -38.520012 20.000000 20.000000 20.000000

-35.405472 -45.255051 -58.020012 20.000000 20.000000 19.000000

-54.905472 -45.255051 -19.020012 19.000000 20.000000 19.000000

-54.905472 -45.255051 -38.520012 19.000000 20.000000 20.000000

-54.905472 -45.255051 -58.020012 19.000000 20.000000 19.000000

24.094528 -85.255051 -19.020012 19.000000 18.000000 19.000000

4.594528 -85.255051 -19.020012 20.000000 18.000000 19.000000

-15.405472 -85.255051 -19.020012 20.000000 18.000000 19.000000

-35.905472 -65.255051 -19.020012 19.000000 20.000000 19.000000

-35.405472 -84.755051 -19.020012 20.000000 19.000000 19.000000

-54.905472 -65.255051 -19.020012 19.000000 20.000000 19.000000

-54.905472 -84.755051 -19.020012 19.000000 19.000000 19.000000

24.094528 -65.255051 -58.520012 19.000000 20.000000 18.000000

4.594528 -65.255051 -58.520012 20.000000 20.000000 18.000000

-15.905472 -65.255051 -39.020012 19.000000 20.000000 19.000000

-15.405472 -65.255051 -58.020012 20.000000 20.000000 19.000000

-35.405472 -65.255051 -38.520012 20.000000 20.000000 20.000000

-35.405472 -65.255051 -58.020012 20.000000 20.000000 19.000000

-54.905472 -65.255051 -38.520012 19.000000 20.000000 20.000000

-54.905472 -65.255051 -58.020012 19.000000 20.000000 19.000000

24.094528 -85.255051 -38.520012 19.000000 18.000000 20.000000

4.594528 -85.255051 -38.520012 20.000000 18.000000 20.000000

-15.405472 -84.755051 -38.520012 20.000000 19.000000 20.000000

-35.405472 -84.755051 -38.520012 20.000000 19.000000 20.000000

-54.905472 -84.755051 -38.520012 19.000000 19.000000 20.000000

24.094528 -84.755051 -58.020012 19.000000 19.000000 19.000000

4.594528 -84.755051 -58.020012 20.000000 19.000000 19.000000

-15.405472 -84.755051 -58.020012 20.000000 19.000000 19.000000

-54.905472 -84.755051 -58.020012 19.000000 19.000000 19.000000

-35.405472 -84.755051 -58.020012 20.000000 19.000000 19.000000

68
-34.905472 -5.255051 1.479988 19.000000 18.000000 18.000000

-15.405472 -5.255051 1.479988 20.000000 18.000000 18.000000

4.594528 -5.255051 1.979988 20.000000 18.000000 19.000000

5.094528 -5.255051 20.979988 19.000000 18.000000 19.000000
18.585365 -22.141289 19.757986 0.756299 0.019908 -0.653924 
24.594528 -5.255051 20.979988 20.000000 18.000000 19.000000
18.585365 -22.141289 19.757986 0.756299 0.019908 -0.653924 
24.594528 -5.255051 1.479988 20.000000 18.000000 20.000000

25.094528 -44.755051 -18.520012 19.000000 19.000000 18.000000
27.283279 -58.257652 -26.338209 -0.023767 0.999718 0.000022 18.766600 -58.466408 -28.969847 -0.024934 0.999689 0.000038 32.637173 -58.138279 -18.362352 -0.022315 0.999749 0.001742 29.656540 -21.725750 -23.235638 0.595048 0.013622 0.803575 
25.094528 -25.255051 -18.520012 19.000000 20.000000 18.000000
29.656540 -21.725750 -23.235638 0.595048 0.013622 0.803575 
25.094528 -5.255051 -18.020012 19.000000 20.000000 19.000000
29.656540 -21.725750 -23.235638 0.595048 0.013622 0.803575 
25.094528 14.244949 -18.520012 19.000000 19.000000 18.000000
23.763222 15.610639 -26.951092 0.020542 -0.999787 0.001853 30.952183 15.757824 -17.198620 0.022820 -0.999737 -0.002336 29.656540 -21.725750 -23.235638 0.595048 0.013622 0.803575 27.314323 37.938446 -22.526394 -0.599000 -0.014280 -0.800622 
25.094528 14.244949 -18.520012 19.000000 19.000000 18.000000
23.763222 15.610639 -26.951092 0.020542 -0.999787 0.001853 30.952183 15.757824 -17.198620 0.022820 -0.999737 -0.002336 29.656540 -21.725750 -23.235638 -0.595048 -0.013622 -0.803575 27.314323 37.938446 -22.526394 0.599000 0.014280 0.800622 
25.094528 14.244949 -18.520012 19.000000 19.000000 18.000000
23.763222 15.610639 -26.951092 0.020542 -0.999787 0.001853 30.952183 15.757824 -17.198620 0.022820 -0.999737 -0.002336 29.656540 -21.725750 -23.235638 0.595048 0.013622 0.803575 27.314323 37.938446 -22.526394 0.599000 0.014280 0.800622 
25.094528 14.244949 -18.520012 19.000000 19.000000 18.000000
23.763222 15.610639 -26.951092 -0.020542 0.999787 -0.001853 30.952183 15.757824 -17.198620 -0.022820 0.999737 0.002336 29.656540 -21.725750 -23.235638 0.595048 0.013622 0.803575 27.314323 37.938446 -22.526394 0.599000 0.014280 0.800622 
44.594528 -5.255051 20.979988 20.000000 18.000000 19.000000

44.594528 -5.255051 1.479988 20.000000 18.000000 20.000000

44.594528 -44.755051 -19.020012 20.000000 19.000000 19.000000
32.637173 -58.138279 -18.362352 -0.022315 0.999749 0.001742 29.656540 -21.725750 -23.235638 0.595048 0.013622 0.803575 
44.594528 -25.255051 -19.020012 20.000000 20.000000 19.000000
29.656540 -21.725750 -23.235638 0.595048 0.013622 0.803575 
44.594528 14.244949 -19.020012 20.000000 19.000000 19.000000
30.952183 15.757824 -17.198620 -0.022820 0.999737 0.002336 29.656540 -21.725750 -23.235638 0.595048 0.013622 0.803575 27.314323 37.938446 -22.526394 0.599000 0.014280 0.800622 
44.594528 14.244949 -19.020012 20.000000 19.000000 19.000000
30.952183 15.757824 -17.198620 0.022820 -0.999737 -0.002336 29.656540 -21.725750 -23.235638 0.595048 0.013622 0.803575 27.314323 37.938446 -22.526394 0.599000 0.014280 0.800622 
44.594528 -5.255051 -18.520012 20.000000 20.000000 20.000000
29.656540 -21.725750 -23.235638 0.595048 0.013622 0.803575 
44.594528 14.244949 -19.020012 20.000000 19.000000 19.000000
30.952183 15.757824 -17.198620 0.022820 -0.999737 -0.002336 29.656540 -21.725750 -23.235638 -0.595048 -0.013622 -0.803575 27.314323 37.938446 -22.526394 -0.599000 -0.014280 -0.800622 
44.594528 14.244949 -19.020012 20.000000 19.000000 19.000000
30.952183 15.757824 -17.198620 -0.022820 0.999737 0.002336 29.656540 -21.725750 -23.235638 -0.595048 -0.013622 -0.803575 27.314323 37.938446 -22.526394 -0.599000 -0.014280 -0.800622 
64.594528 14.244949 20.979988 18.000000 19.000000 19.000000

64.594528 14.244949 1.479988 18.000000 19.000000 20.000000

64.094528 14.244949 -18.520012 19.000000 19.000000 20.000000

45.094528 14.244949 -38.520012 19.000000 19.000000 20.000000

64.094528 14.244949 -38.520012 19.000000 19.000000 20.000000

45.094528 14.244949 -58.020012 19.000000 19.000000 19.000000

64.094528 14.244949 -58.020012 19.000000 19.000000 19.000000

44.594528 -5.255051 -18.520012 20.000000 20.000000 20.000000
29.656540 -21.725750 -23.235638 -0.595048 -0.013622 -0.803575 
64.094528 -5.255051 20.979988 19.000000 20.000000 19.000000

64.094528 -5.255051 1.479988 19.000000 20.000000 20.000000

64.094528 -5.255051 -18.520012 19.000000 20.000000 20.000000

45.094528 -5.255051 -38.520012 19.000000 20.000000 20.000000

64.094528 -5.255051 -38.520012 19.000000 20.000000 20.000000

45.094528 -5.255051 -58.020012 19.000000 20.000000 19.000000

64.094528 -5.255051 -58.020012 19.000000 20.000000 19.000000

64.594528 -25.255051 20.979988 18.000000 20.000000 19.000000

64.594528 -25.255051 1.479988 18.000000 20.000000 20.000000

64.094528 -25.255051 -18.520012 19.000000 20.000000 20.000000

45.094528 -25.255051 -38.520012 19.000000 20.000000 20.000000

64.094528 -25.255051 -38.520012 19.000000 20.000000 20.000000

45.094528 -25.255051 -58.020012 19.000000 20.000000 19.000000

64.094528 -25.255051 -58.020012 19.000000 20.000000 19.000000

64.594528 -45.255051 20.979988 18.000000 20.000000 19.000000

64.594528 -45.255051 1.479988 18.000000 20.000000 20.000000

64.094528 -45.255051 -18.520012 19.000000 20.000000 20.000000

45.094528 -45.255051 -38.520012 19.000000 20.000000 20.000000

64.094528 -45.255051 -38.520012 19.000000 20.000000 20.000000

45.094528 -45.255051 -58.020012 19.000000 20.000000 19.000000

64.094528 -45.255051 -58.020012 19.000000 20.000000 19.000000

64.594528 -65.255051 20.979988 18.000000 20.000000 19.000000

64.594528 -65.255051 1.479988 18.000000 20.000000 20.000000

64.594528 -65.255051 -18.520012 18.000000 20.000000 20.000000

45.094528 -65.255051 -39.020012 19.000000 20.000000 19.000000

64.094528 -65.255051 -38.520012 19.000000 20.000000 20.000000

45.094528 -65.255051 -58.020012 19.000000 20.000000 19.000000

64.094528 -65.255051 -58.020012 19.000000 20.000000 19.000000

45.094528 -85.255051 20.979988 19.000000 18.000000 19.000000

64.094528 -84.755051 20.979988 19.000000 19.000000 19.000000

45.094528 -85.255051 1.479988 19.000000 18.000000 20.000000

64.094528 -84.755051 1.479988 19.000000 19.000000 20.000000

45.094528 -85.255051 -18.520012 19.000000 18.000000 20.000000

45.094528 -84.755051 -38.520012 19.000000 19.000000 20.000000

45.094528 -84.755051 -58.020012 19.000000 19.000000 19.000000

64.094528 -84.755051 -18.520012 19.000000 19.000000 20.000000

64.094528 -84.755051 -58.020012 19.000000 19.000000 19.000000

64.094528 -84.755051 -38.520012 19.000000 19.000000 20.000000

71
-15.905472 55.244949 -19.020012 19.000000 19.000000 19.000000
-16.853298 60.596737 -31.054722 -0.012291 0.999919 -0.003189 -24.655655 60.509861 -24.988819 -0.011994 0.999928 -0.000182 -29.920174 60.437061 -16.765646 -0.012757 0.999918 0.001406 -10.982792 60.750263 -14.919757 -0.015545 0.999876 -0.002599 -21.217934 37.092857 -28.186932 -0.780335 -0.008313 0.625306 
-15.905472 74.744949 20.979988 19.000000 18.000000 19.000000
-13.695704 60.624065 31.448080 -0.013788 0.999904 -0.001709 -23.806385 60.479416 24.905249 -0.013046 0.999914 -0.001388 -14.430052 60.681915 9.571268 -0.016762 0.999855 0.002945 
-35.405472 55.244949 -19.020012 20.000000 19.000000 19.000000
-24.655655 60.509861 -24.988819 -0.011994 0.999928 -0.000182 -29.920174 60.437061 -16.765646 -0.012757 0.999918 0.001406 -21.217934 37.092857 -28.186932 -0.780335 -0.008313 0.625306 
-15.905472 55.244949 -19.020012 19.000000 19.000000 19.000000
-16.853298 60.596737 -31.054722 -0.012291 0.999919 -0.003189 -24.655655 60.509861 -24.988819 -0.011994 0.999928 -0.000182 -29.920174 60.437061 -16.765646 -0.012757 0.999918 0.001406 -10.982792 60.750263 -14.919757 -0.015545 0.999876 -0.002599 -21.217934 37.092857 -28.186932 0.780335 0.008313 -0.625306 
-15.905472 75.244949 1.479988 19.000000 19.000000 20.000000
-14.430052 60.681915 9.571268 -0.016762 0.999855 0.002945 -10.982792 60.750263 -14.919757 -0.015545 0.999876 -0.002599 
-15.905472 74.744949 -18.520012 19.000000 20.000000 20.000000
-16.853298 60.596737 -31.054722 -0.012291 0.999919 -0.003189 -24.655655 60.509861 -24.988819 -0.011994 0.999928 -0.000182 -10.982792 60.750263 -14.919757 -0.015545 0.999876 -0.002599 
-35.905472 75.244949 40.979988 19.000000 19.000000 19.000000

-35.405472 75.244949 21.479988 20.000000 19.000000 20.000000
-31.018028 60.382053 15.429373 -0.011993 0.999928 -0.000181 -23.806385 60.479416 24.905249 -0.013046 0.999914 -0.001388 
-35.405472 75.244949 1.479988 20.000000 19.000000 20.000000
-33.300423 60.381519 -6.461501 -0.012435 0.999921 0.001988 -33.948898 60.357571 4.683788 -0.011856 0.999929 0.001468 
-35.405472 74.744949 -18.520012 20.000000 20.000000 20.000000
-24.655655 60.509861 -24.988819 -0.011994 0.999928 -0.000182 -29.920174 60.437061 -16.765646 -0.012757 0.999918 0.001406 
-15.905472 55.244949 -38.520012 19.000000 19.000000 20.000000
-6.825597 60.709248 -34.579453 -0.012325 0.999919 -0.003174 -16.853298 60.596737 -31.054722 -0.012291 0.999919 -0.003189 -21.217934 37.092857 -28.186932 -0.780335 -0.008313 0.625306 
-15.905472 55.244949 -38.520012 19.000000 19.000000 20.000000
-6.825597 60.709248 -34.579453 -0.012325 0.999919 -0.003174 -16.853298 60.596737 -31.054722 -0.012291 0.999919 -0.003189 -21.217934 37.092857 -28.186932 0.780335 0.008313 -0.625306 
-15.905472 74.744949 -38.520012 19.000000 20.000000 20.000000
-6.825597 60.709248 -34.579453 -0.012325 0.999919 -0.003174 -16.853298 60.596737 -31.054722 -0.012291 0.999919 -0.003189 
-35.905472 15.244949 -39.020012 19.000000 19.000000 19.000000
-21.217934 37.092857 -28.186932 0.780335 0.008313 -0.625306 
-35.905472 34.744949 -39.020012 19.000000 20.000000 19.000000
-21.217934 37.092857 -28.186932 0.780335 0.008313 -0.625306 
-35.405472 54.744949 -38.520012 20.000000 20.000000 20.000000
-21.217934 37.092857 -28.186932 0.780335 0.008313 -0.625306 
-15.905472 15.244949 -58.520012 19.000000 19.000000 18.000000

-35.405472 15.244949 -58.020012 20.000000 19.000000 19.000000

-55.405472 15.244949 60.979988 18.000000 19.000000 19.000000

-55.405472 15.244949 41.479988 18.000000 19.000000 20.000000

-55.405472 15.244949 21.479988 18.000000 19.000000 20.000000

-55.405472 15.244949 1.479988 18.000000 19.000000 20.000000

-55.405472 15.244949 -18.520012 18.000000 19.000000 20.000000

-54.905472 15.244949 -38.520012 19.000000 19.000000 20.000000

-54.905472 15.244949 -58.020012 19.000000 19.000000 19.000000

-15.905472 94.244949 0.979988 19.000000 19.000000 19.000000

-15.905472 94.244949 -18.520012 19.000000 19.000000 20.000000

-15.905472 94.244949 -38.520012 19.000000 19.000000 20.000000

-15.905472 34.744949 -58.520012 19.000000 20.000000 18.000000

-15.905472 54.744949 -58.020012 19.000000 20.000000 19.000000

-15.905472 74.744949 -58.020012 19.000000 20.000000 19.000000

-15.905472 94.244949 -58.020012 19.000000 19.000000 19.000000

-35.405472 34.744949 -58.020012 20.000000 20.000000 19.000000

-55.405472 34.744949 60.979988 18.000000 20.000000 19.000000

-55.405472 34.744949 41.479988 18.000000 20.000000 20.000000

-55.405472 34.744949 21.479988 18.000000 20.000000 20.000000

-55.405472 34.744949 1.479988 18.000000 20.000000 20.000000

-55.405472 34.744949 -18.520012 18.000000 20.000000 20.000000

-54.905472 34.744949 -38.520012 19.000000 20.000000 20.000000

-54.905472 34.744949 -58.020012 19.000000 20.000000 19.000000

-35.905472 94.744949 60.979988 19.000000 18.000000 19.000000

-35.905472 94.244949 41.479988 19.000000 19.000000 20.000000

-35.905472 94.244949 21.479988 19.000000 19.000000 20.000000

-35.405472 94.244949 1.479988 20.000000 19.000000 20.000000

-35.405472 94.244949 -18.520012 20.000000 19.000000 20.000000

-35.405472 74.744949 -38.520012 20.000000 20.000000 20.000000

-35.405472 94.244949 -38.520012 20.000000 19.000000 20.000000

-35.405472 54.744949 -58.020012 20.000000 20.000000 19.000000

-35.405472 74.744949 -58.020012 20.000000 20.000000 19.000000

-35.405472 94.244949 -58.020012 20.000000 19.000000 19.000000

-55.405472 54.744949 60.979988 18.000000 20.000000 19.000000

-55.405472 54.744949 41.479988 18.000000 20.000000 20.000000

-55.405472 54.744949 21.479988 18.000000 20.000000 20.000000

-55.405472 54.744949 1.479988 18.000000 20.000000 20.000000

-54.905472 54.744949 -18.520012 19.000000 20.000000 20.000000

-54.905472 54.744949 -38.520012 19.000000 20.000000 20.000000

-54.905472 54.744949 -58.020012 19.000000 20.000000 19.000000

-54.905472 74.744949 21.479988 19.000000 20.000000 20.000000

-54.905472 74.744949 41.479988 19.000000 20.000000 20.000000

-55.405472 74.744949 60.979988 18.000000 20.000000 19.000000

-54.905472 94.244949 21.479988 19.000000 19.000000 20.000000

-54.905472 94.244949 41.479988 19.000000 19.000000 20.000000

-54.905472 94.244949 60.979988 19.000000 19.000000 19.000000

-54.905472 74.744949 1.479988 19.000000 20.000000 20.000000

-54.905472 74.744949 -18.520012 19.000000 20.000000 20.000000

-54.905472 74.744949 -38.520012 19.000000 20.000000 20.000000

-54.905472 74.744949 -58.020012 19.000000 20.000000 19.000000

-54.905472 94.244949 1.479988 19.000000 19.000000 20.000000

-54.905472 94.244949 -18.520012 19.000000 19.000000 20.000000

-54.905472 94.244949 -58.020012 19.000000 19.000000 19.000000

-54.905472 94.244949 -38.520012 19.000000 19.000000 20.000000

76
-15.905472 -24.755051 21.979988 19.000000 19.000000 19.000000
-29.032200 -22.853506 20.750271 -0.542377 -0.009970 -0.840076 
-15.905472 -5.255051 21.979988 19.000000 20.000000 19.000000
-29.032200 -22.853506 20.750271 -0.542377 -0.009970 -0.840076 
-35.905472 -44.755051 21.979988 19.000000 19.000000 19.000000
-29.830582 -59.140903 16.587072 -0.013000 0.999899 -0.005789 -24.780401 -59.044170 25.275263 -0.012067 0.999925 -0.001931 -29.032200 -22.853506 20.750271 -0.542377 -0.009970 -0.840076 
-35.405472 -25.255051 21.979988 20.000000 20.000000 19.000000
-29.032200 -22.853506 20.750271 -0.542377 -0.009970 -0.840076 
-35.405472 -5.255051 21.979988 20.000000 20.000000 19.000000
-29.032200 -22.853506 20.750271 -0.542377 -0.009970 -0.840076 
24.094528 -5.755051 41.979988 19.000000 19.000000 19.000000

24.094528 -24.755051 41.979988 19.000000 19.000000 19.000000

4.594528 -5.755051 41.979988 20.000000 19.000000 19.000000

4.594528 -24.755051 41.979988 20.000000 19.000000 19.000000

-15.405472 -5.755051 41.479988 20.000000 19.000000 20.000000

-15.405472 -24.755051 41.479988 20.000000 19.000000 20.000000

24.094528 -5.755051 60.979988 19.000000 19.000000 19.000000

4.594528 -5.755051 60.979988 20.000000 19.000000 19.000000

-15.405472 -5.755051 60.979988 20.000000 19.000000 19.000000

-35.405472 -5.755051 41.479988 20.000000 19.000000 20.000000

-35.405472 -5.755051 60.979988 20.000000 19.000000 19.000000

-55.405472 -5.755051 1.979988 18.000000 19.000000 19.000000

-54.905472 -5.755051 21.479988 19.000000 19.000000 20.000000

-54.905472 -5.755051 41.479988 19.000000 19.000000 20.000000

-54.905472 -5.755051 60.979988 19.000000 19.000000 19.000000

24.094528 -25.255051 60.979988 19.000000 20.000000 19.000000

4.594528 -25.255051 60.979988 20.000000 20.000000 19.000000

-15.405472 -25.255051 60.979988 20.000000 20.000000 19.000000

-35.405472 -25.255051 41.479988 20.000000 20.000000 20.000000

-35.405472 -25.255051 60.979988 20.000000 20.000000 19.000000

-55.405472 -25.255051 1.979988 18.000000 20.000000 19.000000

-54.905472 -25.255051 21.479988 19.000000 20.000000 20.000000

-54.905472 -25.255051 41.479988 19.000000 20.000000 20.000000

-54.905472 -25.255051 60.979988 19.000000 20.000000 19.000000

24.094528 -45.255051 61.479988 19.000000 20.000000 18.000000

4.594528 -45.255051 61.479988 20.000000 20.000000 18.000000

-15.405472 -45.255051 61.479988 20.000000 20.000000 18.000000

-35.905472 -45.255051 41.479988 19.000000 20.000000 20.000000

-35.405472 -45.255051 60.979988 20.000000 20.000000 19.000000

-55.405472 -45.255051 1.979988 18.000000 20.000000 19.000000

-54.905472 -45.255051 21.479988 19.000000 20.000000 20.000000

-54.905472 -45.255051 41.479988 19.000000 20.000000 20.000000

-54.905472 -45.255051 60.979988 19.000000 20.000000 19.000000

24.094528 -85.255051 1.979988 19.000000 18.000000 19.000000

4.594528 -85.255051 1.979988 20.000000 18.000000 19.000000

-15.405472 -85.255051 1.979988 20.000000 18.000000 19.000000

-35.405472 -85.255051 1.979988 20.000000 18.000000 19.000000

-55.405472 -65.255051 1.979988 18.000000 20.000000 19.000000

-54.905472 -84.755051 1.979988 19.000000 19.000000 19.000000

24.094528 -85.255051 21.479988 19.000000 18.000000 20.000000

4.594528 -85.255051 21.479988 20.000000 18.000000 20.000000

-15.405472 -85.255051 21.479988 20.000000 18.000000 20.000000

-35.405472 -85.255051 21.479988 20.000000 18.000000 20.000000

-55.405472 -65.255051 21.479988 18.000000 20.000000 20.000000

-54.905472 -84.755051 21.479988 19.000000 19.000000 20.000000

24.094528 -65.255051 61.479988 19.000000 20.000000 18.000000

24.094528 -85.255051 41.479988 19.000000 18.000000 20.000000

24.094528 -84.755051 60.979988 19.000000 19.000000 19.000000

4.594528 -65.255051 61.479988 20.000000 20.000000 18.000000

4.594528 -85.255051 41.479988 20.000000 18.000000 20.000000

4.594528 -84.755051 60.979988 20.000000 19.000000 19.000000

-15.405472 -65.255051 61.479988 20.000000 20.000000 18.000000

-15.405472 -85.255051 41.479988 20.000000 18.000000 20.000000

-15.405472 -84.755051 60.979988 20.000000 19.000000 19.000000

-35.905472 -65.255051 41.979988 19.000000 20.000000 19.000000

-35.405472 -84.755051 41.479988 20.000000 19.000000 20.000000

-54.905472 -65.255051 41.479988 19.000000 20.000000 20.000000

-54.905472 -84.755051 41.479988 19.000000 19.000000 20.000000

-35.405472 -65.255051 60.979988 20.000000 20.000000 19.000000

-54.905472 -65.255051 60.979988 19.000000 20.000000 19.000000

-54.905472 -84.755051 60.979988 19.000000 19.000000 19.000000

-35.405472 -84.755051 60.979988 20.000000 19.000000 19.000000

-34.905472 14.744949 21.479988 19.000000 20.000000 18.000000
-30.896656 14.371016 15.465214 -0.017021 0.999854 0.001630 -24.283970 14.472237 25.702442 -0.019671 0.999802 0.002867 -29.032200 -22.853506 20.750271 -0.542377 -0.009970 -0.840076 -28.515516 36.907963 20.849230 -0.601951 -0.011290 -0.798453 
-15.905472 14.744949 21.479988 19.000000 20.000000 18.000000
-30.896656 14.371016 15.465214 -0.017021 0.999854 0.001630 -15.088627 14.632427 32.587784 -0.019680 0.999802 0.002884 -24.283970 14.472237 25.702442 -0.019671 0.999802 0.002867 -29.032200 -22.853506 20.750271 -0.542377 -0.009970 -0.840076 -28.515516 36.907963 20.849230 -0.601951 -0.011290 -0.798453 
-15.905472 14.744949 21.479988 19.000000 20.000000 18.000000
-30.896656 14.371016 15.465214 0.017021 -0.999854 -0.001630 -15.088627 14.632427 32.587784 0.019680 -0.999802 -0.002884 -24.283970 14.472237 25.702442 0.019671 -0.999802 -0.002867 -29.032200 -22.853506 20.750271 -0.542377 -0.009970 -0.840076 -28.515516 36.907963 20.849230 0.601951 0.011290 0.798453 
-34.905472 14.744949 21.479988 19.000000 20.000000 18.000000
-30.896656 14.371016 15.465214 0.017021 -0.999854 -0.001630 -24.283970 14.472237 25.702442 0.019671 -0.999802 -0.002867 -29.032200 -22.853506 20.750271 -0.542377 -0.009970 -0.840076 -28.515516 36.907963 20.849230 -0.601951 -0.011290 -0.798453 
-15.905472 14.744949 21.479988 19.000000 20.000000 18.000000
-30.896656 14.371016 15.465214 0.017021 -0.999854 -0.001630 -15.088627 14.632427 32.587784 0.019680 -0.999802 -0.002884 -24.283970 14.472237 25.702442 0.019671 -0.999802 -0.002867 -29.032200 -22.853506 20.750271 -0.542377 -0.009970 -0.840076 -28.515516 36.907963 20.849230 -0.601951 -0.011290 -0.798453 
-34.905472 54.244949 21.479988 19.000000 19.000000 18.000000
-30.994041 58.382198 15.429735 0.011993 -0.999928 0.000181 -23.780293 58.479591 24.908026 0.013046 -0.999914 0.001388 -14.396528 58.682205 9.565378 0.016762 -0.999855 -0.002945 -28.515516 36.907963 20.849230 -0.601951 -0.011290 -0.798453 
-15.905472 54.244949 21.479988 19.000000 19.000000 18.000000
-30.994041 58.382198 15.429735 0.011993 -0.999928 0.000181 -13.668128 58.624256 31.451498 0.013788 -0.999904 0.001709 -23.780293 58.479591 24.908026 0.013046 -0.999914 0.001388 -14.396528 58.682205 9.565378 0.016762 -0.999855 -0.002945 -28.515516 36.907963 20.849230 -0.601951 -0.011290 -0.798453 
-34.905472 34.744949 21.479988 19.000000 20.000000 18.000000
-28.515516 36.907963 20.849230 -0.601951 -0.011290 -0.798453 
-15.905472 34.744949 21.479988 19.000000 20.000000 18.000000
-28.515516 36.907963 20.849230 -0.601951 -0.011290 -0.798453 
48
25.094528 34.744949 0.979988 19.000000 18.000000 19.000000

25.094528 34.744949 -18.520012 19.000000 18.000000 20.000000
27.314323 37.938446 -22.526394 0.599000 0.014280 0.800622 
44.594528 34.744949 0.979988 20.000000 18.000000 19.000000

44.594528 34.744949 -18.520012 20.000000 18.000000 20.000000
27.314323 37.938446 -22.526394 0.599000 0.014280 0.800622 
5.094528 34.744949 -39.020012 19.000000 18.000000 19.000000

24.594528 34.744949 -38.520012 20.000000 18.000000 20.000000

44.594528 34.744949 -18.520012 20.000000 18.000000 20.000000
27.314323 37.938446 -22.526394 -0.599000 -0.014280 -0.800622 
64.094528 35.244949 0.979988 19.000000 19.000000 19.000000

64.094528 35.244949 -18.520012 19.000000 19.000000 20.000000

44.594528 35.244949 -38.520012 20.000000 19.000000 20.000000

64.094528 35.244949 -38.520012 19.000000 19.000000 20.000000

5.094528 35.244949 -58.020012 19.000000 19.000000 19.000000

24.594528 35.244949 -58.020012 20.000000 19.000000 19.000000

44.594528 35.244949 -58.020012 20.000000 19.000000 19.000000

64.094528 35.244949 -58.020012 19.000000 19.000000 19.000000

5.094528 94.744949 0.979988 19.000000 18.000000 19.000000

5.094528 94.744949 -18.520012 19.000000 18.000000 20.000000

5.094528 94.744949 -38.520012 19.000000 18.000000 20.000000

5.094528 54.744949 -58.520012 19.000000 20.000000 18.000000

5.094528 74.744949 -58.520012 19.000000 20.000000 18.000000

5.094528 94.244949 -58.020012 19.000000 19.000000 19.000000

64.594528 54.744949 0.979988 18.000000 20.000000 19.000000

64.594528 54.744949 -18.520012 18.000000 20.000000 20.000000

45.094528 54.744949 -39.020012 19.000000 20.000000 19.000000

64.094528 54.744949 -38.520012 19.000000 20.000000 20.000000

24.594528 54.744949 -58.520012 20.000000 20.000000 18.000000

44.594528 54.744949 -58.020012 20.000000 20.000000 19.000000

64.094528 54.744949 -58.020012 19.000000 20.000000 19.000000

64.594528 74.744949 0.979988 18.000000 20.000000 19.000000

24.594528 94.744949 0.979988 20.000000 18.000000 19.000000

44.594528 94.744949 0.979988 20.000000 18.000000 19.000000

64.094528 94.244949 0.979988 19.000000 19.000000 19.000000

24.594528 94.744949 -18.520012 20.000000 18.000000 20.000000

24.594528 94.744949 -38.520012 20.000000 18.000000 20.000000

24.594528 74.744949 -58.520012 20.000000 20.000000 18.000000

24.594528 94.244949 -58.020012 20.000000 19.000000 19.000000

45.094528 75.244949 -19.020012 19.000000 19.000000 19.000000

64.094528 74.744949 -18.520012 19.000000 20.000000 20.000000

44.594528 94.244949 -18.520012 20.000000 19.000000 20.000000

64.094528 94.244949 -18.520012 19.000000 19.000000 20.000000

45.094528 74.744949 -38.520012 19.000000 20.000000 20.000000

64.094528 74.744949 -38.520012 19.000000 20.000000 20.000000

44.594528 94.244949 -38.520012 20.000000 19.000000 20.000000

64.094528 94.244949 -38.520012 19.000000 19.000000 20.000000

44.594528 74.744949 -58.020012 20.000000 20.000000 19.000000

44.594528 94.244949 -58.020012 20.000000 19.000000 19.000000

64.094528 74.744949 -58.020012 19.000000 20.000000 19.000000

64.094528 94.244949 -58.020012 19.000000 19.000000 19.000000

34
-15.405472 34.744949 21.979988 20.000000 18.000000 19.000000
-28.515516 36.907963 20.849230 0.601951 0.011290 0.798453 
-15.405472 34.744949 40.979988 20.000000 18.000000 19.000000

-35.405472 14.744949 21.979988 18.000000 20.000000 19.000000
-30.896656 14.371016 15.465214 -0.017021 0.999854 0.001630 -24.283970 14.472237 25.702442 -0.019671 0.999802 0.002867 -27.947445 -22.833567 22.430424 0.542377 0.009970 0.840076 -28.515516 36.907963 20.849230 0.601951 0.011290 0.798453 
-35.405472 14.744949 21.979988 18.000000 20.000000 19.000000
-30.896656 14.371016 15.465214 -0.017021 0.999854 0.001630 -24.283970 14.472237 25.702442 -0.019671 0.999802 0.002867 -27.947445 -22.833567 22.430424 0.542377 0.009970 0.840076 -28.515516 36.907963 20.849230 -0.601951 -0.011290 -0.798453 
-35.405472 14.744949 21.979988 18.000000 20.000000 19.000000
-30.896656 14.371016 15.465214 0.017021 -0.999854 -0.001630 -24.283970 14.472237 25.702442 0.019671 -0.999802 -0.002867 -27.947445 -22.833567 22.430424 0.542377 0.009970 0.840076 -28.515516 36.907963 20.849230 0.601951 0.011290 0.798453 
-35.405472 15.244949 40.979988 18.000000 19.000000 19.000000

-35.405472 14.744949 21.979988 18.000000 20.000000 19.000000
-30.896656 14.371016 15.465214 0.017021 -0.999854 -0.001630 -24.283970 14.472237 25.702442 0.019671 -0.999802 -0.002867 -27.947445 -22.833567 22.430424 0.542377 0.009970 0.840076 -28.515516 36.907963 20.849230 -0.601951 -0.011290 -0.798453 
-35.405472 54.244949 40.979988 18.000000 19.000000 19.000000

-35.405472 54.244949 21.979988 18.000000 19.000000 19.000000
-30.994041 58.382198 15.429735 0.011993 -0.999928 0.000181 -23.780293 58.479591 24.908026 0.013046 -0.999914 0.001388 -14.396528 58.682205 9.565378 0.016762 -0.999855 -0.002945 -28.515516 36.907963 20.849230 0.601951 0.011290 0.798453 
-34.905472 34.744949 40.979988 19.000000 20.000000 19.000000

-34.905472 34.744949 21.979988 19.000000 20.000000 19.000000
-28.515516 36.907963 20.849230 0.601951 0.011290 0.798453 
24.594528 54.244949 21.979988 18.000000 19.000000 19.000000
29.068176 59.202812 15.726985 0.014179 -0.999900 -0.000060 24.485817 59.138454 23.578011 0.013673 -0.999906 0.001113 17.492414 59.051788 29.249277 0.013039 -0.999914 0.001404 10.807905 59.029255 12.656476 0.011031 -0.999934 -0.003053 20.969360 37.735527 26.958990 -0.770171 -0.006827 0.637801 
24.594528 54.244949 40.979988 18.000000 19.000000 19.000000
17.492414 59.051788 29.249277 0.013039 -0.999914 0.001404 20.969360 37.735527 26.958990 -0.770171 -0.006827 0.637801 
24.594528 14.744949 21.979988 18.000000 20.000000 19.000000
29.445511 15.588382 15.104511 0.023754 -0.999709 -0.004124 24.346767 15.446292 22.755566 0.022828 -0.999737 -0.002334 16.550049 15.267721 29.157497 0.019683 -0.999802 -0.002870 17.829067 -22.161196 20.411909 -0.756299 -0.019908 0.653924 20.969360 37.735527 26.958990 -0.770171 -0.006827 0.637801 
24.594528 14.744949 21.979988 18.000000 20.000000 19.000000
29.445511 15.588382 15.104511 0.023754 -0.999709 -0.004124 24.346767 15.446292 22.755566 0.022828 -0.999737 -0.002334 16.550049 15.267721 29.157497 0.019683 -0.999802 -0.002870 17.829067 -22.161196 20.411909 0.756299 0.019908 -0.653924 20.969360 37.735527 26.958990 -0.770171 -0.006827 0.637801 
24.594528 14.744949 21.979988 18.000000 20.000000 19.000000
29.445511 15.588382 15.104511 -0.023754 0.999709 0.004124 24.346767 15.446292 22.755566 -0.022828 0.999737 0.002334 16.550049 15.267721 29.157497 -0.019683 0.999802 0.002870 17.829067 -22.161196 20.411909 0.756299 0.019908 -0.653924 20.969360 37.735527 26.958990 -0.770171 -0.006827 0.637801 
24.594528 14.744949 21.979988 18.000000 20.000000 19.000000
29.445511 15.588382 15.104511 -0.023754 0.999709 0.004124 24.346767 15.446292 22.755566 -0.022828 0.999737 0.002334 16.550049 15.267721 29.157497 -0.019683 0.999802 0.002870 17.829067 -22.161196 20.411909 -0.756299 -0.019908 0.653924 20.969360 37.735527 26.958990 -0.770171 -0.006827 0.637801 
24.594528 15.244949 40.979988 18.000000 19.000000 19.000000
16.550049 15.267721 29.157497 -0.019683 0.999802 0.002870 17.829067 -22.161196 20.411909 -0.756299 -0.019908 0.653924 20.969360 37.735527 26.958990 -0.770171 -0.006827 0.637801 
24.094528 34.744949 21.979988 19.000000 20.000000 19.000000
20.969360 37.735527 26.958990 -0.770171 -0.006827 0.637801 
24.094528 34.744949 40.979988 19.000000 20.000000 19.000000
20.969360 37.735527 26.958990 -0.770171 -0.006827 0.637801 
4.594528 34.744949 -18.020012 18.000000 18.000000 19.000000

4.594528 34.744949 1.479988 18.000000 18.000000 20.000000

4.594528 34.744949 21.479988 20.000000 18.000000 20.000000

4.594528 34.744949 40.979988 20.000000 18.000000 19.000000

-15.405472 -5.755051 21.479988 20.000000 19.000000 18.000000
-27.947445 -22.833567 22.430424 0.542377 0.009970 0.840076 
-15.405472 -24.755051 21.479988 20.000000 19.000000 18.000000
-27.947445 -22.833567 22.430424 0.542377 0.009970 0.840076 
-34.905472 -5.255051 21.479988 19.000000 20.000000 18.000000
-27.947445 -22.833567 22.430424 0.542377 0.009970 0.840076 
-35.405472 -44.755051 21.479988 18.000000 19.000000 18.000000
-29.830582 -59.140903 16.587072 -0.013000 0.999899 -0.005789 -24.780401 -59.044170 25.275263 -0.012067 0.999925 -0.001931 -27.947445 -22.833567 22.430424 0.542377 0.009970 0.840076 
-34.905472 -25.255051 21.479988 19.000000 20.000000 18.000000
-27.947445 -22.833567 22.430424 0.542377 0.009970 0.840076 
4.594528 -5.755051 21.479988 20.000000 19.000000 18.000000
17.829067 -22.161196 20.411909 -0.756299 -0.019908 0.653924 
4.594528 -24.755051 21.479988 20.000000 19.000000 18.000000
17.829067 -22.161196 20.411909 -0.756299 -0.019908 0.653924 
24.594528 -44.755051 21.479988 18.000000 19.000000 18.000000
21.686544 -58.506180 8.382005 -0.024415 0.999695 0.003709 16.189272 -58.650745 13.218195 -0.022323 0.999749 0.001746 17.829067 -22.161196 20.411909 -0.756299 -0.019908 0.653924 
24.094528 -25.255051 21.479988 19.000000 20.000000 18.000000
17.829067 -22.161196 20.411909 -0.756299 -0.019908 0.653924 
24.094528 -5.255051 21.479988 19.000000 20.000000 18.000000
17.829067 -22.161196 20.411909 -0.756299 -0.019908 0.653924 
11
5.094528 14.744949 20.979988 19.000000 18.000000 19.000000
16.569733 14.267919 29.154627 0.019683 -0.999802 -0.002870 6.111382 14.047103 33.959404 0.019677 -0.999802 -0.002877 -4.690200 13.832229 35.218826 0.019680 -0.999802 -0.002869 
24.594528 14.744949 20.979988 20.000000 18.000000 19.000000
29.469265 14.588673 15.100388 0.023754 -0.999709 -0.004124 24.369595 14.446555 22.753231 0.022828 -0.999737 -0.002334 16.569733 14.267919 29.154627 0.019683 -0.999802 -0.002870 18.585365 -22.141289 19.757986 0.756299 0.019908 -0.653924 22.509701 37.749184 25.683390 0.770171 0.006827 -0.637801 
44.094528 14.744949 20.979988 19.000000 18.000000 19.000000
29.469265 14.588673 15.100388 0.023754 -0.999709 -0.004124 
4.594528 14.744949 1.979988 20.000000 18.000000 19.000000

24.594528 14.744949 1.979988 20.000000 18.000000 19.000000
34.054634 14.788217 -5.839578 0.022705 -0.999734 -0.004106 33.125069 14.718829 5.250054 0.023407 -0.999715 -0.004724 
44.094528 14.744949 1.979988 19.000000 18.000000 19.000000
34.054634 14.788217 -5.839578 0.022705 -0.999734 -0.004106 33.125069 14.718829 5.250054 0.023407 -0.999715 -0.004724 
-35.405472 14.744949 -18.020012 18.000000 18.000000 19.000000
-23.848526 13.581744 -24.639420 0.017025 -0.999854 -0.001633 -29.283049 13.471923 -16.804161 0.017342 -0.999847 -0.002234 -21.998268 37.084545 -27.561626 -0.780335 -0.008313 0.625306 
-34.905472 14.744949 0.979988 19.000000 18.000000 19.000000
-32.848759 13.384247 -6.961920 0.017212 -0.999849 -0.002473 -33.670586 13.343126 4.067517 0.016975 -0.999853 -0.002254 
-15.405472 54.244949 1.479988 18.000000 19.000000 18.000000
-14.396528 58.682205 9.565378 0.016762 -0.999855 -0.002945 -10.951702 58.750515 -14.914559 0.015545 -0.999876 0.002599 
-15.405472 15.244949 1.479988 20.000000 19.000000 18.000000

-15.405472 34.744949 1.479988 18.000000 20.000000 18.000000

34
44.094528 55.244949 1.479988 19.000000 19.000000 20.000000
32.253151 61.249275 -5.867246 -0.013550 0.999908 -0.000002 31.951847 61.244659 5.463840 -0.013947 0.999903 0.000392 
44.094528 74.244949 1.479988 19.000000 19.000000 18.000000
32.253151 61.249275 -5.867246 -0.013550 0.999908 -0.000002 31.951847 61.244659 5.463840 -0.013947 0.999903 0.000392 
24.594528 55.244949 1.479988 20.000000 19.000000 20.000000
32.253151 61.249275 -5.867246 -0.013550 0.999908 -0.000002 31.951847 61.244659 5.463840 -0.013947 0.999903 0.000392 10.785843 61.029125 12.662581 -0.011031 0.999934 0.003053 13.036717 61.058826 -11.820918 -0.009783 0.999949 -0.002502 
24.594528 74.244949 1.479988 20.000000 19.000000 20.000000
32.253151 61.249275 -5.867246 -0.013550 0.999908 -0.000002 31.951847 61.244659 5.463840 -0.013947 0.999903 0.000392 10.785843 61.029125 12.662581 -0.011031 0.999934 0.003053 13.036717 61.058826 -11.820918 -0.009783 0.999949 -0.002502 
4.594528 55.244949 21.479988 20.000000 19.000000 20.000000
7.875559 60.927128 33.016434 -0.013884 0.999903 -0.001190 -2.821759 60.777740 33.950287 -0.014144 0.999899 -0.001465 10.785843 61.029125 12.662581 -0.011031 0.999934 0.003053 
5.094528 74.244949 21.479988 19.000000 19.000000 20.000000
7.875559 60.927128 33.016434 -0.013884 0.999903 -0.001190 -2.821759 60.777740 33.950287 -0.014144 0.999899 -0.001465 10.785843 61.029125 12.662581 -0.011031 0.999934 0.003053 
44.094528 54.744949 20.979988 19.000000 18.000000 19.000000
29.039818 61.202614 15.727105 -0.014179 0.999900 0.000060 
24.594528 55.244949 21.479988 20.000000 19.000000 20.000000
29.039818 61.202614 15.727105 -0.014179 0.999900 0.000060 24.458473 61.138264 23.575787 -0.013673 0.999906 -0.001113 17.466337 61.051613 29.246469 -0.013039 0.999914 -0.001404 10.785843 61.029125 12.662581 -0.011031 0.999934 0.003053 21.739531 37.742355 26.321190 0.770171 0.006827 -0.637801 
24.594528 55.244949 21.479988 20.000000 19.000000 20.000000
29.039818 61.202614 15.727105 -0.014179 0.999900 0.000060 24.458473 61.138264 23.575787 -0.013673 0.999906 -0.001113 17.466337 61.051613 29.246469 -0.013039 0.999914 -0.001404 10.785843 61.029125 12.662581 -0.011031 0.999934 0.003053 21.739531 37.742355 26.321190 -0.770171 -0.006827 0.637801 
24.094528 74.244949 21.479988 19.000000 19.000000 20.000000
29.039818 61.202614 15.727105 -0.014179 0.999900 0.000060 24.458473 61.138264 23.575787 -0.013673 0.999906 -0.001113 17.466337 61.051613 29.246469 -0.013039 0.999914 -0.001404 10.785843 61.029125 12.662581 -0.011031 0.999934 0.003053 
-14.905472 55.244949 40.979988 19.000000 19.000000 19.000000
-13.695704 60.624065 31.448080 -0.013788 0.999904 -0.001709 
-14.905472 74.244949 41.479988 19.000000 19.000000 18.000000
-13.695704 60.624065 31.448080 -0.013788 0.999904 -0.001709 
24.094528 55.244949 40.979988 19.000000 19.000000 19.000000
17.466337 61.051613 29.246469 -0.013039 0.999914 -0.001404 21.739531 37.742355 26.321190 -0.770171 -0.006827 0.637801 
24.094528 74.244949 40.979988 19.000000 19.000000 19.000000
17.466337 61.051613 29.246469 -0.013039 0.999914 -0.001404 
4.594528 55.244949 40.979988 20.000000 19.000000 19.000000
7.875559 60.927128 33.016434 -0.013884 0.999903 -0.001190 -2.821759 60.777740 33.950287 -0.014144 0.999899 -0.001465 
4.594528 74.244949 40.979988 20.000000 19.000000 19.000000
7.875559 60.927128 33.016434 -0.013884 0.999903 -0.001190 -2.821759 60.777740 33.950287 -0.014144 0.999899 -0.001465 
-15.405472 54.744949 21.479988 20.000000 18.000000 20.000000
-31.018028 60.382053 15.429373 -0.011993 0.999928 -0.000181 -13.695704 60.624065 31.448080 -0.013788 0.999904 -0.001709 -23.806385 60.479416 24.905249 -0.013046 0.999914 -0.001388 -14.430052 60.681915 9.571268 -0.016762 0.999855 0.002945 -28.515516 36.907963 20.849230 -0.601951 -0.011290 -0.798453 
-15.405472 54.744949 21.479988 20.000000 18.000000 20.000000
-31.018028 60.382053 15.429373 -0.011993 0.999928 -0.000181 -13.695704 60.624065 31.448080 -0.013788 0.999904 -0.001709 -23.806385 60.479416 24.905249 -0.013046 0.999914 -0.001388 -14.430052 60.681915 9.571268 -0.016762 0.999855 0.002945 -28.515516 36.907963 20.849230 0.601951 0.011290 0.798453 
-34.905472 54.744949 20.979988 19.000000 18.000000 19.000000
-31.018028 60.382053 15.429373 -0.011993 0.999928 -0.000181 -23.806385 60.479416 24.905249 -0.013046 0.999914 -0.001388 -14.430052 60.681915 9.571268 -0.016762 0.999855 0.002945 -28.515516 36.907963 20.849230 -0.601951 -0.011290 -0.798453 
-34.905472 54.744949 20.979988 19.000000 18.000000 19.000000
-31.018028 60.382053 15.429373 -0.011993 0.999928 -0.000181 -23.806385 60.479416 24.905249 -0.013046 0.999914 -0.001388 -14.430052 60.681915 9.571268 -0.016762 0.999855 0.002945 -28.515516 36.907963 20.849230 0.601951 0.011290 0.798453 
-34.905472 54.744949 1.979988 19.000000 18.000000 19.000000
-33.300423 60.381519 -6.461501 -0.012435 0.999921 0.001988 -33.948898 60.357571 4.683788 -0.011856 0.999929 0.001468 
-15.405472 54.744949 1.979988 20.000000 18.000000 19.000000
-14.430052 60.681915 9.571268 -0.016762 0.999855 0.002945 -10.982792 60.750263 -14.919757 -0.015545 0.999876 -0.002599 
4.594528 55.244949 1.479988 20.000000 19.000000 20.000000
10.785843 61.029125 12.662581 -0.011031 0.999934 0.003053 13.036717 61.058826 -11.820918 -0.009783 0.999949 -0.002502 -14.430052 60.681915 9.571268 -0.016762 0.999855 0.002945 -10.982792 60.750263 -14.919757 -0.015545 0.999876 -0.002599 
5.094528 74.244949 1.479988 19.000000 19.000000 20.000000
10.785843 61.029125 12.662581 -0.011031 0.999934 0.003053 13.036717 61.058826 -11.820918 -0.009783 0.999949 -0.002502 -14.430052 60.681915 9.571268 -0.016762 0.999855 0.002945 -10.982792 60.750263 -14.919757 -0.015545 0.999876 -0.002599 
24.094528 55.244949 -38.020012 19.000000 19.000000 19.000000
22.407949 61.102894 -25.884375 -0.012298 0.999919 -0.003189 13.642880 60.974457 -31.782749 -0.012303 0.999919 -0.003220 
24.094528 74.244949 -38.020012 19.000000 19.000000 19.000000
13.642880 60.974457 -31.782749 -0.012303 0.999919 -0.003220 
5.094528 55.244949 -38.020012 19.000000 19.000000 19.000000
13.642880 60.974457 -31.782749 -0.012303 0.999919 -0.003220 3.616913 60.839672 -34.750862 -0.012320 0.999919 -0.003189 -6.825597 60.709248 -34.579453 -0.012325 0.999919 -0.003174 
5.094528 74.244949 -38.020012 19.000000 19.000000 19.000000
13.642880 60.974457 -31.782749 -0.012303 0.999919 -0.003220 3.616913 60.839672 -34.750862 -0.012320 0.999919 -0.003189 -6.825597 60.709248 -34.579453 -0.012325 0.999919 -0.003174 
5.094528 55.244949 -18.520012 19.000000 19.000000 20.000000
13.642880 60.974457 -31.782749 -0.012303 0.999919 -0.003220 3.616913 60.839672 -34.750862 -0.012320 0.999919 -0.003189 -6.825597 60.709248 -34.579453 -0.012325 0.999919 -0.003174 13.036717 61.058826 -11.820918 -0.009783 0.999949 -0.002502 -10.982792 60.750263 -14.919757 -0.015545 0.999876 -0.002599 
5.094528 74.244949 -18.520012 19.000000 19.000000 20.000000
13.642880 60.974457 -31.782749 -0.012303 0.999919 -0.003220 13.036717 61.058826 -11.820918 -0.009783 0.999949 -0.002502 -10.982792 60.750263 -14.919757 -0.015545 0.999876 -0.002599 
44.094528 54.744949 -18.020012 19.000000 18.000000 19.000000
28.999758 61.203350 -16.929552 -0.013685 0.999906 -0.001117 
24.594528 55.244949 -18.520012 20.000000 19.000000 20.000000
22.407949 61.102894 -25.884375 -0.012298 0.999919 -0.003189 28.999758 61.203350 -16.929552 -0.013685 0.999906 -0.001117 13.036717 61.058826 -11.820918 -0.009783 0.999949 -0.002502 27.314323 37.938446 -22.526394 0.599000 0.014280 0.800622 
24.594528 55.244949 -18.520012 20.000000 19.000000 20.000000
22.407949 61.102894 -25.884375 -0.012298 0.999919 -0.003189 28.999758 61.203350 -16.929552 -0.013685 0.999906 -0.001117 13.036717 61.058826 -11.820918 -0.009783 0.999949 -0.002502 27.314323 37.938446 -22.526394 -0.599000 -0.014280 -0.800622 
24.094528 74.244949 -18.520012 19.000000 19.000000 20.000000
22.407949 61.102894 -25.884375 -0.012298 0.999919 -0.003189 28.999758 61.203350 -16.929552 -0.013685 0.999906 -0.001117 13.036717 61.058826 -11.820918 -0.009783 0.999949 -0.002502 
9
4.594528 -64.755051 0.979988 18.000000 19.000000 19.000000
16.211594 -59.650494 13.216449 0.022323 -0.999749 -0.001746 
4.594528 -64.755051 0.979988 18.000000 19.000000 19.000000
16.211594 -59.650494 13.216449 -0.022323 0.999749 0.001746 
4.594528 -45.755051 0.979988 18.000000 19.000000 19.000000
16.211594 -59.650494 13.216449 -0.022323 0.999749 0.001746 17.829067 -22.161196 20.411909 0.756299 0.019908 -0.653924 
4.594528 -45.755051 0.979988 18.000000 19.000000 19.000000
16.211594 -59.650494 13.216449 -0.022323 0.999749 0.001746 17.829067 -22.161196 20.411909 -0.756299 -0.019908 0.653924 
4.594528 -64.755051 -38.020012 18.000000 19.000000 19.000000
9.044820 -58.708878 -27.135532 -0.025091 0.999685 0.000480 
4.594528 -45.755051 -38.020012 18.000000 19.000000 19.000000
9.044820 -58.708878 -27.135532 -0.025091 0.999685 0.000480 
-14.905472 -45.255051 -18.520012 19.000000 18.000000 18.000000
-7.636968 -59.127098 -18.443554 -0.023767 0.999718 0.000015 -12.650953 -59.213039 -14.855266 -0.013010 0.999899 -0.005775 -18.038158 -59.236172 -10.269307 -0.010302 0.999913 -0.008233 -14.908715 -22.769688 -22.794987 0.783713 0.010765 -0.621029 
4.594528 -64.755051 -18.520012 18.000000 19.000000 20.000000
9.044820 -58.708878 -27.135532 -0.025091 0.999685 0.000480 -0.286786 -58.945122 -22.926521 -0.024725 0.999694 0.000557 -7.636968 -59.127098 -18.443554 -0.023767 0.999718 0.000015 
4.094528 -45.755051 -18.520012 19.000000 19.000000 20.000000
9.044820 -58.708878 -27.135532 -0.025091 0.999685 0.000480 -0.286786 -58.945122 -22.926521 -0.024725 0.999694 0.000557 -7.636968 -59.127098 -18.443554 -0.023767 0.999718 0.000015 -14.908715 -22.769688 -22.794987 0.783713 0.010765 -0.621029 
15
-15.405472 -25.255051 0.979988 18.000000 18.000000 19.000000

-15.405472 -24.755051 -18.020012 18.000000 19.000000 19.000000
-15.692429 -22.780453 -22.173958 -0.783713 -0.010765 0.621029 
-15.405472 -5.255051 -19.020012 18.000000 20.000000 19.000000
-15.692429 -22.780453 -22.173958 -0.783713 -0.010765 0.621029 
-15.405472 -4.755051 -38.020012 18.000000 19.000000 19.000000
-15.692429 -22.780453 -22.173958 -0.783713 -0.010765 0.621029 
-15.905472 14.744949 -38.020012 19.000000 20.000000 19.000000
-6.968072 14.920448 -34.221073 0.022024 -0.999756 0.001480 -16.435516 14.722687 -30.438339 0.020543 -0.999787 0.001854 -15.692429 -22.780453 -22.173958 -0.783713 -0.010765 0.621029 -21.998268 37.084545 -27.561626 -0.780335 -0.008313 0.625306 
-34.905472 15.244949 -38.520012 19.000000 19.000000 18.000000
-21.998268 37.084545 -27.561626 -0.780335 -0.008313 0.625306 
-15.905472 14.744949 -38.020012 19.000000 20.000000 19.000000
-6.968072 14.920448 -34.221073 -0.022024 0.999756 -0.001480 -16.435516 14.722687 -30.438339 -0.020543 0.999787 -0.001854 -15.692429 -22.780453 -22.173958 -0.783713 -0.010765 0.621029 -21.998268 37.084545 -27.561626 -0.780335 -0.008313 0.625306 
-15.905472 34.744949 -38.020012 19.000000 20.000000 19.000000
-21.998268 37.084545 -27.561626 -0.780335 -0.008313 0.625306 
-34.905472 34.744949 -38.020012 19.000000 20.000000 19.000000
-21.998268 37.084545 -27.561626 -0.780335 -0.008313 0.625306 
-34.905472 54.244949 -38.520012 19.000000 19.000000 18.000000
-21.998268 37.084545 -27.561626 -0.780335 -0.008313 0.625306 
-15.905472 54.244949 -38.520012 19.000000 19.000000 18.000000
-6.800947 58.709408 -34.573105 0.012325 -0.999919 0.003174 -16.828716 58.596897 -31.048344 0.012291 -0.999919 0.003189 -21.998268 37.084545 -27.561626 -0.780335 -0.008313 0.625306 
-35.405472 34.744949 0.979988 18.000000 18.000000 19.000000

-15.405472 14.744949 -19.020012 18.000000 20.000000 19.000000
-16.435516 14.722687 -30.438339 -0.020543 0.999787 -0.001854 -23.882576 15.581452 -24.636154 -0.017025 0.999854 0.001633 -29.317732 15.471618 -16.799694 -0.017342 0.999847 0.002234 -15.692429 -22.780453 -22.173958 0.783713 0.010765 -0.621029 -21.998268 37.084545 -27.561626 -0.780335 -0.008313 0.625306 
-34.905472 34.744949 -18.520012 19.000000 18.000000 20.000000
-21.998268 37.084545 -27.561626 -0.780335 -0.008313 0.625306 
-15.905472 34.244949 -19.020012 19.000000 19.000000 19.000000
-21.998268 37.084545 -27.561626 -0.780335 -0.008313 0.625306 
8
24.094528 -65.255051 21.479988 19.000000 18.000000 18.000000
21.735376 -60.505569 8.374587 0.024415 -0.999695 -0.003709 16.233915 -60.650242 13.214703 0.022323 -0.999749 -0.001746 10.586841 -60.741898 17.488514 0.012083 -0.999925 0.001930 
4.594528 -65.255051 21.979988 20.000000 18.000000 19.000000
10.586841 -60.741898 17.488514 0.012083 -0.999925 0.001930 2.575138 -60.811993 22.760952 0.009451 -0.999949 0.003502 -6.856205 -60.878613 27.214092 0.008205 -0.999961 0.003311 
4.094528 -65.255051 40.979988 19.000000 18.000000 19.000000
-6.856205 -60.878613 27.214092 0.008205 -0.999961 0.003311 
-34.905472 -65.255051 1.979988 19.000000 18.000000 19.000000
-24.585426 -61.245258 -3.018611 0.010466 -0.999904 0.009103 -29.469524 -61.216946 6.169244 0.012009 -0.999889 0.008765 
-34.905472 -65.255051 20.979988 19.000000 18.000000 19.000000
-29.804581 -61.140697 16.598650 0.013000 -0.999899 0.005789 -24.756266 -61.044018 25.279123 0.012067 -0.999925 0.001931 
-15.905472 -65.255051 1.979988 19.000000 18.000000 19.000000
-18.017555 -61.235996 -10.252841 0.010302 -0.999913 0.008233 -24.585426 -61.245258 -3.018611 0.010466 -0.999904 0.009103 -29.469524 -61.216946 6.169244 0.012009 -0.999889 0.008765 
-15.405472 -65.255051 21.479988 20.000000 18.000000 20.000000
-29.804581 -61.140697 16.598650 0.013000 -0.999899 0.005789 -6.856205 -60.878613 27.214092 0.008205 -0.999961 0.003311 -16.401173 -60.955246 28.748196 0.008621 -0.999961 0.001770 -24.756266 -61.044018 25.279123 0.012067 -0.999925 0.001931 
-14.905472 -65.255051 40.979988 19.000000 18.000000 19.000000
-16.401173 -60.955246 28.748196 0.008621 -0.999961 0.001770 
10
5.094528 -65.255051 -38.020012 19.000000 18.000000 19.000000
9.095000 -60.708244 -27.136494 0.025091 -0.999685 -0.000480 
24.094528 -65.255051 -38.020012 19.000000 18.000000 19.000000
27.330814 -60.257088 -26.338251 0.023767 -0.999718 -0.000022 18.816465 -60.465782 -28.969923 0.024934 -0.999689 -0.000038 
24.594528 -65.255051 -18.520012 20.000000 18.000000 20.000000
27.330814 -60.257088 -26.338251 0.023767 -0.999718 -0.000022 18.816465 -60.465782 -28.969923 0.024934 -0.999689 -0.000038 32.681805 -60.137775 -18.365835 0.022315 -0.999749 -0.001742 32.779404 -59.169510 -8.146352 0.023057 -0.999725 -0.004191 
24.594528 -65.255051 -18.520012 20.000000 18.000000 20.000000
27.330814 -60.257088 -26.338251 0.023767 -0.999718 -0.000022 18.816465 -60.465782 -28.969923 0.024934 -0.999689 -0.000038 32.681805 -60.137775 -18.365835 0.022315 -0.999749 -0.001742 32.779404 -59.169510 -8.146352 -0.023057 0.999725 0.004191 
-14.905472 -65.255051 -18.520012 19.000000 18.000000 18.000000
-7.589434 -61.126534 -18.443584 0.023767 -0.999718 -0.000015 -12.624933 -61.212833 -14.843715 0.013010 -0.999899 0.005775 -18.017555 -61.235996 -10.252841 0.010302 -0.999913 0.008233 
4.594528 -65.255051 -19.020012 20.000000 18.000000 19.000000
9.095000 -60.708244 -27.136494 0.025091 -0.999685 -0.000480 -0.237336 -60.944511 -22.927635 0.024725 -0.999694 -0.000557 -7.589434 -61.126534 -18.443584 0.023767 -0.999718 -0.000015 
44.094528 -65.255051 -18.020012 19.000000 18.000000 19.000000
32.681805 -60.137775 -18.365835 0.022315 -0.999749 -0.001742 
44.094528 -65.255051 0.979988 19.000000 18.000000 19.000000
32.779404 -59.169510 -8.146352 0.023057 -0.999725 -0.004191 
25.094528 -65.255051 0.979988 19.000000 18.000000 19.000000
32.779404 -59.169510 -8.146352 0.023057 -0.999725 -0.004191 28.206026 -60.319832 1.008745 0.024309 -0.999695 -0.004427 21.710960 -59.505875 8.378296 0.024415 -0.999695 -0.003709 
25.094528 -65.255051 0.979988 19.000000 18.000000 19.000000
32.779404 -59.169510 -8.146352 0.023057 -0.999725 -0.004191 28.206026 -60.319832 1.008745 0.024309 -0.999695 -0.004427 21.710960 -59.505875 8.378296 -0.024415 0.999695 0.003709 
8
-14.905472 14.744949 -19.020012 19.000000 18.000000 19.000000
-16.414974 13.722899 -30.436485 0.020543 -0.999787 0.001854 -23.865551 14.581598 -24.637787 0.017025 -0.999854 -0.001633 -29.300390 14.471770 -16.801928 0.017342 -0.999847 -0.002234 -15.692429 -22.780453 -22.173958 -0.783713 -0.010765 0.621029 -21.217934 37.092857 -28.186932 -0.780335 -0.008313 0.625306 
4.594528 14.744949 -38.020012 20.000000 18.000000 19.000000
14.120776 14.393057 -33.084713 0.021901 -0.999757 0.002392 3.555475 14.155824 -35.305565 0.022550 -0.999744 0.001930 -6.946049 13.920691 -34.219593 0.022024 -0.999756 0.001480 
24.094528 14.744949 -38.520012 19.000000 18.000000 18.000000
23.783764 14.610851 -26.949238 0.020542 -0.999787 0.001853 14.120776 14.393057 -33.084713 0.021901 -0.999757 0.002392 
4.094528 14.744949 -19.020012 19.000000 18.000000 19.000000
14.120776 14.393057 -33.084713 0.021901 -0.999757 0.002392 3.555475 14.155824 -35.305565 0.022550 -0.999744 0.001930 -6.946049 13.920691 -34.219593 0.022024 -0.999756 0.001480 
-14.905472 14.744949 -38.020012 19.000000 18.000000 19.000000
-6.946049 13.920691 -34.219593 0.022024 -0.999756 0.001480 -16.414974 13.722899 -30.436485 0.020543 -0.999787 0.001854 -15.692429 -22.780453 -22.173958 0.783713 0.010765 -0.621029 -21.217934 37.092857 -28.186932 0.780335 0.008313 -0.625306 
-14.905472 14.744949 -19.020012 19.000000 18.000000 19.000000
-16.414974 13.722899 -30.436485 0.020543 -0.999787 0.001854 -23.865551 14.581598 -24.637787 -0.017025 0.999854 0.001633 -29.300390 14.471770 -16.801928 -0.017342 0.999847 0.002234 -15.692429 -22.780453 -22.173958 -0.783713 -0.010765 0.621029 -21.217934 37.092857 -28.186932 -0.780335 -0.008313 0.625306 
-14.905472 14.744949 -19.020012 19.000000 18.000000 19.000000
-16.414974 13.722899 -30.436485 0.020543 -0.999787 0.001854 -23.865551 14.581598 -24.637787 0.017025 -0.999854 -0.001633 -29.300390 14.471770 -16.801928 0.017342 -0.999847 -0.002234 -15.692429 -22.780453 -22.173958 0.783713 0.010765 -0.621029 -21.217934 37.092857 -28.186932 0.780335 0.008313 -0.625306 
-14.905472 14.744949 -19.020012 19.000000 18.000000 19.000000
-16.414974 13.722899 -30.436485 0.020543 -0.999787 0.001854 -23.865551 14.581598 -24.637787 -0.017025 0.999854 0.001633 -29.300390 14.471770 -16.801928 -0.017342 0.999847 0.002234 -15.692429 -22.780453 -22.173958 0.783713 0.010765 -0.621029 -21.217934 37.092857 -28.186932 0.780335 0.008313 -0.625306 
7
-14.905472 54.744949 41.479988 19.000000 18.000000 18.000000
-13.668128 58.624256 31.451498 0.013788 -0.999904 0.001709 
4.594528 54.744949 21.479988 18.000000 18.000000 20.000000
7.903328 58.927319 33.018814 0.013884 -0.999903 0.001190 -2.793470 58.777946 33.953217 0.014144 -0.999899 0.001465 10.807905 59.029255 12.656476 0.011031 -0.999934 -0.003053 
4.094528 54.744949 40.979988 19.000000 18.000000 19.000000
7.903328 58.927319 33.018814 0.013884 -0.999903 0.001190 -2.793470 58.777946 33.953217 0.014144 -0.999899 0.001465 
5.094528 54.744949 -38.020012 19.000000 18.000000 19.000000
13.667487 58.974617 -31.776310 0.012303 -0.999919 0.003220 3.641552 58.839832 -34.744484 0.012320 -0.999919 0.003189 -6.800947 58.709408 -34.573105 0.012325 -0.999919 0.003174 
24.094528 54.744949 -38.520012 19.000000 18.000000 18.000000
22.432547 59.103054 -25.877996 0.012298 -0.999919 0.003189 13.667487 58.974617 -31.776310 0.012303 -0.999919 0.003220 
4.594528 54.744949 -18.520012 18.000000 18.000000 20.000000
13.667487 58.974617 -31.776310 0.012303 -0.999919 0.003220 3.641552 58.839832 -34.744484 0.012320 -0.999919 0.003189 -6.800947 58.709408 -34.573105 0.012325 -0.999919 0.003174 13.056283 59.058926 -11.815913 0.009783 -0.999949 0.002502 -10.951702 58.750515 -14.914559 0.015545 -0.999876 0.002599 
4.594528 54.744949 1.479988 18.000000 18.000000 20.000000
10.807905 59.029255 12.656476 0.011031 -0.999934 -0.003053 13.056283 59.058926 -11.815913 0.009783 -0.999949 0.002502 -14.396528 58.682205 9.565378 0.016762 -0.999855 -0.002945 -10.951702 58.750515 -14.914559 0.015545 -0.999876 0.002599 
7
25.094528 -25.255051 20.979988 19.000000 18.000000 19.000000
18.585365 -22.141289 19.757986 0.756299 0.019908 -0.653924 
25.094528 -25.255051 1.979988 19.000000 18.000000 19.000000

25.094528 -65.255051 21.479988 19.000000 18.000000 18.000000
21.735376 -60.505569 8.374587 0.024415 -0.999695 -0.003709 16.189272 -58.650745 13.218195 -0.022323 0.999749 0.001746 10.562675 -58.742050 17.484653 -0.012083 0.999925 -0.001930 
44.094528 -64.755051 21.479988 19.000000 19.000000 18.000000

44.094528 -25.255051 1.979988 19.000000 18.000000 19.000000

44.594528 -45.255051 21.479988 18.000000 20.000000 18.000000

44.094528 -25.755051 20.979988 19.000000 19.000000 19.000000

8
4.094528 -64.755051 40.979988 19.000000 19.000000 19.000000
-6.872613 -58.878689 27.207470 -0.008205 0.999961 -0.003311 
4.094528 -45.755051 40.979988 19.000000 19.000000 19.000000
-6.872613 -58.878689 27.207470 -0.008205 0.999961 -0.003311 
-14.905472 -64.755051 41.479988 19.000000 19.000000 18.000000
-16.418415 -58.955322 28.744656 -0.008621 0.999961 -0.001770 
-14.905472 -45.755051 41.479988 19.000000 19.000000 18.000000
-16.418415 -58.955322 28.744656 -0.008621 0.999961 -0.001770 
5.094528 -64.755051 21.979988 19.000000 19.000000 19.000000
10.562675 -58.742050 17.484653 -0.012083 0.999925 -0.001930 2.556236 -58.812092 22.753948 -0.009451 0.999949 -0.003502 -6.872613 -58.878689 27.207470 -0.008205 0.999961 -0.003311 
5.094528 -45.755051 21.979988 19.000000 19.000000 19.000000
10.562675 -58.742050 17.484653 -0.012083 0.999925 -0.001930 2.556236 -58.812092 22.753948 -0.009451 0.999949 -0.003502 -6.872613 -58.878689 27.207470 -0.008205 0.999961 -0.003311 17.829067 -22.161196 20.411909 -0.756299 -0.019908 0.653924 
24.094528 -64.755051 21.479988 19.000000 19.000000 18.000000
21.686544 -58.506180 8.382005 -0.024415 0.999695 0.003709 16.189272 -58.650745 13.218195 -0.022323 0.999749 0.001746 10.562675 -58.742050 17.484653 -0.012083 0.999925 -0.001930 
24.094528 -45.755051 21.479988 19.000000 19.000000 18.000000
21.686544 -58.506180 8.382005 -0.024415 0.999695 0.003709 16.189272 -58.650745 13.218195 -0.022323 0.999749 0.001746 17.829067 -22.161196 20.411909 0.756299 0.019908 -0.653924 
4
44.594528 54.744949 20.979988 18.000000 18.000000 19.000000
29.068176 59.202812 15.726985 0.014179 -0.999900 -0.000060 
44.594528 54.744949 -18.020012 18.000000 18.000000 19.000000
29.027128 59.203541 -16.927320 0.013685 -0.999906 0.001117 
25.094528 54.744949 1.479988 19.000000 18.000000 18.000000
32.280251 59.249458 -5.867242 0.013550 -0.999908 0.000002 31.979740 59.244858 5.463056 0.013947 -0.999903 -0.000392 10.807905 59.029255 12.656476 0.011031 -0.999934 -0.003053 13.056283 59.058926 -11.815913 0.009783 -0.999949 0.002502 
44.094528 54.744949 1.479988 19.000000 18.000000 20.000000
32.280251 59.249458 -5.867242 0.013550 -0.999908 0.000002 31.979740 59.244858 5.463056 0.013947 -0.999903 -0.000392 
3
-14.905472 14.744949 41.479988 19.000000 18.000000 18.000000
-15.108307 15.632230 32.590668 -0.019680 0.999802 0.002884 
4.594528 14.744949 21.979988 18.000000 18.000000 19.000000
16.530365 16.267523 29.160368 -0.019683 0.999802 0.002870 6.072027 16.046707 33.965157 -0.019677 0.999802 0.002877 -4.729560 15.831834 35.224564 -0.019680 0.999802 0.002869 
4.094528 14.744949 40.979988 19.000000 18.000000 19.000000
6.072027 16.046707 33.965157 -0.019677 0.999802 0.002877 -4.729560 15.831834 35.224564 -0.019680 0.999802 0.002869 
2
-15.405472 34.744949 -38.020012 18.000000 18.000000 19.000000
-20.437599 37.101170 -28.812237 0.780335 0.008313 -0.625306 
-15.405472 34.744949 -19.020012 18.000000 18.000000 19.000000
-20.437599 37.101170 -28.812237 0.780335 0.008313 -0.625306 
2
24.594528 35.244949 -18.520012 18.000000 19.000000 18.000000
26.715324 37.924168 -23.327015 -0.599000 -0.014280 -0.800622 
24.594528 54.244949 -18.520012 18.000000 19.000000 18.000000
22.432547 59.103054 -25.877996 0.012298 -0.999919 0.003189 29.027128 59.203541 -16.927320 0.013685 -0.999906 0.001117 13.056283 59.058926 -11.815913 0.009783 -0.999949 0.002502 26.715324 37.924168 -23.327015 -0.599000 -0.014280 -0.800622 
3
4.594528 14.744949 -19.020012 18.000000 18.000000 19.000000
14.076974 16.392572 -33.089497 -0.021901 0.999757 -0.002392 3.510374 16.155312 -35.309425 -0.022550 0.999744 -0.001930 -6.990096 15.920205 -34.222553 -0.022024 0.999756 -0.001480 
5.094528 14.744949 -38.020012 19.000000 18.000000 19.000000
14.076974 16.392572 -33.089497 -0.021901 0.999757 -0.002392 3.510374 16.155312 -35.309425 -0.022550 0.999744 -0.001930 -6.990096 15.920205 -34.222553 -0.022024 0.999756 -0.001480 
24.094528 14.744949 -38.520012 19.000000 18.000000 18.000000
23.742680 16.610426 -26.952946 -0.020542 0.999787 -0.001853 14.076974 16.392572 -33.089497 -0.021901 0.999757 -0.002392 
7
-35.405472 -65.255051 20.979988 18.000000 18.000000 19.000000
-29.830582 -59.140903 16.587072 -0.013000 0.999899 -0.005789 -24.780401 -59.044170 25.275263 -0.012067 0.999925 -0.001931 
-34.905472 -64.755051 1.979988 19.000000 19.000000 19.000000
-24.606358 -59.245449 -3.036818 -0.010466 0.999904 -0.009103 -29.493542 -59.217167 6.151715 -0.012009 0.999889 -0.008765 
-34.905472 -45.755051 1.479988 19.000000 19.000000 18.000000
-24.606358 -59.245449 -3.036818 -0.010466 0.999904 -0.009103 -29.493542 -59.217167 6.151715 -0.012009 0.999889 -0.008765 
-15.405472 -64.755051 -18.020012 18.000000 19.000000 19.000000
-7.636968 -59.127098 -18.443554 -0.023767 0.999718 0.000015 -12.650953 -59.213039 -14.855266 -0.013010 0.999899 -0.005775 -18.038158 -59.236172 -10.269307 -0.010302 0.999913 -0.008233 
-15.405472 -45.755051 -18.020012 18.000000 19.000000 19.000000
-7.636968 -59.127098 -18.443554 -0.023767 0.999718 0.000015 -12.650953 -59.213039 -14.855266 -0.013010 0.999899 -0.005775 -18.038158 -59.236172 -10.269307 -0.010302 0.999913 -0.008233 -16.476141 -22.791218 -21.552929 -0.783713 -0.010765 0.621029 
-15.905472 -64.755051 0.979988 19.000000 19.000000 19.000000
-18.038158 -59.236172 -10.269307 -0.010302 0.999913 -0.008233 -24.606358 -59.245449 -3.036818 -0.010466 0.999904 -0.009103 -29.493542 -59.217167 6.151715 -0.012009 0.999889 -0.008765 
-15.905472 -45.755051 0.979988 19.000000 19.000000 19.000000
-18.038158 -59.236172 -10.269307 -0.010302 0.999913 -0.008233 -24.606358 -59.245449 -3.036818 -0.010466 0.999904 -0.009103 -29.493542 -59.217167 6.151715 -0.012009 0.999889 -0.008765 
3
44.594528 -65.255051 -18.020012 18.000000 18.000000 19.000000
32.637173 -58.138279 -18.362352 -0.022315 0.999749 0.001742 
44.594528 -64.755051 0.979988 18.000000 19.000000 19.000000
32.756348 -58.169785 -8.142161 -0.023057 0.999725 0.004191 
44.594528 -45.755051 1.479988 18.000000 19.000000 18.000000
32.756348 -58.169785 -8.142161 -0.023057 0.999725 0.004191 
3
25.094528 14.744949 1.479988 19.000000 18.000000 18.000000
34.009224 16.787683 -5.831366 -0.022705 0.999734 0.004106 33.078255 16.718260 5.259503 -0.023407 0.999715 0.004724 
44.094528 14.744949 1.979988 19.000000 18.000000 19.000000
34.009224 16.787683 -5.831366 -0.022705 0.999734 0.004106 33.078255 16.718260 5.259503 -0.023407 0.999715 0.004724 
44.594528 14.744949 20.979988 18.000000 18.000000 19.000000
29.421757 16.588091 15.108635 -0.023754 0.999709 0.004124 
2
-14.905472 14.744949 41.479988 19.000000 18.000000 18.000000
-15.068947 13.632625 32.584900 0.019680 -0.999802 -0.002884 
4.094528 14.744949 41.479988 19.000000 18.000000 18.000000
6.111382 14.047103 33.959404 0.019677 -0.999802 -0.002877 -4.690200 13.832229 35.218826 0.019680 -0.999802 -0.002869 
2
44.594528 -44.755051 -18.520012 18.000000 19.000000 18.000000
32.637173 -58.138279 -18.362352 -0.022315 0.999749 0.001742 29.061491 -21.739372 -24.039213 -0.595048 -0.013622 -0.803575 
44.594528 -25.755051 -18.520012 18.000000 19.000000 18.000000
29.061491 -21.739372 -24.039213 -0.595048 -0.013622 -0.803575 
2
24.594528 14.744949 -18.520012 18.000000 18.000000 18.000000
23.763222 15.610639 -26.951092 0.020542 -0.999787 0.001853 30.952183 15.757824 -17.198620 0.022820 -0.999737 -0.002336 29.061491 -21.739372 -24.039213 -0.595048 -0.013622 -0.803575 26.715324 37.924168 -23.327015 -0.599000 -0.014280 -0.800622 
24.594528 14.744949 -18.520012 18.000000 18.000000 18.000000
23.763222 15.610639 -26.951092 -0.020542 0.999787 -0.001853 30.952183 15.757824 -17.198620 -0.022820 0.999737 0.002336 29.061491 -21.739372 -24.039213 -0.595048 -0.013622 -0.803575 26.715324 37.924168 -23.327015 -0.599000 -0.014280 -0.800622 
1
-15.405472 54.744949 -18.520012 18.000000 18.000000 18.000000
-16.828716 58.596897 -31.048344 0.012291 -0.999919 0.003189 -24.631668 58.510006 -24.988453 0.011994 -0.999928 0.000182 -29.894657 58.437229 -16.768457 0.012757 -0.999918 -0.001406 -10.951702 58.750515 -14.914559 0.015545 -0.999876 0.002599 -21.998268 37.084545 -27.561626 -0.780335 -0.008313 0.625306 
1
24.594528 34.744949 21.479988 18.000000 18.000000 18.000000
22.509701 37.749184 25.683390 0.770171 0.006827 -0.637801 
1
-15.405472 -45.255051 21.479988 18.000000 18.000000 18.000000
-29.830582 -59.140903 16.587072 -0.013000 0.999899 -0.005789 -6.872613 -58.878689 27.207470 -0.008205 0.999961 -0.003311 -16.418415 -58.955322 28.744656 -0.008621 0.999961 -0.001770 -24.780401 -59.044170 25.275263 -0.012067 0.999925 -0.001931 -29.032200 -22.853506 20.750271 -0.542377 -0.009970 -0.840076 
1
-35.405472 54.744949 1.479988 18.000000 18.000000 18.000000
-33.275551 58.381680 -6.465478 0.012435 -0.999921 -0.001988 -33.925186 58.357716 4.680852 0.011856 -0.999929 -0.001468 
1
-35.405472 14.744949 1.479988 18.000000 18.000000 18.000000
-32.883183 15.383945 -6.956975 -0.017212 0.999849 0.002473 -33.704536 15.342833 4.072025 -0.016975 0.999853 0.002254 
1
24.594528 54.744949 -18.520012 18.000000 18.000000 18.000000
22.432547 59.103054 -25.877996 0.012298 -0.999919 0.003189 29.027128 59.203541 -16.927320 0.013685 -0.999906 0.001117 13.056283 59.058926 -11.815913 0.009783 -0.999949 0.002502 27.913322 37.952724 -21.725773 0.599000 0.014280 0.800622 
1
4.594528 -45.255051 21.479988 18.000000 18.000000 18.000000
10.562675 -58.742050 17.484653 -0.012083 0.999925 -0.001930 2.556236 -58.812092 22.753948 -0.009451 0.999949 -0.003502 -6.872613 -58.878689 27.207470 -0.008205 0.999961 -0.003311 18.585365 -22.141289 19.757986 0.756299 0.019908 -0.653924 
1
-15.405472 14.744949 21.479988 18.000000 18.000000 18.000000
-30.913677 15.370870 15.466845 -0.017021 0.999854 0.001630 -15.068947 13.632625 32.584900 0.019680 -0.999802 -0.002884 -24.264299 13.472434 25.699575 0.019671 -0.999802 -0.002867 -27.947445 -22.833567 22.430424 0.542377 0.009970 0.840076 -27.913565 36.919250 21.647682 0.601951 0.011290 0.798453 
21
-34.905472 14.744949 -18.520012 19.000000 18.000000 18.000000
-23.882576 15.581452 -24.636154 -0.017025 0.999854 0.001633 -29.317732 15.471618 -16.799694 -0.017342 0.999847 0.002234 -21.217934 37.092857 -28.186932 -0.780335 -0.008313 0.625306 
-34.905472 54.744949 -18.520012 19.000000 18.000000 18.000000
-24.631668 58.510006 -24.988453 0.011994 -0.999928 0.000182 -29.894657 58.437229 -16.768457 0.012757 -0.999918 -0.001406 -21.217934 37.092857 -28.186932 -0.780335 -0.008313 0.625306 
-15.405472 -64.755051 21.479988 18.000000 19.000000 18.000000
-29.830582 -59.140903 16.587072 -0.013000 0.999899 -0.005789 -6.872613 -58.878689 27.207470 -0.008205 0.999961 -0.003311 -16.418415 -58.955322 28.744656 -0.008621 0.999961 -0.001770 -24.780401 -59.044170 25.275263 -0.012067 0.999925 -0.001931 
-15.405472 -45.755051 21.479988 18.000000 19.000000 18.000000
-29.830582 -59.140903 16.587072 -0.013000 0.999899 -0.005789 -6.872613 -58.878689 27.207470 -0.008205 0.999961 -0.003311 -16.418415 -58.955322 28.744656 -0.008621 0.999961 -0.001770 -24.780401 -59.044170 25.275263 -0.012067 0.999925 -0.001931 -28.489822 -22.843536 21.590347 0.542377 0.009970 0.840076 
-15.405472 14.744949 21.479988 18.000000 18.000000 18.000000
-30.896656 14.371016 15.465214 0.017021 -0.999854 -0.001630 -15.088627 14.632427 32.587784 0.019680 -0.999802 -0.002884 -24.283970 14.472237 25.702442 0.019671 -0.999802 -0.002867 -28.489822 -22.843536 21.590347 0.542377 0.009970 0.840076 -27.913565 36.919250 21.647682 0.601951 0.011290 0.798453 
-15.405472 14.744949 -38.020012 18.000000 18.000000 19.000000
-6.990096 15.920205 -34.222553 -0.022024 0.999756 -0.001480 -16.456059 15.722474 -30.440193 -0.020543 0.999787 -0.001854 -15.692429 -22.780453 -22.173958 0.783713 0.010765 -0.621029 -21.217934 37.092857 -28.186932 0.780335 0.008313 -0.625306 
-15.905472 14.744949 -19.020012 19.000000 18.000000 19.000000
-16.456059 15.722474 -30.440193 -0.020543 0.999787 -0.001854 -23.882576 15.581452 -24.636154 -0.017025 0.999854 0.001633 -29.317732 15.471618 -16.799694 -0.017342 0.999847 0.002234 -15.692429 -22.780453 -22.173958 -0.783713 -0.010765 0.621029 -21.217934 37.092857 -28.186932 -0.780335 -0.008313 0.625306 
-15.405472 14.744949 21.479988 18.000000 18.000000 18.000000
-30.896656 14.371016 15.465214 -0.017021 0.999854 0.001630 -15.088627 14.632427 32.587784 -0.019680 0.999802 0.002884 -24.283970 14.472237 25.702442 -0.019671 0.999802 0.002867 -28.489822 -22.843536 21.590347 0.542377 0.009970 0.840076 -27.913565 36.919250 21.647682 0.601951 0.011290 0.798453 
-15.405472 54.744949 -38.020012 18.000000 18.000000 19.000000
-6.800947 58.709408 -34.573105 0.012325 -0.999919 0.003174 -16.828716 58.596897 -31.048344 0.012291 -0.999919 0.003189 -21.217934 37.092857 -28.186932 0.780335 0.008313 -0.625306 
-15.405472 54.744949 21.479988 18.000000 18.000000 18.000000
-30.994041 58.382198 15.429735 0.011993 -0.999928 0.000181 -13.668128 58.624256 31.451498 0.013788 -0.999904 0.001709 -23.780293 58.479591 24.908026 0.013046 -0.999914 0.001388 -14.396528 58.682205 9.565378 0.016762 -0.999855 -0.002945 -27.913565 36.919250 21.647682 0.601951 0.011290 0.798453 
-15.405472 14.744949 21.479988 18.000000 18.000000 18.000000
-30.896656 14.371016 15.465214 -0.017021 0.999854 0.001630 -15.088627 14.632427 32.587784 -0.019680 0.999802 0.002884 -24.283970 14.472237 25.702442 -0.019671 0.999802 0.002867 -28.489822 -22.843536 21.590347 -0.542377 -0.009970 -0.840076 -27.913565 36.919250 21.647682 0.601951 0.011290 0.798453 
-15.905472 54.744949 -19.020012 19.000000 18.000000 19.000000
-16.828716 58.596897 -31.048344 0.012291 -0.999919 0.003189 -24.631668 58.510006 -24.988453 0.011994 -0.999928 0.000182 -29.894657 58.437229 -16.768457 0.012757 -0.999918 -0.001406 -10.951702 58.750515 -14.914559 0.015545 -0.999876 0.002599 -21.217934 37.092857 -28.186932 0.780335 0.008313 -0.625306 
-15.905472 14.744949 -19.020012 19.000000 18.000000 19.000000
-16.456059 15.722474 -30.440193 -0.020543 0.999787 -0.001854 -23.882576 15.581452 -24.636154 -0.017025 0.999854 0.001633 -29.317732 15.471618 -16.799694 -0.017342 0.999847 0.002234 -15.692429 -22.780453 -22.173958 0.783713 0.010765 -0.621029 -21.217934 37.092857 -28.186932 0.780335 0.008313 -0.625306 
24.594528 -64.755051 -38.020012 18.000000 19.000000 19.000000
27.283279 -58.257652 -26.338209 -0.023767 0.999718 0.000022 18.766600 -58.466408 -28.969847 -0.024934 0.999689 0.000038 
24.594528 -64.755051 -18.520012 18.000000 19.000000 20.000000
27.283279 -58.257652 -26.338209 -0.023767 0.999718 0.000022 18.766600 -58.466408 -28.969847 -0.024934 0.999689 0.000038 32.637173 -58.138279 -18.362352 -0.022315 0.999749 0.001742 32.756348 -58.169785 -8.142161 -0.023057 0.999725 0.004191 
24.594528 -64.755051 0.979988 18.000000 19.000000 19.000000
32.756348 -58.169785 -8.142161 -0.023057 0.999725 0.004191 28.157408 -58.320442 1.017599 -0.024309 0.999695 0.004427 21.686544 -58.506180 8.382005 -0.024415 0.999695 0.003709 
24.594528 -45.755051 -38.020012 18.000000 19.000000 19.000000
27.283279 -58.257652 -26.338209 -0.023767 0.999718 0.000022 18.766600 -58.466408 -28.969847 -0.024934 0.999689 0.000038 29.061491 -21.739372 -24.039213 -0.595048 -0.013622 -0.803575 
24.594528 -45.755051 -18.520012 18.000000 19.000000 20.000000
27.283279 -58.257652 -26.338209 -0.023767 0.999718 0.000022 18.766600 -58.466408 -28.969847 -0.024934 0.999689 0.000038 32.637173 -58.138279 -18.362352 -0.022315 0.999749 0.001742 29.061491 -21.739372 -24.039213 -0.595048 -0.013622 -0.803575 
24.594528 -45.755051 0.979988 18.000000 19.000000 19.000000
32.756348 -58.169785 -8.142161 -0.023057 0.999725 0.004191 28.157408 -58.320442 1.017599 -0.024309 0.999695 0.004427 21.686544 -58.506180 8.382005 -0.024415 0.999695 0.003709 18.585365 -22.141289 19.757986 0.756299 0.019908 -0.653924 
24.594528 14.744949 21.479988 18.000000 18.000000 18.000000
29.421757 16.588091 15.108635 -0.023754 0.999709 0.004124 24.323940 16.446028 22.757900 -0.022828 0.999737 0.002334 16.530365 16.267523 29.160368 -0.019683 0.999802 0.002870 18.585365 -22.141289 19.757986 0.756299 0.019908 -0.653924 22.509701 37.749184 25.683390 0.770171 0.006827 -0.637801 
24.594528 54.744949 21.479988 18.000000 18.000000 18.000000
29.068176 59.202812 15.726985 0.014179 -0.999900 -0.000060 24.485817 59.138454 23.578011 0.013673 -0.999906 0.001113 17.492414 59.051788 29.249277 0.013039 -0.999914 0.001404 10.807905 59.029255 12.656476 0.011031 -0.999934 -0.003053 22.509701 37.749184 25.683390 0.770171 0.006827 -0.637801 
