37
1.000000 0.000000 0.000000 100
0.000000 0.000000 -1.000000 100
1.000000 0.000000 0.000000 100
0.000000 1.000000 0.000000 100
-1.000000 0.000000 0.000000 100
1.000000 0.000000 0.000000 100
0.000000 0.000000 1.000000 100
0.000000 -1.000000 0.000000 30
0.000000 1.000000 0.000000 100
0.000000 1.000000 0.000000 24
-1.000000 0.000000 0.000000 100
0.000000 -1.000000 0.000000 100
0.000000 -1.000000 0.000000 100
0.000000 -1.000000 0.000000 31
0.000000 -1.000000 0.000000 13
1.000000 0.000000 0.000000 100
0.000000 1.000000 0.000000 24
0.000000 -1.000000 0.000000 13
0.000000 1.000000 0.000000 17
0.000000 0.000000 -1.000000 100
0.000000 0.000000 -1.000000 100
0.000000 1.000000 0.000000 17
0.000000 1.000000 0.000000 24
0.000000 1.000000 0.000000 25
0.000000 1.000000 0.000000 17
0.000000 -1.000000 0.000000 100
-1.000000 0.000000 0.000000 100
0.000000 0.000000 -1.000000 100
0.000000 -1.000000 0.000000 100
1.000000 0.000000 0.000000 100
-1.000000 0.000000 0.000000 100
0.000000 -1.000000 0.000000 13
0.000000 1.000000 0.000000 16
1.000000 0.000000 0.000000 100
1.000000 0.000000 0.000000 100
-1.000000 0.000000 0.000000 100
0 0 0 0
17
13
22
9
14
12
0
8
15
11
16
5
7
10
3
36
2
4
6
1
18
25
35
29
24
30
34
32
31
23
33
28
19
27
21
20
26
