-0.01229823 0.9999193 -0.003188763 
-0.01230324 0.9999191 -0.003219976 
-0.01231966 0.9999191 -0.003189106 
-0.01232474 0.999919 -0.00317378 
-0.01229097 0.9999194 -0.003189065 
0.01368475 -0.9999057 0.00111674 
0.01355003 -0.9999082 1.984428E-06 
0.01394706 -0.9999027 -0.000392292 
0.01417896 -0.9998994 -6.037878E-05 
0.01367282 -0.9999059 0.001112783 
-0.01199403 0.999928 -0.0001824102 
-0.01275743 0.9999176 0.001406056 
-0.01243532 0.9999207 0.00198836 
-0.01185584 0.9999287 0.001467749 
-0.01199256 0.9999281 -0.0001813233 
0.013039 -0.999914 0.001403616 
0.01388434 -0.9999029 0.001190246 
0.01414444 -0.9998989 0.001464844 
0.01378834 -0.9999035 0.001709035 
0.01304584 -0.9999139 0.00138814 
-0.02054155 0.9997873 -0.001853373 
-0.02190106 0.9997573 -0.002392147 
-0.02255042 0.9997438 -0.001930197 
-0.02202385 0.9997563 -0.001479963 
-0.02054282 0.9997872 -0.001853603 
0.02281974 -0.9997369 -0.002336052 
0.02270499 -0.9997337 -0.004105905 
0.02340694 -0.9997149 -0.004724355 
0.02375401 -0.9997093 -0.004123517 
0.02282806 -0.9997367 -0.002333736 
-0.01702528 0.9998537 0.001633031 
-0.01734181 0.9998471 0.002233903 
-0.01721169 0.9998488 0.002472892 
-0.01697531 0.9998534 0.002254049 
-0.01702142 0.9998538 0.001630313 
0.01968314 -0.9998021 -0.002870122 
0.01967706 -0.9998023 -0.002876526 
0.01967995 -0.9998022 -0.002868658 
0.01967984 -0.9998022 -0.002884001 
0.01967086 -0.9998024 -0.002866511 
-0.02376727 0.9997175 2.166817E-05 
-0.02493353 0.9996892 3.815669E-05 
-0.02509052 0.9996851 0.0004804083 
-0.02472529 0.9996942 0.0005569841 
-0.02376723 0.9997175 1.509313E-05 
0.02231516 -0.9997495 -0.001742308 
0.02305677 -0.9997254 -0.004190917 
0.02430864 -0.9996947 -0.004426926 
0.02441519 -0.999695 -0.003708898 
0.02232256 -0.9997493 -0.001746306 
-0.01301012 0.9998987 -0.005775396 
-0.01030233 0.999913 -0.008233199 
-0.01046641 0.9999038 -0.009103348 
-0.01200911 0.9998894 -0.008764862 
-0.01300011 0.9998987 -0.005789099 
0.0120833 -0.9999251 0.001930067 
0.009450919 -0.9999492 0.003501876 
0.00820461 -0.9999608 0.003311106 
0.008621055 -0.9999613 0.001770011 
0.01206689 -0.9999253 0.001931088 
0.01103141 -0.9999345 -0.003052628 
0.595048 0.01362175 0.8035747 
0.009783067 -0.999949 0.002502239 
-0.01676204 0.9998552 0.002945142 
0.5423771 0.009970181 0.840076 
-0.7837133 -0.01076502 0.6210295 
-0.7562986 -0.01990758 0.6539237 
-0.01554487 0.9998758 -0.002599193 
-0.7701709 -0.006826929 0.6378011 
0.5989997 0.01428013 0.8006219 
-0.7803354 -0.008313312 0.625306 
0.6019509 0.01128956 0.7984533 
