96
1 0
1 1
2 1
2 2
3 2
3 3
4 3
4 4
6 10
6 11
7 11
7 12
8 12
8 13
9 13
9 14
11 18
11 19
12 17
12 18
13 16
13 17
14 15
14 16
16 8
16 9
17 7
17 8
18 6
18 7
19 5
19 6
21 20
21 21
22 21
22 22
23 22
23 23
24 23
24 24
26 30
26 31
27 31
27 32
28 32
28 33
29 33
29 34
31 38
31 39
32 37
32 38
33 36
33 37
34 35
34 36
36 28
36 29
37 27
37 28
38 26
38 27
39 25
39 26
41 40
41 41
42 41
42 42
43 42
43 43
44 43
44 44
46 50
46 51
47 51
47 52
48 52
48 53
49 53
49 54
51 58
51 59
52 57
52 58
53 56
53 57
54 55
54 56
56 48
56 49
57 47
57 48
58 46
58 47
59 45
59 46
