74
4 -0.5559155 0.5075529 -0.6582916
5 0.5559155 -0.5075529 0.6582916
0 -0.004071177 0.9011206 -0.4335494
1 0.004071177 -0.9011206 0.4335494
5 0.5559155 -0.5075529 0.6582916
4 -0.5559155 0.5075529 -0.6582916
5 0.5559155 -0.5075529 0.6582916
4 -0.5559155 0.5075529 -0.6582916
8 0.3925983 0.4174788 -0.8194987
9 -0.3925983 -0.4174788 0.8194987
1 0.004071177 -0.9011206 0.4335494
0 -0.004071177 0.9011206 -0.4335494
8 0.3925983 0.4174788 -0.8194987
9 -0.3925983 -0.4174788 0.8194987
3 -0.555575 -0.8313854 -0.01160787
2 0.555575 0.8313854 0.01160787
2 0.555575 0.8313854 0.01160787
3 -0.555575 -0.8313854 -0.01160787
1 0.004071177 -0.9011206 0.4335494
0 -0.004071177 0.9011206 -0.4335494
2 0.555575 0.8313854 0.01160787
3 -0.555575 -0.8313854 -0.01160787
2 0.555575 0.8313854 0.01160787
3 -0.555575 -0.8313854 -0.01160787
6 -0.4133101 0.8919357 0.1833722
7 0.4133101 -0.8919357 -0.1833722
0 -0.004071177 0.9011206 -0.4335494
1 0.004071177 -0.9011206 0.4335494
7 0.4133101 -0.8919357 -0.1833722
6 -0.4133101 0.8919357 0.1833722
5 0.5559155 -0.5075529 0.6582916
4 -0.5559155 0.5075529 -0.6582916
16 -0.8353449 -0.2157183 -0.5056328
17 0.8353449 0.2157183 0.5056328
17 0.8353449 0.2157183 0.5056328
16 -0.8353449 -0.2157183 -0.5056328
13 -0.573486 0.4429753 0.6891202
12 0.573486 -0.4429753 -0.6891202
12 0.573486 -0.4429753 -0.6891202
13 -0.573486 0.4429753 0.6891202
12 0.573486 -0.4429753 -0.6891202
13 -0.573486 0.4429753 0.6891202
13 -0.573486 0.4429753 0.6891202
12 0.573486 -0.4429753 -0.6891202
14 0.868975 0.2330689 0.4365332
15 -0.868975 -0.2330689 -0.4365332
14 0.868975 0.2330689 0.4365332
15 -0.868975 -0.2330689 -0.4365332
10 -0.6075848 0.2451081 0.7554884
11 0.6075848 -0.2451081 -0.7554884
10 -0.6075848 0.2451081 0.7554884
11 0.6075848 -0.2451081 -0.7554884
11 0.6075848 -0.2451081 -0.7554884
10 -0.6075848 0.2451081 0.7554884
11 0.6075848 -0.2451081 -0.7554884
10 -0.6075848 0.2451081 0.7554884
18 -0.8095745 -0.4800438 -0.3378565
19 0.8095745 0.4800438 0.3378565
19 0.8095745 0.4800438 0.3378565
18 -0.8095745 -0.4800438 -0.3378565
22 0.5262643 -0.5499631 -0.6485264
23 -0.5262643 0.5499631 0.6485264
21 -0.8494843 0.04612643 -0.5255937
20 0.8494843 -0.04612643 0.5255937
20 0.8494843 -0.04612643 0.5255937
21 -0.8494843 0.04612643 -0.5255937
21 0.8494843 -0.04612643 0.5255937
20 -0.8494843 0.04612643 -0.5255937
24 -0.5500394 0.1707499 0.8174968
25 0.5500394 -0.1707499 -0.8174968
19 0.8095745 0.4800438 0.3378565
18 -0.8095745 -0.4800438 -0.3378565
0 -0.004071177 0.9011206 -0.4335494
1 0.004071177 -0.9011206 0.4335494
