0.0052437 -0.8996618 0.436556 0.005227167 -0.8996606 0.4365588 -0.005227167 0.8996606 -0.4365588
0.005217708 -0.8996558 0.4365687 0.005227167 -0.8996606 0.4365588 -0.005227167 0.8996606 -0.4365588
0.005218745 -0.8996598 0.4365605 0.005227167 -0.8996606 0.4365588 -0.005227167 0.8996606 -0.4365588
0.005211965 -0.8996636 0.4365529 0.005227167 -0.8996606 0.4365588 -0.005227167 0.8996606 -0.4365588
0.005243717 -0.8996618 0.4365561 0.005227167 -0.8996606 0.4365588 -0.005227167 0.8996606 -0.4365588
-0.003743275 0.9005314 -0.4347749 -0.0035744 0.9008604 -0.4340943 0.0035744 -0.9008604 0.4340943
-0.003801028 0.9010205 -0.4337599 -0.0035744 0.9008604 -0.4340943 0.0035744 -0.9008604 0.4340943
-0.003407334 0.9011846 -0.433422 -0.0035744 0.9008604 -0.4340943 0.0035744 -0.9008604 0.4340943
-0.00317708 0.901033 -0.433739 -0.0035744 0.9008604 -0.4340943 0.0035744 -0.9008604 0.4340943
-0.003743277 0.9005314 -0.4347749 -0.0035744 0.9008604 -0.4340943 0.0035744 -0.9008604 0.4340943
0.005371333 -0.900974 0.43384 0.005100269 -0.901438 0.4328783 -0.005100269 0.901438 -0.4328783
0.004531801 -0.901646 0.4324513 0.005100269 -0.901438 0.4328783 -0.005100269 0.901438 -0.4328783
0.004812084 -0.9019054 0.4319069 0.005100269 -0.901438 0.4328783 -0.005100269 0.901438 -0.4328783
0.005414786 -0.9016886 0.432352 0.005100269 -0.901438 0.4328783 -0.005100269 0.901438 -0.4328783
0.00537133 -0.900974 0.43384 0.005100269 -0.901438 0.4328783 -0.005100269 0.901438 -0.4328783
-0.004398013 0.9004254 -0.4349882 -0.003860695 0.9003999 -0.4350461 0.003860695 -0.9003999 0.4350461
-0.003547211 0.9004961 -0.4348497 -0.003860695 0.9003999 -0.4350461 0.003860695 -0.9003999 0.4350461
-0.003292122 0.9003746 -0.4351031 -0.003860695 0.9003999 -0.4350461 0.003860695 -0.9003999 0.4350461
-0.003668126 0.9002774 -0.4353012 -0.003860695 0.9003999 -0.4350461 0.003860695 -0.9003999 0.4350461
-0.004397998 0.9004254 -0.4349882 -0.003860695 0.9003999 -0.4350461 0.003860695 -0.9003999 0.4350461
-0.003064754 -0.9000474 0.4357813 -0.004032918 -0.9000005 0.4358703 0.004032918 0.9000005 -0.4358703
-0.004394623 -0.8997794 0.436323 -0.004032918 -0.9000005 0.4358703 0.004032918 0.9000005 -0.4358703
-0.005072773 -0.8999572 0.4359486 -0.004032918 -0.9000005 0.4358703 0.004032918 0.9000005 -0.4358703
-0.004567666 -0.9001693 0.4355162 -0.004032918 -0.9000005 0.4358703 0.004032918 0.9000005 -0.4358703
-0.003064767 -0.9000474 0.4357814 -0.004032918 -0.9000005 0.4358703 0.004032918 0.9000005 -0.4358703
0.005581843 0.901799 -0.4321198 0.005928367 0.9023024 -0.4310629 -0.005928367 -0.9023024 0.4310629
0.005565154 0.9025633 -0.4305211 0.005928367 0.9023024 -0.4310629 -0.005928367 -0.9023024 0.4310629
0.006298176 0.9028081 -0.4299975 0.005928367 0.9023024 -0.4310629 -0.005928367 -0.9023024 0.4310629
0.006614801 0.9025401 -0.4305552 0.005928367 0.9023024 -0.4310629 -0.005928367 -0.9023024 0.4310629
0.005581846 0.901799 -0.4321198 0.005928367 0.9023024 -0.4310629 -0.005928367 -0.9023024 0.4310629
0.0002475478 -0.9016494 0.4324678 0.0001316618 -0.9018252 0.432101 -0.0001316618 0.9018252 -0.432101
-0.0001018821 -0.9019031 0.4319384 0.0001316618 -0.9018252 0.432101 -0.0001316618 0.9018252 -0.432101
1.066432E-05 -0.9020067 0.4317219 0.0001316618 -0.9018252 0.432101 -0.0001316618 0.9018252 -0.432101
0.0002544113 -0.9019171 0.4319091 0.0001316618 -0.9018252 0.432101 -0.0001316618 0.9018252 -0.432101
0.0002475674 -0.9016494 0.4324678 0.0001316618 -0.9018252 0.432101 -0.0001316618 0.9018252 -0.432101
0.002470715 0.9021184 -0.4314814 0.002470252 0.9021185 -0.4314813 -0.002470252 -0.9021185 0.4314813
0.002467135 0.9021181 -0.4314822 0.002470252 0.9021185 -0.4314813 -0.002470252 -0.9021185 0.4314813
0.002475596 0.9021183 -0.4314819 0.002470252 0.9021185 -0.4314813 -0.002470252 -0.9021185 0.4314813
0.002467087 0.9021193 -0.4314797 0.002470252 0.9021185 -0.4314813 -0.002470252 -0.9021185 0.4314813
0.002470728 0.9021184 -0.4314814 0.002470252 0.9021185 -0.4314813 -0.002470252 -0.9021185 0.4314813
-0.006399842 -0.9007703 0.4342487 -0.007095724 -0.9008375 0.4340985 0.007095724 0.9008375 -0.4340985
-0.007559382 -0.9007414 0.4342901 -0.007095724 -0.9008375 0.4340985 0.007095724 0.9008375 -0.4340985
-0.00773416 -0.9009327 0.43389 -0.007095724 -0.9008375 0.4340985 0.007095724 0.9008375 -0.4340985
-0.007385381 -0.9009719 0.4338146 -0.007095724 -0.9008375 0.4340985 0.007095724 0.9008375 -0.4340985
-0.006399849 -0.9007704 0.4342487 -0.007095724 -0.9008375 0.4340985 0.007095724 0.9008375 -0.4340985
0.005045986 0.9015581 -0.4326288 0.006086515 0.9021416 -0.4313971 -0.006086515 -0.9021416 0.4313971
0.005912857 0.9025892 -0.4304624 0.006086515 0.9021416 -0.4313971 -0.006086515 -0.9021416 0.4313971
0.007182151 0.9026559 -0.4303031 0.006086515 0.9021416 -0.4313971 -0.006086515 -0.9021416 0.4313971
0.007245574 0.9023418 -0.4309602 0.006086515 0.9021416 -0.4313971 -0.006086515 -0.9021416 0.4313971
0.005045971 0.901558 -0.4326287 0.006086515 0.9021416 -0.4313971 -0.006086515 -0.9021416 0.4313971
0.004681577 -0.8985081 0.438932 0.006021243 -0.8977663 0.4404308 -0.006021243 0.8977663 -0.4404308
0.007507813 -0.8974831 0.440985 0.006021243 -0.8977663 0.4404308 -0.006021243 0.8977663 -0.4404308
0.007397501 -0.8971051 0.4417553 0.006021243 -0.8977663 0.4404308 -0.006021243 0.8977663 -0.4404308
0.005837681 -0.8972196 0.441546 0.006021243 -0.8977663 0.4404308 -0.006021243 0.8977663 -0.4404308
0.004681593 -0.8985081 0.438932 0.006021243 -0.8977663 0.4404308 -0.006021243 0.8977663 -0.4404308
-0.005389523 0.900212 -0.4354185 -0.007407276 0.9000066 -0.4358132 0.007407276 -0.9000066 0.4358132
-0.008102262 0.8995785 -0.4366839 -0.007407276 0.9000066 -0.4358132 0.007407276 -0.9000066 0.4358132
-0.009324209 0.8996776 -0.4364555 -0.007407276 0.9000066 -0.4358132 0.007407276 -0.9000066 0.4358132
-0.008830818 0.9003456 -0.4350861 -0.007407276 0.9000066 -0.4358132 0.007407276 -0.9000066 0.4358132
-0.00538951 0.900212 -0.4354185 -0.007407276 0.9000066 -0.4358132 0.007407276 -0.9000066 0.4358132
-0.006145561 0.9023912 -0.430874 -0.006145561 0.9023912 -0.430874 0.006145561 -0.9023912 0.430874
0.5492548 -0.3655975 -0.7514371 0.5492548 -0.3655975 -0.7514371 -0.5492548 0.3655975 0.7514371
-0.007708729 0.9000041 -0.4358132 -0.007708729 0.9000041 -0.4358132 0.007708729 -0.9000041 0.4358132
0.0004294196 -0.9022163 0.4312837 0.0004294196 -0.9022163 0.4312837 -0.0004294196 0.9022163 -0.4312837
0.4945433 -0.3776706 -0.7828103 0.4945433 -0.3776706 -0.7828103 -0.4945433 0.3776706 0.7828103
-0.8173449 -0.2525818 -0.5178319 -0.8173449 -0.2525818 -0.5178319 0.8173449 0.2525818 0.5178319
-0.7919852 -0.2588266 -0.5529634 -0.7919852 -0.2588266 -0.5529634 0.7919852 0.2588266 0.5529634
0.001990159 -0.8998399 0.4362158 0.001990159 -0.8998399 0.4362158 -0.001990159 0.8998399 -0.4362158
-0.8046986 -0.2635126 -0.5319975 -0.8046986 -0.2635126 -0.5319975 0.8046986 0.2635126 0.5319975
0.5533996 -0.3649404 -0.7487105 0.5533996 -0.3649404 -0.7487105 -0.5533996 0.3649404 0.7487105
-0.8141784 -0.2566661 -0.5208033 -0.8141784 -0.2566661 -0.5208033 0.8141784 0.2566661 0.5208033
0.5563655 -0.3613445 -0.7482564 0.5563655 -0.3613445 -0.7482564 -0.5563655 0.3613445 0.7482564
