61 72
0.113087 -0.539469 0.092332
0.054497 -0.51332 0.146924
-0.018442 -0.496541 0.182373
-0.099275 -0.489982 0.196856
-0.181547 -0.49449 0.188548
-0.258802 -0.510916 0.155625
-0.308605 -0.533271 0.109816
-0.348162 -0.564866 0.044356
-0.370343 -0.601719 -0.032353
-0.368021 -0.63985 -0.111906
-0.334068 -0.675277 -0.185899
-0.26377 -0.70638 -0.250993
-0.182022 -0.722987 -0.286028
-0.096362 -0.726965 -0.294908
-0.014323 -0.720186 -0.281539
0.056559 -0.704519 -0.249825
0.099752 -0.683962 -0.207618
0.134936 -0.652839 -0.143222
0.154175 -0.615489 -0.065714
0.149537 -0.576253 0.015829
0.121945 -0.224575 -0.054608
0.055556 -0.194637 0.006758
-0.023489 -0.17865 0.03893
-0.107375 -0.174811 0.045879
-0.188288 -0.181319 0.031579
-0.258413 -0.19637 0
-0.309338 -0.217575 -0.044181
-0.350116 -0.247158 -0.105961
-0.37359 -0.282541 -0.179887
-0.372601 -0.321147 -0.260505
-0.339991 -0.3604 -0.342362
-0.278369 -0.392763 -0.409672
-0.202555 -0.410552 -0.446431
-0.118687 -0.414797 -0.454825
-0.032903 -0.406526 -0.437042
0.048659 -0.386768 -0.395266
0.094322 -0.36676 -0.352921
0.134937 -0.337692 -0.291364
0.16005 -0.302407 -0.216913
0.159204 -0.263753 -0.135888
0.134094 0.30519 -0.303475
0.077816 0.325191 -0.262816
0.003527 0.327083 -0.260185
-0.075447 0.317525 -0.281439
-0.145779 0.303178 -0.312433
-0.194141 0.290702 -0.339025
-0.227313 0.280776 -0.35899
-0.282191 0.260757 -0.398798
-0.336118 0.232744 -0.454783
-0.366436 0.198839 -0.523277
-0.350488 0.161142 -0.600614
-0.295309 0.13793 -0.649287
-0.223104 0.135241 -0.656317
-0.144984 0.146003 -0.6358019
-0.072064 0.163145 -0.601842
-0.015456 0.179594 -0.568535
0.019566 0.190064 -0.546308
0.07458 0.209575 -0.504531
0.127038 0.236411 -0.447361
0.154392 0.268855 -0.378957
-0.104007 -0.606627 -0.042517
0 1
1 2
2 3
3 4
4 5
0 19
18 19
17 18
16 17
15 16
5 6
6 7
7 8
8 9
9 10
14 15
13 14
12 13
11 12
10 11
20 21
21 22
22 23
23 24
24 25
20 39
38 39
37 38
36 37
35 36
25 26
26 27
27 28
28 29
29 30
34 35
33 34
32 33
31 32
30 31
40 41
41 42
42 43
43 44
44 45
40 59
58 59
57 58
56 57
55 56
45 46
46 47
47 48
48 49
49 50
54 55
53 54
52 53
51 52
50 51
15 60
20 40
0 60
10 60
30 50
25 45
35 55
5 60
15 35
0 20
5 25
10 30
