25
93
454.344208 -73.059204 -212.514313 88.000000 90.000000 89.000000
440.017426 -63.186012 -177.625275 0.000000 1.000000 0.000000 404.434326 -33.362083 -221.230164 0.000000 0.000000 1.000000 436.064758 -53.319572 -221.144989 0.000000 0.000000 1.000000 223.165329 -64.138626 -221.648148 -0.000000 -0.000000 -1.000000 
454.344208 -73.059204 -212.514313 88.000000 90.000000 89.000000
440.017426 -63.186012 -177.625275 0.000000 1.000000 0.000000 404.434326 -33.362083 -221.230164 0.000000 0.000000 1.000000 436.064758 -53.319572 -221.144989 0.000000 0.000000 1.000000 223.165329 -64.138626 -221.648148 0.000000 0.000000 1.000000 
364.844208 16.940796 -212.514313 89.000000 88.000000 89.000000
347.876221 -17.258863 -221.339111 0.000000 0.000000 1.000000 404.434326 -33.362083 -221.230164 0.000000 0.000000 1.000000 
453.844208 16.440796 -212.514313 89.000000 89.000000 89.000000
404.434326 -33.362083 -221.230164 0.000000 0.000000 1.000000 
364.844208 16.440796 -123.014313 89.000000 89.000000 90.000000

453.844208 16.440796 -123.014313 89.000000 89.000000 90.000000

364.844208 -73.059204 -122.514313 89.000000 90.000000 89.000000
357.512817 -63.771530 -81.183868 0.000000 1.000000 0.000000 396.202454 -63.549713 -91.850937 0.000000 1.000000 0.000000 
453.844208 -73.059204 -123.014313 89.000000 90.000000 90.000000
396.202454 -63.549713 -91.850937 0.000000 1.000000 0.000000 423.764343 -63.341873 -115.052979 0.000000 1.000000 0.000000 440.017426 -63.186012 -177.625275 0.000000 1.000000 0.000000 
364.844208 16.440796 -33.014313 89.000000 89.000000 90.000000

364.844208 -73.059204 -33.014313 89.000000 90.000000 90.000000
307.882751 -63.960983 -56.226501 0.000000 1.000000 0.000000 357.512817 -63.771530 -81.183868 0.000000 1.000000 0.000000 
184.844208 -163.059204 -122.514313 89.000000 88.000000 89.000000

184.844208 -163.059204 -33.014313 89.000000 88.000000 90.000000

184.844208 -163.059204 56.985687 89.000000 88.000000 90.000000

184.344208 -162.559204 146.485687 90.000000 89.000000 89.000000

453.844208 16.440796 -33.014313 89.000000 89.000000 90.000000

364.844208 16.440796 56.985687 89.000000 89.000000 90.000000

453.844208 16.440796 56.985687 89.000000 89.000000 90.000000

364.844208 16.440796 146.485687 89.000000 89.000000 89.000000

453.844208 16.440796 146.485687 89.000000 89.000000 89.000000

274.344208 -163.059204 -122.514313 90.000000 88.000000 89.000000

274.344208 -163.059204 -33.014313 90.000000 88.000000 90.000000

274.344208 -163.059204 56.985687 90.000000 88.000000 90.000000

274.344208 -163.059204 146.485687 90.000000 88.000000 89.000000

453.844208 -73.059204 -33.014313 89.000000 90.000000 90.000000

364.844208 -73.059204 56.985687 89.000000 90.000000 90.000000

453.844208 -73.059204 56.985687 89.000000 90.000000 90.000000

364.844208 -73.059204 146.485687 89.000000 90.000000 89.000000

453.844208 -73.059204 146.485687 89.000000 90.000000 89.000000

364.344208 -162.559204 56.985687 90.000000 89.000000 90.000000

364.344208 -162.559204 146.485687 90.000000 89.000000 89.000000

453.844208 -162.559204 56.985687 89.000000 89.000000 90.000000

453.844208 -162.559204 146.485687 89.000000 89.000000 89.000000

364.344208 -162.559204 -33.014313 90.000000 89.000000 90.000000

364.344208 -162.559204 -123.014313 90.000000 89.000000 90.000000

364.844208 -163.059204 -212.514313 89.000000 88.000000 89.000000

453.844208 -162.559204 -33.014313 89.000000 89.000000 90.000000

453.844208 -162.559204 -212.514313 89.000000 89.000000 89.000000

453.844208 -162.559204 -123.014313 89.000000 89.000000 90.000000

183.844208 -73.559204 146.985687 89.000000 89.000000 88.000000
151.526978 -52.852760 152.916138 -0.000000 -0.000000 1.000000 184.086060 -65.586349 147.052490 -0.000000 -1.000000 -0.000000 230.296112 -65.396805 122.432205 -0.000000 -1.000000 -0.000000 148.036102 -64.656944 171.312073 0.000000 -1.000000 0.000000 144.532623 -82.081360 153.656448 -0.000000 -0.000000 1.000000 141.318390 -32.802177 152.846680 -0.000000 -0.000000 1.000000 
183.844208 -73.559204 146.985687 89.000000 89.000000 88.000000
151.526978 -52.852760 152.916138 0.000000 0.000000 -1.000000 184.086060 -65.586349 147.052490 0.000000 1.000000 0.000000 230.296112 -65.396805 122.432205 0.000000 1.000000 0.000000 148.036102 -64.656944 171.312073 -0.000000 1.000000 -0.000000 144.532623 -82.081360 153.656448 0.000000 0.000000 -1.000000 141.318390 -32.802177 152.846680 -0.000000 -0.000000 1.000000 
183.844208 -73.559204 146.985687 89.000000 89.000000 88.000000
151.526978 -52.852760 152.916138 -0.000000 -0.000000 1.000000 184.086060 -65.586349 147.052490 0.000000 1.000000 0.000000 230.296112 -65.396805 122.432205 0.000000 1.000000 0.000000 148.036102 -64.656944 171.312073 -0.000000 1.000000 -0.000000 144.532623 -82.081360 153.656448 -0.000000 -0.000000 1.000000 141.318390 -32.802177 152.846680 -0.000000 -0.000000 1.000000 
94.844208 -162.559204 146.985687 89.000000 89.000000 88.000000
90.195709 -122.145386 155.293030 -0.000000 -0.000000 1.000000 35.449024 -133.028870 155.163971 -0.000000 -0.000000 1.000000 
94.344208 -73.059204 146.985687 90.000000 90.000000 88.000000
124.301567 -106.878464 155.142181 -0.000000 -0.000000 1.000000 90.195709 -122.145386 155.293030 -0.000000 -0.000000 1.000000 144.532623 -82.081360 153.656448 -0.000000 -0.000000 1.000000 141.318390 -32.802177 152.846680 -0.000000 -0.000000 1.000000 
93.844208 16.440796 146.985687 89.000000 89.000000 88.000000
86.067215 65.154068 149.126709 -0.000000 -0.000000 1.000000 103.430359 40.283291 149.867950 -0.000000 -0.000000 1.000000 112.892273 13.421087 150.568176 -0.000000 -0.000000 1.000000 115.580765 -0.994445 172.682297 -0.000000 -1.000000 -0.000000 123.794884 -12.817645 151.530487 -0.000000 -0.000000 1.000000 141.318390 -32.802177 152.846680 -0.000000 -0.000000 1.000000 115.952164 -1.075988 53.280529 -0.000000 -1.000000 -0.000000 
-266.155792 16.940796 -122.514313 89.000000 88.000000 89.000000

-266.155792 16.940796 -33.014313 89.000000 88.000000 90.000000

-355.155792 16.440796 -122.514313 89.000000 89.000000 89.000000

-355.155792 16.440796 -33.014313 89.000000 89.000000 90.000000

-85.655792 -73.059204 146.985687 90.000000 90.000000 88.000000
-118.537033 -107.169449 154.905640 0.000000 0.000000 1.000000 -85.076668 -122.354431 154.123428 -0.000000 -0.000000 -1.000000 -138.007904 -82.418839 153.380997 0.000000 0.000000 1.000000 -134.465332 -33.129524 152.585098 0.000000 0.000000 1.000000 
-85.655792 -73.059204 146.985687 90.000000 90.000000 88.000000
-118.537033 -107.169449 154.905640 0.000000 0.000000 1.000000 -85.076668 -122.354431 154.123428 0.000000 0.000000 1.000000 -138.007904 -82.418839 153.380997 0.000000 0.000000 1.000000 -134.465332 -33.129524 152.585098 0.000000 0.000000 1.000000 
-175.655792 -73.559204 146.985687 90.000000 89.000000 88.000000
-144.626678 -53.205395 152.632568 0.000000 0.000000 1.000000 -177.145172 -66.017471 146.701660 0.000000 -1.000000 0.000000 -223.309387 -65.934998 121.997719 0.000000 -1.000000 0.000000 -141.140839 -64.999077 171.031677 -0.000000 -1.000000 -0.000000 -138.007904 -82.418839 153.380997 0.000000 0.000000 1.000000 -134.465332 -33.129524 152.585098 0.000000 0.000000 1.000000 
-175.655792 -73.559204 146.985687 90.000000 89.000000 88.000000
-144.626678 -53.205395 152.632568 -0.000000 -0.000000 -1.000000 -177.145172 -66.017471 146.701660 -0.000000 1.000000 -0.000000 -223.309387 -65.934998 121.997719 -0.000000 1.000000 -0.000000 -141.140839 -64.999077 171.031677 0.000000 1.000000 0.000000 -138.007904 -82.418839 153.380997 -0.000000 -0.000000 -1.000000 -134.465332 -33.129524 152.585098 0.000000 0.000000 1.000000 
-445.655792 -73.059204 -212.514313 88.000000 88.000000 89.000000
-432.458435 -64.231361 -178.459549 -0.000000 1.000000 -0.000000 -396.865479 -34.318771 -222.000549 -0.000000 -0.000000 1.000000 -428.447632 -54.356461 -221.970612 -0.000000 -0.000000 1.000000 -218.306717 -64.670044 -221.068298 -0.000000 -0.000000 1.000000 
-356.155792 -72.559204 -122.514313 89.000000 89.000000 89.000000
-350.133667 -64.617111 -81.860870 -0.000000 1.000000 -0.000000 -388.804993 -64.486023 -92.602043 -0.000000 1.000000 -0.000000 
-445.155792 -73.059204 -123.014313 89.000000 88.000000 90.000000
-416.324402 -64.342239 -115.858994 -0.000000 1.000000 -0.000000 -432.458435 -64.231361 -178.459549 -0.000000 1.000000 -0.000000 
-175.655792 -73.559204 146.985687 90.000000 89.000000 88.000000
-144.626678 -53.205395 152.632568 0.000000 0.000000 1.000000 -177.145172 -66.017471 146.701660 -0.000000 1.000000 -0.000000 -223.309387 -65.934998 121.997719 -0.000000 1.000000 -0.000000 -141.140839 -64.999077 171.031677 0.000000 1.000000 0.000000 -138.007904 -82.418839 153.380997 0.000000 0.000000 1.000000 -134.465332 -33.129524 152.585098 0.000000 0.000000 1.000000 
-266.155792 16.440796 56.985687 89.000000 89.000000 90.000000

-266.155792 16.440796 146.485687 89.000000 89.000000 89.000000

-266.155792 -73.059204 57.485687 89.000000 90.000000 89.000000
-242.456940 -64.840561 78.845703 -0.000000 1.000000 -0.000000 -250.515564 -64.759415 28.686281 -0.000000 1.000000 -0.000000 
-265.655792 -73.059204 146.485687 90.000000 90.000000 89.000000
-223.309387 -65.934998 121.997719 -0.000000 1.000000 -0.000000 
-356.155792 -73.059204 -33.014313 89.000000 90.000000 90.000000
-300.547852 -64.690384 -56.809776 -0.000000 1.000000 -0.000000 -350.133667 -64.617111 -81.860870 -0.000000 1.000000 -0.000000 
-86.155792 -162.559204 146.985687 89.000000 89.000000 88.000000
-85.076668 -122.354431 154.123428 0.000000 0.000000 1.000000 -30.741394 -133.106934 155.099945 0.000000 0.000000 1.000000 
-176.155792 -163.059204 -32.514313 89.000000 88.000000 89.000000

-176.155792 -163.059204 56.985687 89.000000 88.000000 90.000000

-175.655792 -162.559204 146.485687 90.000000 89.000000 89.000000

-265.655792 -163.059204 -32.514313 90.000000 88.000000 89.000000

-265.655792 -162.559204 56.985687 90.000000 89.000000 90.000000

-265.655792 -162.559204 146.485687 90.000000 89.000000 89.000000

-356.155792 106.440796 57.485687 89.000000 89.000000 89.000000

-356.155792 106.440796 146.485687 89.000000 89.000000 89.000000

-355.655792 16.940796 56.985687 90.000000 90.000000 90.000000

-355.655792 16.940796 146.485687 90.000000 90.000000 89.000000

-355.655792 -73.059204 56.985687 90.000000 90.000000 90.000000

-355.655792 -73.059204 146.485687 90.000000 90.000000 89.000000

-355.655792 -162.559204 -32.514313 90.000000 89.000000 89.000000

-355.655792 -162.559204 56.985687 90.000000 89.000000 90.000000

-355.655792 -162.559204 146.485687 90.000000 89.000000 89.000000

-445.155792 106.440796 57.485687 89.000000 89.000000 89.000000

-445.155792 106.440796 146.485687 89.000000 89.000000 89.000000

-445.155792 -73.559204 -33.014313 89.000000 89.000000 90.000000

-445.155792 -162.559204 -32.514313 89.000000 89.000000 89.000000

-445.155792 16.940796 57.485687 89.000000 90.000000 89.000000

-445.155792 -73.059204 56.985687 89.000000 90.000000 90.000000

-445.155792 -162.559204 56.985687 89.000000 89.000000 90.000000

-445.155792 16.940796 146.485687 89.000000 90.000000 89.000000

-445.155792 -162.559204 146.485687 89.000000 89.000000 89.000000

-445.155792 -73.059204 146.485687 89.000000 90.000000 89.000000

4.344208 -72.559204 57.485687 88.000000 89.000000 89.000000

4.344208 -72.559204 146.485687 90.000000 89.000000 89.000000

4.344208 16.940796 -32.514313 88.000000 88.000000 89.000000

4.344208 16.440796 56.985687 88.000000 89.000000 90.000000

-85.155792 16.440796 146.985687 89.000000 89.000000 88.000000
-78.892387 64.960609 148.966217 0.000000 0.000000 1.000000 -96.492828 40.046864 149.673920 0.000000 0.000000 1.000000 -106.082756 13.159637 150.354675 0.000000 0.000000 1.000000 -108.844383 -1.262582 172.466644 0.000000 -1.000000 0.000000 -116.983292 -13.104315 151.297699 0.000000 0.000000 1.000000 -134.465332 -33.129524 152.585098 0.000000 0.000000 1.000000 -108.981689 -1.345997 53.066513 0.000000 -1.000000 0.000000 
4.344208 16.440796 146.485687 90.000000 89.000000 89.000000

66
184.344208 16.440796 -213.014313 90.000000 89.000000 88.000000
171.326370 -0.900917 -223.592850 -0.000000 -0.000000 -1.000000 
274.344208 16.440796 -213.014313 90.000000 89.000000 88.000000
269.228638 -6.081897 -223.462845 -0.000000 -0.000000 -1.000000 347.876221 -17.258863 -223.339111 -0.000000 -0.000000 -1.000000 
364.344208 16.440796 -213.014313 90.000000 89.000000 88.000000
347.876221 -17.258863 -223.339111 -0.000000 -0.000000 -1.000000 404.434326 -33.362083 -222.230164 -0.000000 -0.000000 -1.000000 
453.844208 16.440796 -213.014313 89.000000 89.000000 88.000000
404.434326 -33.362083 -222.230164 -0.000000 -0.000000 -1.000000 
364.344208 -72.559204 -213.014313 90.000000 89.000000 88.000000
404.434326 -33.362083 -222.230164 -0.000000 -0.000000 -1.000000 223.165329 -64.138626 -222.648148 -0.000000 -0.000000 -1.000000 
453.844208 -72.559204 -213.014313 89.000000 89.000000 88.000000
440.017426 -64.186012 -177.625275 0.000000 1.000000 0.000000 404.434326 -33.362083 -222.230164 -0.000000 -0.000000 -1.000000 436.064758 -53.319572 -222.144989 -0.000000 -0.000000 -1.000000 223.165329 -64.138626 -222.648148 -0.000000 -0.000000 -1.000000 
453.844208 -72.559204 -213.014313 89.000000 89.000000 88.000000
440.017426 -64.186012 -177.625275 -0.000000 -1.000000 -0.000000 404.434326 -33.362083 -222.230164 -0.000000 -0.000000 -1.000000 436.064758 -53.319572 -222.144989 -0.000000 -0.000000 -1.000000 223.165329 -64.138626 -222.648148 -0.000000 -0.000000 -1.000000 
453.844208 -72.559204 -213.014313 89.000000 89.000000 88.000000
440.017426 -64.186012 -177.625275 -0.000000 -1.000000 -0.000000 404.434326 -33.362083 -222.230164 0.000000 0.000000 1.000000 436.064758 -53.319572 -222.144989 0.000000 0.000000 1.000000 223.165329 -64.138626 -222.648148 -0.000000 -0.000000 -1.000000 
184.344208 -72.559204 -213.014313 90.000000 89.000000 88.000000
223.165329 -64.138626 -222.648148 -0.000000 -0.000000 -1.000000 
274.344208 -72.559204 -213.014313 90.000000 89.000000 88.000000
223.165329 -64.138626 -222.648148 -0.000000 -0.000000 -1.000000 
-85.655792 16.940796 -213.014313 90.000000 90.000000 88.000000
-98.066193 55.755089 -223.706543 0.000000 0.000000 -1.000000 -107.946167 20.957155 -223.828796 0.000000 0.000000 -1.000000 -163.831268 -1.302733 -223.918152 0.000000 0.000000 -1.000000 -109.708008 -0.300781 -133.212509 -0.000000 -1.000000 -0.000000 
-85.655792 16.940796 -213.014313 90.000000 90.000000 88.000000
-98.066193 55.755089 -223.706543 0.000000 0.000000 -1.000000 -107.946167 20.957155 -223.828796 0.000000 0.000000 -1.000000 -163.831268 -1.302733 -223.918152 0.000000 0.000000 -1.000000 -109.708008 -0.300781 -133.212509 0.000000 1.000000 0.000000 
-175.655792 16.940796 -213.014313 90.000000 90.000000 88.000000
-163.831268 -1.302733 -223.918152 0.000000 0.000000 -1.000000 
-265.655792 16.940796 -213.014313 90.000000 90.000000 88.000000
-261.717712 -6.716173 -223.976868 0.000000 0.000000 -1.000000 -340.341858 -18.079605 -224.003296 0.000000 0.000000 -1.000000 
-355.655792 16.940796 -213.014313 90.000000 90.000000 88.000000
-340.341858 -18.079605 -224.003296 0.000000 0.000000 -1.000000 -396.865479 -34.318771 -224.000549 0.000000 0.000000 -1.000000 
-85.655792 106.940796 -213.014313 90.000000 90.000000 88.000000
-57.824104 88.160614 -223.357880 0.000000 0.000000 -1.000000 -80.153564 77.071518 -223.551758 0.000000 0.000000 -1.000000 -98.066193 55.755089 -223.706543 0.000000 0.000000 -1.000000 
-86.155792 196.940796 -33.514313 89.000000 88.000000 89.000000

-86.155792 196.940796 -123.014313 89.000000 88.000000 90.000000

-85.655792 196.440796 -212.514313 90.000000 89.000000 89.000000

-176.155792 107.440796 -33.514313 89.000000 89.000000 89.000000

-175.655792 196.440796 -33.514313 90.000000 89.000000 89.000000

-176.155792 107.440796 -123.014313 89.000000 89.000000 90.000000

-175.655792 196.440796 -123.014313 90.000000 89.000000 90.000000

-175.655792 106.940796 -212.514313 90.000000 90.000000 89.000000

-175.655792 196.440796 -212.514313 90.000000 89.000000 89.000000

-265.655792 107.440796 -33.514313 90.000000 89.000000 89.000000

-265.655792 196.440796 -33.514313 90.000000 89.000000 89.000000

-265.655792 107.440796 -123.014313 90.000000 89.000000 90.000000

-265.655792 196.440796 -123.014313 90.000000 89.000000 90.000000

-265.655792 106.940796 -212.514313 90.000000 90.000000 89.000000

-265.655792 196.440796 -212.514313 90.000000 89.000000 89.000000

-355.655792 107.440796 -33.514313 90.000000 89.000000 89.000000

-355.655792 196.440796 -33.514313 90.000000 89.000000 89.000000

-355.655792 107.440796 -123.014313 90.000000 89.000000 90.000000

-355.655792 196.440796 -123.014313 90.000000 89.000000 90.000000

-355.655792 106.940796 -212.514313 90.000000 90.000000 89.000000

-355.655792 196.440796 -212.514313 90.000000 89.000000 89.000000

-445.655792 17.440796 -33.514313 88.000000 89.000000 89.000000

-445.155792 106.940796 -33.514313 89.000000 90.000000 89.000000

-445.155792 196.440796 -33.514313 89.000000 89.000000 89.000000

-445.655792 17.440796 -123.014313 88.000000 89.000000 90.000000

-445.155792 106.940796 -123.014313 89.000000 90.000000 90.000000

-445.155792 196.440796 -123.014313 89.000000 89.000000 90.000000

-445.155792 16.940796 -212.514313 89.000000 90.000000 89.000000

-445.155792 106.940796 -212.514313 89.000000 90.000000 89.000000

-445.155792 196.440796 -212.514313 89.000000 89.000000 89.000000

-355.655792 -72.559204 -213.014313 90.000000 89.000000 88.000000
-340.341858 -18.079605 -224.003296 0.000000 0.000000 -1.000000 -396.865479 -34.318771 -224.000549 0.000000 0.000000 -1.000000 -218.306717 -64.670044 -222.068298 0.000000 0.000000 -1.000000 
-445.155792 -72.559204 -213.014313 89.000000 89.000000 88.000000
-432.458435 -65.231361 -178.459549 0.000000 -1.000000 0.000000 -396.865479 -34.318771 -224.000549 0.000000 0.000000 -1.000000 -428.447632 -54.356461 -223.970612 0.000000 0.000000 -1.000000 -218.306717 -64.670044 -222.068298 0.000000 0.000000 -1.000000 
-445.155792 -72.559204 -213.014313 89.000000 89.000000 88.000000
-432.458435 -65.231361 -178.459549 -0.000000 1.000000 -0.000000 -396.865479 -34.318771 -224.000549 0.000000 0.000000 -1.000000 -428.447632 -54.356461 -223.970612 0.000000 0.000000 -1.000000 -218.306717 -64.670044 -222.068298 0.000000 0.000000 -1.000000 
-85.655792 -72.559204 -213.014313 90.000000 89.000000 88.000000
-218.306717 -64.670044 -222.068298 0.000000 0.000000 -1.000000 
4.344208 -72.559204 -213.014313 90.000000 89.000000 88.000000
1.186105 -80.703522 -199.207703 -1.000000 -0.000000 -0.000000 1.552364 -107.571121 -140.906570 -1.000000 -0.000000 -0.000000 -218.306717 -64.670044 -222.068298 0.000000 0.000000 -1.000000 223.165329 -64.138626 -222.648148 -0.000000 -0.000000 -1.000000 
-265.655792 -72.559204 -213.014313 90.000000 89.000000 88.000000
-218.306717 -64.670044 -222.068298 0.000000 0.000000 -1.000000 
-175.655792 -72.559204 -213.014313 90.000000 89.000000 88.000000
-218.306717 -64.670044 -222.068298 0.000000 0.000000 -1.000000 
4.344208 16.940796 -123.514313 88.000000 88.000000 89.000000

3.844208 106.940796 -213.014313 89.000000 90.000000 88.000000
26.597404 148.204468 -222.949280 0.000000 0.000000 -1.000000 -21.506296 148.146896 -222.997101 -0.000000 -0.000000 -1.000000 41.960964 92.368332 -222.035553 -0.000000 -0.000000 -1.000000 -34.686012 92.276321 -222.113312 0.000000 0.000000 -1.000000 29.309008 112.467506 -222.924835 0.000000 0.000000 -1.000000 -22.804373 112.405640 -222.980621 -0.000000 -0.000000 -1.000000 
3.844208 106.940796 -213.014313 89.000000 90.000000 88.000000
26.597404 148.204468 -222.949280 0.000000 0.000000 -1.000000 -21.506296 148.146896 -222.997101 -0.000000 -0.000000 -1.000000 41.960964 92.368332 -222.035553 0.000000 0.000000 1.000000 -34.686012 92.276321 -222.113312 -0.000000 -0.000000 1.000000 29.309008 112.467506 -222.924835 0.000000 0.000000 -1.000000 -22.804373 112.405640 -222.980621 -0.000000 -0.000000 -1.000000 
3.844208 196.440796 -213.014313 89.000000 89.000000 88.000000
1.557559 200.075317 -191.156097 -1.000000 0.000000 0.000000 9.426075 197.630493 -222.981903 0.000000 0.000000 -1.000000 21.306660 178.217743 -222.980179 0.000000 0.000000 -1.000000 26.597404 148.204468 -222.949280 0.000000 0.000000 -1.000000 -6.293903 197.612137 -222.998810 -0.000000 -0.000000 -1.000000 -17.405132 178.170914 -222.018066 -0.000000 -0.000000 -1.000000 -21.506296 148.146896 -222.997101 -0.000000 -0.000000 -1.000000 
3.844208 196.440796 -213.014313 89.000000 89.000000 88.000000
1.557559 200.075317 -191.156097 -1.000000 0.000000 0.000000 9.426075 197.630493 -222.981903 0.000000 0.000000 -1.000000 21.306660 178.217743 -222.980179 0.000000 0.000000 -1.000000 26.597404 148.204468 -222.949280 0.000000 0.000000 -1.000000 -6.293903 197.612137 -222.998810 -0.000000 -0.000000 -1.000000 -17.405132 178.170914 -222.018066 0.000000 0.000000 1.000000 -21.506296 148.146896 -222.997101 -0.000000 -0.000000 -1.000000 
3.844208 196.440796 -213.014313 89.000000 89.000000 88.000000
1.557559 200.075317 -191.156097 1.000000 -0.000000 -0.000000 9.426075 197.630493 -222.981903 0.000000 0.000000 -1.000000 21.306660 178.217743 -222.980179 0.000000 0.000000 -1.000000 26.597404 148.204468 -222.949280 0.000000 0.000000 -1.000000 -6.293903 197.612137 -222.998810 -0.000000 -0.000000 -1.000000 -17.405132 178.170914 -222.018066 -0.000000 -0.000000 -1.000000 -21.506296 148.146896 -222.997101 -0.000000 -0.000000 -1.000000 
3.844208 196.440796 -213.014313 89.000000 89.000000 88.000000
1.557559 200.075317 -191.156097 1.000000 -0.000000 -0.000000 9.426075 197.630493 -222.981903 0.000000 0.000000 -1.000000 21.306660 178.217743 -222.980179 0.000000 0.000000 -1.000000 26.597404 148.204468 -222.949280 0.000000 0.000000 -1.000000 -6.293903 197.612137 -222.998810 -0.000000 -0.000000 -1.000000 -17.405132 178.170914 -222.018066 0.000000 0.000000 1.000000 -21.506296 148.146896 -222.997101 -0.000000 -0.000000 -1.000000 
4.344208 16.940796 -212.514313 90.000000 90.000000 89.000000

94.344208 16.440796 -213.014313 90.000000 89.000000 88.000000
105.427551 56.004990 -223.512115 -0.000000 -0.000000 -1.000000 115.384262 21.228544 -223.614594 -0.000000 -0.000000 -1.000000 171.326370 -0.900917 -223.592850 -0.000000 -0.000000 -1.000000 117.031433 -0.028196 -132.998184 -0.000000 -1.000000 -0.000000 
94.344208 16.440796 -213.014313 90.000000 89.000000 88.000000
105.427551 56.004990 -223.512115 -0.000000 -0.000000 -1.000000 115.384262 21.228544 -223.614594 -0.000000 -0.000000 -1.000000 171.326370 -0.900917 -223.592850 -0.000000 -0.000000 -1.000000 117.031433 -0.028196 -132.998184 0.000000 1.000000 0.000000 
94.344208 -72.559204 -213.014313 90.000000 89.000000 88.000000
223.165329 -64.138626 -222.648148 -0.000000 -0.000000 -1.000000 
4.344208 -72.559204 -213.014313 90.000000 89.000000 88.000000
1.186105 -80.703522 -199.207703 1.000000 0.000000 0.000000 1.552364 -107.571121 -140.906570 1.000000 0.000000 0.000000 -218.306717 -64.670044 -222.068298 0.000000 0.000000 -1.000000 223.165329 -64.138626 -222.648148 -0.000000 -0.000000 -1.000000 
4.344208 -72.559204 -213.014313 90.000000 89.000000 88.000000
1.186105 -80.703522 -199.207703 1.000000 0.000000 0.000000 1.552364 -107.571121 -140.906570 1.000000 0.000000 0.000000 -218.306717 -64.670044 -222.068298 -0.000000 -0.000000 1.000000 223.165329 -64.138626 -222.648148 -0.000000 -0.000000 -1.000000 
49
94.844208 17.440796 146.985687 89.000000 89.000000 88.000000
86.067215 65.154068 148.126709 -0.000000 -0.000000 1.000000 103.430359 40.283291 149.867950 -0.000000 -0.000000 1.000000 112.892273 13.421087 150.568176 -0.000000 -0.000000 1.000000 115.580765 0.005555 172.682297 -0.000000 -1.000000 -0.000000 123.794884 -12.817645 150.530487 0.000000 0.000000 -1.000000 141.318390 -32.802177 151.846680 0.000000 0.000000 -1.000000 115.952164 0.924012 53.280529 0.000000 1.000000 0.000000 
274.344208 -72.559204 57.485687 88.000000 89.000000 89.000000
249.527191 -64.254181 79.315735 0.000000 1.000000 0.000000 257.677826 -64.150299 29.175104 0.000000 1.000000 0.000000 
4.344208 107.440796 -32.514313 88.000000 89.000000 89.000000
3.487502 102.157921 -66.328125 1.000000 -0.000000 -0.000000 23.066025 93.431320 -44.047646 0.000000 0.000000 1.000000 60.623646 86.480972 -43.690331 0.000000 0.000000 1.000000 -17.820419 93.379753 -44.086105 -0.000000 -0.000000 1.000000 3.633872 97.720695 -20.541622 1.000000 0.000000 0.000000 3.900226 116.024155 53.801788 1.000000 0.000000 0.000000 
-86.155792 17.440796 146.985687 89.000000 89.000000 88.000000
-78.892387 64.960609 148.966217 0.000000 0.000000 1.000000 -96.492828 40.046864 149.673920 0.000000 0.000000 1.000000 -106.082756 13.159637 150.354675 0.000000 0.000000 1.000000 -108.844383 0.737418 172.466644 -0.000000 1.000000 -0.000000 -116.983292 -13.104315 150.297699 -0.000000 -0.000000 -1.000000 -134.465332 -33.129524 151.585098 -0.000000 -0.000000 -1.000000 -108.981689 0.654003 53.066513 -0.000000 1.000000 -0.000000 
-86.155792 17.440796 146.985687 89.000000 89.000000 88.000000
-78.892387 64.960609 148.966217 0.000000 0.000000 1.000000 -96.492828 40.046864 149.673920 0.000000 0.000000 1.000000 -106.082756 13.159637 150.354675 0.000000 0.000000 1.000000 -108.844383 0.737418 172.466644 -0.000000 1.000000 -0.000000 -116.983292 -13.104315 150.297699 0.000000 0.000000 1.000000 -134.465332 -33.129524 151.585098 0.000000 0.000000 1.000000 -108.981689 0.654003 53.066513 -0.000000 1.000000 -0.000000 
94.844208 17.440796 146.985687 89.000000 89.000000 88.000000
86.067215 65.154068 148.126709 -0.000000 -0.000000 1.000000 103.430359 40.283291 149.867950 -0.000000 -0.000000 1.000000 112.892273 13.421087 150.568176 -0.000000 -0.000000 1.000000 115.580765 0.005555 172.682297 0.000000 1.000000 0.000000 123.794884 -12.817645 150.530487 0.000000 0.000000 -1.000000 141.318390 -32.802177 151.846680 0.000000 0.000000 -1.000000 115.952164 0.924012 53.280529 0.000000 1.000000 0.000000 
94.844208 17.440796 146.985687 89.000000 89.000000 88.000000
86.067215 65.154068 148.126709 -0.000000 -0.000000 1.000000 103.430359 40.283291 149.867950 -0.000000 -0.000000 1.000000 112.892273 13.421087 150.568176 -0.000000 -0.000000 1.000000 115.580765 0.005555 172.682297 0.000000 1.000000 0.000000 123.794884 -12.817645 150.530487 -0.000000 -0.000000 1.000000 141.318390 -32.802177 151.846680 -0.000000 -0.000000 1.000000 115.952164 0.924012 53.280529 0.000000 1.000000 0.000000 
4.844208 107.440796 56.985687 89.000000 89.000000 90.000000
3.900226 116.024155 53.801788 1.000000 0.000000 0.000000 
94.344208 107.440796 57.485687 90.000000 89.000000 89.000000

4.344208 107.440796 146.485687 90.000000 89.000000 89.000000
3.810389 98.875298 137.410858 1.000000 0.000000 0.000000 24.229359 92.520081 149.815216 0.000000 0.000000 -1.000000 59.948784 84.286751 147.424332 0.000000 0.000000 -1.000000 -16.590549 92.472870 149.777649 -0.000000 -0.000000 -1.000000 -52.518318 84.155548 147.317078 -0.000000 -0.000000 -1.000000 3.431602 118.145630 112.874008 1.000000 0.000000 0.000000 3.886251 82.081848 188.556610 1.000000 0.000000 0.000000 
94.344208 106.940796 146.485687 90.000000 90.000000 89.000000
59.948784 84.286751 147.424332 0.000000 0.000000 -1.000000 86.067215 65.154068 148.126709 0.000000 0.000000 -1.000000 
4.344208 107.440796 146.485687 90.000000 89.000000 89.000000
3.810389 98.875298 137.410858 1.000000 0.000000 0.000000 24.229359 92.520081 149.815216 0.000000 0.000000 -1.000000 59.948784 84.286751 147.424332 -0.000000 -0.000000 1.000000 -16.590549 92.472870 149.777649 -0.000000 -0.000000 -1.000000 -52.518318 84.155548 147.317078 0.000000 0.000000 1.000000 3.431602 118.145630 112.874008 1.000000 0.000000 0.000000 3.886251 82.081848 188.556610 1.000000 0.000000 0.000000 
4.344208 196.440796 -32.514313 88.000000 89.000000 89.000000

-175.155792 17.440796 146.985687 89.000000 89.000000 88.000000
-134.465332 -33.129524 151.585098 0.000000 0.000000 1.000000 
274.344208 -72.559204 146.485687 88.000000 89.000000 89.000000
230.296112 -64.396805 122.432205 0.000000 1.000000 0.000000 
274.344208 16.940796 57.485687 88.000000 90.000000 89.000000

273.844208 16.940796 146.485687 89.000000 90.000000 89.000000

184.344208 17.440796 146.985687 90.000000 89.000000 88.000000
141.318390 -32.802177 151.846680 -0.000000 -0.000000 1.000000 
273.844208 106.940796 57.485687 89.000000 90.000000 89.000000

273.844208 106.940796 146.485687 89.000000 90.000000 89.000000

184.344208 107.440796 57.485687 90.000000 89.000000 89.000000

184.344208 106.940796 146.485687 90.000000 90.000000 89.000000

-176.155792 107.440796 57.485687 89.000000 89.000000 89.000000

-265.155792 107.440796 57.485687 89.000000 89.000000 89.000000

-265.155792 107.440796 146.485687 89.000000 89.000000 89.000000

-175.655792 106.940796 146.485687 90.000000 90.000000 89.000000

-85.655792 106.940796 146.985687 90.000000 90.000000 88.000000
-52.518318 84.155548 147.317078 0.000000 0.000000 1.000000 -78.892387 64.960609 148.966217 0.000000 0.000000 1.000000 
94.344208 106.940796 146.485687 90.000000 90.000000 89.000000
59.948784 84.286751 147.424332 -0.000000 -0.000000 1.000000 86.067215 65.154068 148.126709 0.000000 0.000000 -1.000000 
94.344208 106.940796 146.485687 90.000000 90.000000 89.000000
59.948784 84.286751 147.424332 -0.000000 -0.000000 1.000000 86.067215 65.154068 148.126709 -0.000000 -0.000000 1.000000 
4.344208 107.440796 146.485687 90.000000 89.000000 89.000000
3.810389 98.875298 137.410858 -1.000000 -0.000000 -0.000000 24.229359 92.520081 149.815216 -0.000000 -0.000000 1.000000 59.948784 84.286751 147.424332 -0.000000 -0.000000 1.000000 -16.590549 92.472870 149.777649 0.000000 0.000000 1.000000 -52.518318 84.155548 147.317078 0.000000 0.000000 1.000000 3.431602 118.145630 112.874008 -1.000000 -0.000000 -0.000000 3.886251 82.081848 188.556610 -1.000000 -0.000000 -0.000000 
4.344208 107.440796 146.485687 90.000000 89.000000 89.000000
3.810389 98.875298 137.410858 1.000000 0.000000 0.000000 24.229359 92.520081 149.815216 -0.000000 -0.000000 1.000000 59.948784 84.286751 147.424332 -0.000000 -0.000000 1.000000 -16.590549 92.472870 149.777649 0.000000 0.000000 1.000000 -52.518318 84.155548 147.317078 0.000000 0.000000 1.000000 3.431602 118.145630 112.874008 1.000000 0.000000 0.000000 3.886251 82.081848 188.556610 1.000000 0.000000 0.000000 
273.844208 196.440796 57.485687 89.000000 89.000000 89.000000

273.844208 196.440796 146.485687 89.000000 89.000000 89.000000

184.344208 196.440796 57.485687 90.000000 89.000000 89.000000

184.344208 196.440796 146.485687 90.000000 89.000000 89.000000

94.344208 196.440796 57.485687 90.000000 89.000000 89.000000

94.344208 196.440796 146.485687 90.000000 89.000000 89.000000

4.344208 196.440796 56.985687 90.000000 89.000000 90.000000

4.344208 196.440796 146.485687 90.000000 89.000000 89.000000

-85.655792 196.940796 57.485687 90.000000 88.000000 89.000000

-85.655792 196.440796 146.485687 90.000000 89.000000 89.000000

-175.655792 196.440796 57.485687 90.000000 89.000000 89.000000

-175.655792 196.440796 146.485687 90.000000 89.000000 89.000000

-265.655792 196.440796 57.485687 90.000000 89.000000 89.000000

-355.655792 196.940796 57.485687 90.000000 88.000000 89.000000

-445.155792 196.940796 57.485687 89.000000 88.000000 89.000000

-265.655792 196.440796 146.485687 90.000000 89.000000 89.000000

-445.155792 196.940796 146.485687 89.000000 88.000000 89.000000

-355.655792 196.940796 146.485687 90.000000 88.000000 89.000000

47
94.344208 16.440796 -212.514313 88.000000 89.000000 89.000000
105.427551 56.004990 -221.512115 0.000000 0.000000 1.000000 115.384262 21.228544 -221.614594 0.000000 0.000000 1.000000 171.326370 -0.900917 -221.592850 0.000000 0.000000 1.000000 117.031433 -1.028196 -132.998184 -0.000000 -1.000000 -0.000000 
94.344208 16.440796 -123.014313 88.000000 89.000000 90.000000
117.031433 -1.028196 -132.998184 -0.000000 -1.000000 -0.000000 
94.344208 16.440796 -33.514313 88.000000 89.000000 89.000000
110.440765 49.661644 -44.948906 -0.000000 -0.000000 -1.000000 116.979492 18.230263 -44.550705 -0.000000 -0.000000 -1.000000 117.031433 -1.028196 -132.998184 -0.000000 -1.000000 -0.000000 115.952164 -1.075988 53.280529 -0.000000 -1.000000 -0.000000 
94.344208 -73.059204 -33.514313 88.000000 90.000000 89.000000

93.844208 -73.059204 -123.014313 89.000000 90.000000 90.000000

93.844208 -162.559204 -123.014313 89.000000 89.000000 90.000000

94.344208 -162.559204 -33.514313 88.000000 89.000000 89.000000

94.344208 -73.059204 -212.514313 90.000000 90.000000 89.000000
223.165329 -64.138626 -221.648148 0.000000 0.000000 1.000000 
184.344208 -73.559204 -213.014313 90.000000 89.000000 88.000000
223.165329 -64.138626 -221.648148 0.000000 0.000000 1.000000 
273.844208 -73.559204 -213.014313 89.000000 89.000000 88.000000
223.165329 -64.138626 -221.648148 0.000000 0.000000 1.000000 
-355.155792 16.440796 -213.014313 89.000000 89.000000 88.000000
-340.341858 -18.079605 -222.003296 -0.000000 -0.000000 1.000000 -396.865479 -34.318771 -222.000549 -0.000000 -0.000000 1.000000 
-265.655792 16.440796 -213.014313 90.000000 89.000000 88.000000
-261.717712 -6.716173 -221.976868 -0.000000 -0.000000 1.000000 -340.341858 -18.079605 -222.003296 -0.000000 -0.000000 1.000000 
-175.155792 16.440796 -123.514313 89.000000 89.000000 89.000000

-175.655792 16.440796 -212.514313 90.000000 89.000000 89.000000
-163.831268 -1.302733 -221.918152 -0.000000 -0.000000 1.000000 
-86.155792 16.440796 -123.514313 89.000000 89.000000 89.000000
-109.708008 -1.300781 -133.212509 -0.000000 -1.000000 -0.000000 
-86.155792 16.440796 -212.514313 89.000000 89.000000 89.000000
-98.066193 55.755089 -221.706543 -0.000000 -0.000000 1.000000 -107.946167 20.957155 -221.828796 -0.000000 -0.000000 1.000000 -163.831268 -1.302733 -221.918152 -0.000000 -0.000000 1.000000 -109.708008 -1.300781 -133.212509 -0.000000 -1.000000 -0.000000 
4.344208 -73.559204 -212.514313 90.000000 89.000000 89.000000
1.186105 -80.703522 -199.207703 1.000000 0.000000 0.000000 0.552364 -107.571121 -140.906570 -1.000000 -0.000000 -0.000000 -218.306717 -64.670044 -222.068298 0.000000 0.000000 -1.000000 223.165329 -64.138626 -221.648148 -0.000000 -0.000000 -1.000000 
4.344208 -73.559204 -212.514313 90.000000 89.000000 89.000000
1.186105 -80.703522 -199.207703 1.000000 0.000000 0.000000 0.552364 -107.571121 -140.906570 -1.000000 -0.000000 -0.000000 -218.306717 -64.670044 -222.068298 -0.000000 -0.000000 1.000000 223.165329 -64.138626 -221.648148 -0.000000 -0.000000 -1.000000 
4.344208 -73.559204 -212.514313 90.000000 89.000000 89.000000
1.186105 -80.703522 -199.207703 1.000000 0.000000 0.000000 0.552364 -107.571121 -140.906570 -1.000000 -0.000000 -0.000000 -218.306717 -64.670044 -222.068298 -0.000000 -0.000000 1.000000 223.165329 -64.138626 -221.648148 0.000000 0.000000 1.000000 
4.344208 -73.559204 -123.514313 90.000000 89.000000 89.000000
0.552364 -107.571121 -140.906570 -1.000000 -0.000000 -0.000000 0.971430 -123.573334 -60.493793 -1.000000 -0.000000 -0.000000 
4.344208 -73.559204 -212.514313 90.000000 89.000000 89.000000
1.186105 -80.703522 -199.207703 -1.000000 -0.000000 -0.000000 0.552364 -107.571121 -140.906570 -1.000000 -0.000000 -0.000000 -218.306717 -64.670044 -222.068298 -0.000000 -0.000000 1.000000 223.165329 -64.138626 -221.648148 0.000000 0.000000 1.000000 
4.344208 -73.559204 -212.514313 90.000000 89.000000 89.000000
1.186105 -80.703522 -199.207703 -1.000000 -0.000000 -0.000000 0.552364 -107.571121 -140.906570 -1.000000 -0.000000 -0.000000 -218.306717 -64.670044 -222.068298 -0.000000 -0.000000 1.000000 223.165329 -64.138626 -221.648148 -0.000000 -0.000000 -1.000000 
-85.655792 -73.059204 -123.514313 90.000000 90.000000 89.000000

-85.655792 -73.059204 -212.514313 90.000000 90.000000 89.000000
-218.306717 -64.670044 -222.068298 -0.000000 -0.000000 1.000000 
-175.655792 -73.059204 -123.514313 90.000000 90.000000 89.000000

-175.655792 -73.059204 -212.514313 90.000000 90.000000 89.000000
-218.306717 -64.670044 -222.068298 -0.000000 -0.000000 1.000000 
-265.655792 -73.559204 -123.514313 90.000000 89.000000 89.000000

-265.655792 -73.059204 -212.514313 90.000000 90.000000 89.000000
-218.306717 -64.670044 -222.068298 -0.000000 -0.000000 1.000000 
-355.655792 -73.059204 -212.514313 90.000000 90.000000 89.000000
-340.341858 -18.079605 -222.003296 -0.000000 -0.000000 1.000000 -396.865479 -34.318771 -222.000549 -0.000000 -0.000000 1.000000 -218.306717 -64.670044 -222.068298 -0.000000 -0.000000 1.000000 
-355.655792 -73.559204 -123.514313 90.000000 89.000000 89.000000
-350.133667 -66.617111 -81.860870 0.000000 -1.000000 0.000000 -388.804993 -66.486023 -92.602043 0.000000 -1.000000 0.000000 
-445.155792 -73.559204 -123.514313 89.000000 89.000000 89.000000
-416.324402 -66.342239 -115.858994 0.000000 -1.000000 0.000000 -432.458435 -66.231361 -178.459549 0.000000 -1.000000 0.000000 
-445.155792 -73.559204 -212.514313 89.000000 89.000000 89.000000
-432.458435 -66.231361 -178.459549 0.000000 -1.000000 0.000000 -396.865479 -34.318771 -222.000549 -0.000000 -0.000000 1.000000 -428.447632 -54.356461 -221.970612 -0.000000 -0.000000 1.000000 -218.306717 -64.670044 -222.068298 -0.000000 -0.000000 1.000000 
4.344208 -162.559204 -123.514313 90.000000 89.000000 89.000000
0.552364 -107.571121 -140.906570 -1.000000 -0.000000 -0.000000 0.971430 -123.573334 -60.493793 -1.000000 -0.000000 -0.000000 
273.844208 -162.559204 -213.014313 89.000000 89.000000 88.000000

184.344208 -162.559204 -213.014313 90.000000 89.000000 88.000000

94.344208 -162.559204 -212.514313 90.000000 89.000000 89.000000

4.344208 -162.559204 -212.514313 90.000000 89.000000 89.000000

-85.655792 -162.559204 -123.514313 90.000000 89.000000 89.000000

-85.655792 -162.559204 -212.514313 90.000000 89.000000 89.000000

-175.655792 -162.559204 -123.514313 90.000000 89.000000 89.000000

-175.655792 -162.559204 -212.514313 90.000000 89.000000 89.000000

-265.655792 -162.559204 -123.514313 90.000000 89.000000 89.000000

-265.655792 -162.559204 -212.514313 90.000000 89.000000 89.000000

-355.655792 -162.559204 -123.514313 90.000000 89.000000 89.000000

-355.655792 -162.559204 -212.514313 90.000000 89.000000 89.000000

-445.155792 -162.559204 -212.514313 89.000000 89.000000 89.000000

-445.155792 -162.559204 -123.514313 89.000000 89.000000 89.000000

25
94.344208 16.940796 -32.514313 88.000000 88.000000 89.000000
110.440765 49.661644 -42.948906 0.000000 0.000000 1.000000 116.979492 18.230263 -42.550705 0.000000 0.000000 1.000000 117.031433 -1.028196 -132.998184 -0.000000 -1.000000 -0.000000 115.952164 -1.075988 53.280529 -0.000000 -1.000000 -0.000000 
94.844208 16.440796 56.485687 89.000000 89.000000 89.000000
115.952164 -1.075988 53.280529 -0.000000 -1.000000 -0.000000 
93.844208 -162.559204 56.985687 89.000000 89.000000 88.000000

94.844208 -73.059204 56.985687 89.000000 90.000000 88.000000

4.344208 -162.559204 -122.514313 88.000000 89.000000 89.000000
2.552364 -107.571121 -140.906570 1.000000 0.000000 0.000000 2.971430 -123.573334 -60.493793 1.000000 0.000000 0.000000 
4.344208 -73.559204 -122.514313 88.000000 89.000000 89.000000
2.552364 -107.571121 -140.906570 1.000000 0.000000 0.000000 2.971430 -123.573334 -60.493793 1.000000 0.000000 0.000000 
4.344208 -163.059204 146.485687 88.000000 88.000000 89.000000
35.449024 -133.028870 154.163971 0.000000 0.000000 -1.000000 -30.741394 -133.106934 154.099945 -0.000000 -0.000000 -1.000000 2.348948 -135.820007 114.096832 1.000000 0.000000 0.000000 1.471215 -137.659851 260.035522 -0.000000 -1.000000 -0.000000 
4.344208 -163.059204 146.485687 88.000000 88.000000 89.000000
35.449024 -133.028870 154.163971 0.000000 0.000000 -1.000000 -30.741394 -133.106934 154.099945 -0.000000 -0.000000 -1.000000 2.348948 -135.820007 114.096832 1.000000 0.000000 0.000000 1.471215 -137.659851 260.035522 0.000000 1.000000 0.000000 
4.344208 -163.059204 146.485687 88.000000 88.000000 89.000000
35.449024 -133.028870 154.163971 -0.000000 -0.000000 1.000000 -30.741394 -133.106934 154.099945 0.000000 0.000000 1.000000 2.348948 -135.820007 114.096832 -1.000000 -0.000000 -0.000000 1.471215 -137.659851 260.035522 -0.000000 -1.000000 -0.000000 
4.344208 -163.059204 146.485687 88.000000 88.000000 89.000000
35.449024 -133.028870 154.163971 -0.000000 -0.000000 1.000000 -30.741394 -133.106934 154.099945 0.000000 0.000000 1.000000 2.348948 -135.820007 114.096832 1.000000 0.000000 0.000000 1.471215 -137.659851 260.035522 -0.000000 -1.000000 -0.000000 
4.344208 -73.559204 -33.514313 88.000000 89.000000 89.000000
2.971430 -123.573334 -60.493793 1.000000 0.000000 0.000000 
4.344208 -162.559204 -33.014313 88.000000 89.000000 90.000000
2.971430 -123.573334 -60.493793 1.000000 0.000000 0.000000 3.288130 -131.921478 28.888233 1.000000 0.000000 0.000000 
4.844208 -163.059204 56.985687 89.000000 88.000000 90.000000
3.288130 -131.921478 28.888233 1.000000 0.000000 0.000000 2.348948 -135.820007 114.096832 1.000000 0.000000 0.000000 
364.844208 -73.059204 -212.514313 89.000000 88.000000 89.000000
404.434326 -33.362083 -221.230164 0.000000 0.000000 1.000000 223.165329 -64.138626 -220.648148 0.000000 0.000000 1.000000 
453.844208 -73.059204 -212.514313 89.000000 88.000000 89.000000
440.017426 -65.186012 -177.625275 -0.000000 -1.000000 -0.000000 404.434326 -33.362083 -221.230164 0.000000 0.000000 1.000000 436.064758 -53.319572 -221.144989 0.000000 0.000000 1.000000 223.165329 -64.138626 -220.648148 0.000000 0.000000 1.000000 
363.844208 -73.059204 -33.514313 89.000000 88.000000 89.000000
307.882751 -65.960983 -56.226501 -0.000000 -1.000000 -0.000000 357.512817 -65.771530 -81.183868 -0.000000 -1.000000 -0.000000 
364.844208 -73.059204 -123.014313 89.000000 88.000000 90.000000
357.512817 -65.771530 -81.183868 -0.000000 -1.000000 -0.000000 396.202454 -65.549713 -91.850937 -0.000000 -1.000000 -0.000000 
453.844208 -73.059204 -123.514313 89.000000 88.000000 89.000000
396.202454 -65.549713 -91.850937 -0.000000 -1.000000 -0.000000 423.764343 -65.341873 -115.052979 -0.000000 -1.000000 -0.000000 440.017426 -65.186012 -177.625275 -0.000000 -1.000000 -0.000000 
183.844208 16.440796 56.985687 89.000000 89.000000 88.000000

274.844208 -73.059204 -32.514313 89.000000 88.000000 89.000000
257.677826 -66.150299 29.175104 -0.000000 -1.000000 -0.000000 270.664551 -66.074951 -16.521626 -0.000000 -1.000000 -0.000000 307.882751 -65.960983 -56.226501 -0.000000 -1.000000 -0.000000 
273.844208 -73.059204 56.985687 89.000000 88.000000 90.000000
249.527191 -66.254181 79.315735 -0.000000 -1.000000 -0.000000 257.677826 -66.150299 29.175104 -0.000000 -1.000000 -0.000000 
184.344208 -72.559204 57.485687 90.000000 89.000000 89.000000

273.844208 -73.059204 146.485687 89.000000 88.000000 89.000000
230.296112 -66.396805 122.432205 -0.000000 -1.000000 -0.000000 
184.844208 -73.059204 146.485687 89.000000 88.000000 89.000000
151.526978 -52.852760 151.916138 0.000000 0.000000 -1.000000 184.086060 -66.586349 147.052490 -0.000000 -1.000000 -0.000000 230.296112 -66.396805 122.432205 -0.000000 -1.000000 -0.000000 148.036102 -65.656944 171.312073 0.000000 -1.000000 0.000000 144.532623 -82.081360 152.656448 0.000000 0.000000 -1.000000 141.318390 -32.802177 151.846680 0.000000 0.000000 -1.000000 
184.844208 -73.059204 146.485687 89.000000 88.000000 89.000000
151.526978 -52.852760 151.916138 0.000000 0.000000 -1.000000 184.086060 -66.586349 147.052490 -0.000000 -1.000000 -0.000000 230.296112 -66.396805 122.432205 -0.000000 -1.000000 -0.000000 148.036102 -65.656944 171.312073 0.000000 -1.000000 0.000000 144.532623 -82.081360 152.656448 0.000000 0.000000 -1.000000 141.318390 -32.802177 151.846680 -0.000000 -0.000000 1.000000 
10
-85.655792 16.440796 56.985687 88.000000 89.000000 88.000000
-108.981689 -1.345997 53.066513 0.000000 -1.000000 0.000000 
-85.655792 -162.559204 56.985687 88.000000 89.000000 88.000000

-86.155792 -73.059204 56.985687 89.000000 90.000000 88.000000

-176.155792 -73.059204 -32.514313 89.000000 88.000000 89.000000

-355.155792 -73.059204 -33.014313 89.000000 88.000000 88.000000
-300.547852 -66.690384 -56.809776 0.000000 -1.000000 0.000000 -350.133667 -66.617111 -81.860870 0.000000 -1.000000 0.000000 
-265.655792 -73.059204 -32.514313 90.000000 88.000000 89.000000
-250.515564 -66.759415 28.686281 0.000000 -1.000000 0.000000 -263.409515 -66.715912 -17.034065 0.000000 -1.000000 0.000000 -300.547852 -66.690384 -56.809776 0.000000 -1.000000 0.000000 
-265.155792 -73.059204 56.985687 89.000000 88.000000 90.000000
-242.456940 -66.840561 78.845703 0.000000 -1.000000 0.000000 -250.515564 -66.759415 28.686281 0.000000 -1.000000 0.000000 
-175.655792 -73.059204 56.985687 90.000000 88.000000 90.000000

-265.155792 -73.059204 146.485687 89.000000 88.000000 89.000000
-223.309387 -66.934998 121.997719 0.000000 -1.000000 0.000000 
-176.155792 -73.059204 146.485687 89.000000 88.000000 89.000000
-144.626678 -53.205395 151.632568 -0.000000 -0.000000 -1.000000 -177.145172 -67.017471 146.701660 0.000000 -1.000000 0.000000 -223.309387 -66.934998 121.997719 0.000000 -1.000000 0.000000 -141.140839 -65.999077 171.031677 -0.000000 -1.000000 -0.000000 -138.007904 -82.418839 152.380997 -0.000000 -0.000000 -1.000000 -134.465332 -33.129524 150.585098 -0.000000 -0.000000 -1.000000 
11
-85.655792 17.440796 -212.514313 88.000000 89.000000 89.000000
-98.066193 55.755089 -221.706543 -0.000000 -0.000000 1.000000 -107.946167 20.957155 -221.828796 -0.000000 -0.000000 1.000000 -163.831268 -1.302733 -221.918152 -0.000000 -0.000000 1.000000 -109.708008 0.699219 -133.212509 0.000000 1.000000 0.000000 
-85.655792 17.440796 -123.014313 88.000000 89.000000 90.000000
-109.708008 0.699219 -133.212509 0.000000 1.000000 0.000000 
-175.155792 16.940796 -33.014313 89.000000 88.000000 88.000000

-86.155792 17.440796 -33.514313 89.000000 89.000000 89.000000
-103.816162 49.410088 -45.154408 0.000000 0.000000 -1.000000 -109.961136 17.962513 -44.762245 0.000000 0.000000 -1.000000 -109.708008 0.699219 -133.212509 0.000000 1.000000 0.000000 -108.981689 0.654003 53.066513 -0.000000 1.000000 -0.000000 
4.344208 196.440796 -123.514313 88.000000 89.000000 89.000000
1.035697 154.960358 -119.030090 -1.000000 0.000000 0.000000 0.784867 184.104431 -144.377228 -1.000000 0.000000 0.000000 1.557559 200.075317 -191.156097 -1.000000 0.000000 0.000000 
4.344208 196.940796 -212.514313 88.000000 88.000000 89.000000
1.557559 200.075317 -191.156097 -1.000000 0.000000 0.000000 9.426075 197.630493 -220.981903 -0.000000 -0.000000 1.000000 21.306660 178.217743 -220.980179 -0.000000 -0.000000 1.000000 26.597404 148.204468 -220.949280 -0.000000 -0.000000 1.000000 -6.293903 197.612137 -220.998810 0.000000 0.000000 1.000000 -17.405132 178.170914 -221.018066 0.000000 0.000000 1.000000 -21.506296 148.146896 -220.997101 0.000000 0.000000 1.000000 
4.344208 196.940796 -212.514313 88.000000 88.000000 89.000000
1.557559 200.075317 -191.156097 1.000000 -0.000000 -0.000000 9.426075 197.630493 -220.981903 -0.000000 -0.000000 1.000000 21.306660 178.217743 -220.980179 -0.000000 -0.000000 1.000000 26.597404 148.204468 -220.949280 -0.000000 -0.000000 1.000000 -6.293903 197.612137 -220.998810 0.000000 0.000000 1.000000 -17.405132 178.170914 -221.018066 0.000000 0.000000 1.000000 -21.506296 148.146896 -220.997101 0.000000 0.000000 1.000000 
-85.655792 106.440796 -212.514313 88.000000 89.000000 89.000000
-57.824104 88.160614 -221.357880 -0.000000 -0.000000 1.000000 -80.153564 77.071518 -221.551758 -0.000000 -0.000000 1.000000 -98.066193 55.755089 -221.706543 -0.000000 -0.000000 1.000000 
3.844208 107.440796 -123.014313 89.000000 89.000000 88.000000
1.487502 102.157921 -66.328125 -1.000000 0.000000 0.000000 1.282960 123.895813 -98.539169 -1.000000 0.000000 0.000000 1.035697 154.960358 -119.030090 -1.000000 0.000000 0.000000 
-85.155792 106.440796 -123.014313 89.000000 89.000000 90.000000

-85.655792 106.440796 -33.514313 88.000000 89.000000 89.000000
-55.046886 86.339447 -45.796642 0.000000 0.000000 -1.000000 -84.290428 71.728088 -45.486443 0.000000 0.000000 -1.000000 
52
4.844208 107.440796 -123.014313 89.000000 89.000000 88.000000
3.487502 102.157921 -66.328125 1.000000 -0.000000 -0.000000 3.282960 123.895813 -98.539169 1.000000 -0.000000 -0.000000 3.035697 154.960358 -119.030090 1.000000 -0.000000 -0.000000 
4.844208 196.440796 -123.014313 89.000000 89.000000 88.000000
3.035697 154.960358 -119.030090 1.000000 -0.000000 -0.000000 2.784867 184.104431 -144.377228 1.000000 -0.000000 -0.000000 2.557559 200.075317 -191.156097 1.000000 -0.000000 -0.000000 
273.844208 -72.559204 -122.514313 89.000000 89.000000 89.000000

184.844208 -72.559204 -122.514313 89.000000 89.000000 89.000000

184.844208 -72.559204 -33.514313 89.000000 89.000000 89.000000

273.844208 -72.559204 -33.514313 89.000000 89.000000 89.000000
257.677826 -64.150299 29.175104 0.000000 1.000000 0.000000 270.664551 -64.074951 -16.521626 0.000000 1.000000 0.000000 307.882751 -63.960983 -56.226501 0.000000 1.000000 0.000000 
273.844208 16.940796 -33.514313 89.000000 90.000000 89.000000

184.844208 16.940796 -33.514313 89.000000 90.000000 89.000000

273.844208 16.940796 -123.014313 89.000000 90.000000 90.000000

184.344208 16.940796 -123.014313 90.000000 90.000000 90.000000

94.844208 17.440796 -123.514313 89.000000 89.000000 89.000000
117.031433 0.971804 -132.998184 0.000000 1.000000 0.000000 
273.844208 17.440796 -212.514313 89.000000 89.000000 89.000000
269.228638 -6.081897 -221.462845 0.000000 0.000000 1.000000 347.876221 -17.258863 -221.339111 0.000000 0.000000 1.000000 
184.344208 17.440796 -212.514313 90.000000 89.000000 89.000000
171.326370 -0.900917 -221.592850 0.000000 0.000000 1.000000 
94.844208 17.440796 -212.514313 89.000000 89.000000 89.000000
105.427551 56.004990 -222.512115 0.000000 0.000000 1.000000 115.384262 21.228544 -221.614594 0.000000 0.000000 1.000000 171.326370 -0.900917 -221.592850 0.000000 0.000000 1.000000 117.031433 0.971804 -132.998184 0.000000 1.000000 0.000000 
94.344208 106.940796 -123.514313 90.000000 90.000000 89.000000

94.844208 106.940796 -212.514313 89.000000 90.000000 89.000000
65.109909 88.310928 -222.239517 0.000000 0.000000 1.000000 87.468124 77.278152 -222.391418 0.000000 0.000000 1.000000 105.427551 56.004990 -222.512115 0.000000 0.000000 1.000000 
94.844208 106.940796 -212.514313 89.000000 90.000000 89.000000
65.109909 88.310928 -222.239517 -0.000000 -0.000000 -1.000000 87.468124 77.278152 -222.391418 -0.000000 -0.000000 -1.000000 105.427551 56.004990 -222.512115 -0.000000 -0.000000 -1.000000 
94.844208 196.940796 -33.514313 89.000000 88.000000 89.000000

94.344208 196.440796 -123.014313 90.000000 89.000000 90.000000

94.844208 196.440796 -212.514313 89.000000 89.000000 89.000000

184.844208 106.940796 -33.514313 89.000000 90.000000 89.000000

184.344208 196.440796 -33.514313 90.000000 89.000000 89.000000

184.344208 106.940796 -123.014313 90.000000 90.000000 90.000000

184.344208 196.440796 -123.014313 90.000000 89.000000 90.000000

184.344208 106.940796 -212.514313 90.000000 90.000000 89.000000

184.344208 196.440796 -212.514313 90.000000 89.000000 89.000000

274.344208 106.940796 -33.514313 90.000000 90.000000 89.000000

274.344208 196.440796 -33.514313 90.000000 89.000000 89.000000

274.344208 106.940796 -123.014313 90.000000 90.000000 90.000000

274.344208 196.440796 -123.014313 90.000000 89.000000 90.000000

274.344208 106.940796 -212.514313 90.000000 90.000000 89.000000

274.344208 196.440796 -212.514313 90.000000 89.000000 89.000000

364.344208 107.440796 -123.014313 90.000000 89.000000 90.000000

364.344208 196.440796 -123.014313 90.000000 89.000000 90.000000

364.344208 107.440796 -212.514313 90.000000 89.000000 89.000000

364.344208 196.440796 -212.514313 90.000000 89.000000 89.000000

453.844208 107.440796 -123.014313 89.000000 89.000000 90.000000

453.844208 196.440796 -123.014313 89.000000 89.000000 90.000000

453.844208 107.440796 -212.514313 89.000000 89.000000 89.000000

453.844208 196.440796 -212.514313 89.000000 89.000000 89.000000

364.344208 107.440796 -33.014313 90.000000 89.000000 90.000000

364.344208 196.440796 -33.014313 90.000000 89.000000 90.000000

364.844208 107.440796 56.985687 89.000000 89.000000 90.000000

364.844208 196.440796 56.985687 89.000000 89.000000 90.000000

364.844208 107.440796 146.485687 89.000000 89.000000 89.000000

364.844208 196.440796 146.485687 89.000000 89.000000 89.000000

453.844208 107.440796 -33.014313 89.000000 89.000000 90.000000

453.844208 196.440796 -33.014313 89.000000 89.000000 90.000000

453.844208 107.440796 56.985687 89.000000 89.000000 90.000000

453.844208 196.440796 56.985687 89.000000 89.000000 90.000000

453.844208 107.440796 146.485687 89.000000 89.000000 89.000000

453.844208 196.440796 146.485687 89.000000 89.000000 89.000000

4
-85.655792 16.940796 -32.514313 88.000000 88.000000 89.000000
-103.816162 49.410088 -43.154408 -0.000000 -0.000000 1.000000 -109.961136 17.962513 -42.762245 -0.000000 -0.000000 1.000000 -109.708008 0.699219 -133.212509 0.000000 1.000000 0.000000 -108.981689 0.654003 53.066513 -0.000000 1.000000 -0.000000 
-85.655792 16.940796 56.985687 88.000000 88.000000 90.000000
-108.981689 0.654003 53.066513 -0.000000 1.000000 -0.000000 
-85.655792 16.940796 146.485687 88.000000 88.000000 89.000000
-78.892387 64.960609 147.966217 -0.000000 -0.000000 -1.000000 -96.492828 40.046864 147.673920 -0.000000 -0.000000 -1.000000 -106.082756 13.159637 148.354675 -0.000000 -0.000000 -1.000000 -108.844383 0.737418 172.466644 -0.000000 1.000000 -0.000000 -116.983292 -13.104315 149.297699 -0.000000 -0.000000 -1.000000 -134.465332 -33.129524 150.585098 -0.000000 -0.000000 -1.000000 -108.981689 0.654003 53.066513 -0.000000 1.000000 -0.000000 
-85.655792 16.940796 146.485687 88.000000 88.000000 89.000000
-78.892387 64.960609 147.966217 0.000000 0.000000 1.000000 -96.492828 40.046864 147.673920 -0.000000 -0.000000 -1.000000 -106.082756 13.159637 148.354675 -0.000000 -0.000000 -1.000000 -108.844383 0.737418 172.466644 -0.000000 1.000000 -0.000000 -116.983292 -13.104315 149.297699 -0.000000 -0.000000 -1.000000 -134.465332 -33.129524 150.585098 -0.000000 -0.000000 -1.000000 -108.981689 0.654003 53.066513 -0.000000 1.000000 -0.000000 
3
94.344208 106.440796 -33.014313 88.000000 89.000000 88.000000
60.623646 86.480972 -43.690331 0.000000 0.000000 1.000000 90.379570 71.937363 -43.320873 0.000000 0.000000 1.000000 
94.344208 16.940796 56.485687 88.000000 88.000000 89.000000
115.952164 0.924012 53.280529 0.000000 1.000000 0.000000 
94.344208 17.440796 -32.514313 88.000000 89.000000 89.000000
110.440765 49.661644 -42.948906 0.000000 0.000000 1.000000 116.979492 18.230263 -42.550705 0.000000 0.000000 1.000000 117.031433 0.971804 -132.998184 0.000000 1.000000 0.000000 115.952164 0.924012 53.280529 0.000000 1.000000 0.000000 
3
-85.655792 -162.559204 146.985687 88.000000 89.000000 88.000000
-85.076668 -122.354431 153.123428 -0.000000 -0.000000 -1.000000 -30.741394 -133.106934 153.099945 -0.000000 -0.000000 -1.000000 
-175.155792 -73.059204 146.985687 89.000000 88.000000 88.000000
-144.626678 -53.205395 151.632568 -0.000000 -0.000000 -1.000000 -177.145172 -65.017471 146.701660 -0.000000 1.000000 -0.000000 -223.309387 -64.934998 121.997719 -0.000000 1.000000 -0.000000 -141.140839 -63.999077 171.031677 0.000000 1.000000 0.000000 -138.007904 -82.418839 152.380997 -0.000000 -0.000000 -1.000000 -134.465332 -33.129524 150.585098 -0.000000 -0.000000 -1.000000 
-86.155792 -73.559204 146.985687 89.000000 89.000000 88.000000
-118.537033 -107.169449 152.905640 -0.000000 -0.000000 -1.000000 -85.076668 -122.354431 153.123428 -0.000000 -0.000000 -1.000000 -138.007904 -82.418839 152.380997 -0.000000 -0.000000 -1.000000 -134.465332 -33.129524 150.585098 -0.000000 -0.000000 -1.000000 
3
183.844208 -73.059204 146.985687 89.000000 88.000000 88.000000
151.526978 -52.852760 151.916138 0.000000 0.000000 -1.000000 184.086060 -64.586349 147.052490 0.000000 1.000000 0.000000 230.296112 -64.396805 122.432205 0.000000 1.000000 0.000000 148.036102 -63.656944 171.312073 -0.000000 1.000000 -0.000000 144.532623 -82.081360 152.656448 0.000000 0.000000 -1.000000 141.318390 -32.802177 150.846680 0.000000 0.000000 -1.000000 
94.344208 -162.559204 146.985687 88.000000 89.000000 88.000000
90.195709 -122.145386 153.293030 0.000000 0.000000 -1.000000 35.449024 -133.028870 153.163971 0.000000 0.000000 -1.000000 
94.844208 -73.559204 146.985687 89.000000 89.000000 88.000000
124.301567 -106.878464 153.142181 0.000000 0.000000 -1.000000 90.195709 -122.145386 153.293030 0.000000 0.000000 -1.000000 144.532623 -82.081360 152.656448 0.000000 0.000000 -1.000000 141.318390 -32.802177 150.846680 0.000000 0.000000 -1.000000 
2
-85.155792 106.940796 -33.014313 89.000000 88.000000 88.000000
-55.046886 86.339447 -43.796642 -0.000000 -0.000000 1.000000 -84.290428 71.728088 -43.486443 -0.000000 -0.000000 1.000000 
3.844208 106.940796 -33.014313 89.000000 88.000000 88.000000
1.487502 102.157921 -66.328125 -1.000000 0.000000 0.000000 23.066025 93.431320 -44.047646 0.000000 0.000000 1.000000 60.623646 86.480972 -43.690331 0.000000 0.000000 1.000000 -17.820419 93.379753 -44.086105 -0.000000 -0.000000 1.000000 1.633872 97.720695 -20.541622 -1.000000 -0.000000 -0.000000 1.900226 116.024155 53.801788 -1.000000 -0.000000 -0.000000 
10
4.344208 -163.059204 56.985687 88.000000 88.000000 90.000000
1.288130 -131.921478 28.888233 -1.000000 -0.000000 -0.000000 2.348948 -135.820007 114.096832 -1.000000 -0.000000 -0.000000 
3.844208 -73.559204 -33.014313 89.000000 89.000000 88.000000
0.971430 -123.573334 -60.493793 -1.000000 -0.000000 -0.000000 
-85.655792 16.440796 -33.014313 88.000000 89.000000 88.000000
-103.816162 49.410088 -43.154408 -0.000000 -0.000000 1.000000 -109.961136 17.962513 -44.762245 0.000000 0.000000 -1.000000 -109.708008 -1.300781 -133.212509 -0.000000 -1.000000 -0.000000 -108.981689 -1.345997 53.066513 0.000000 -1.000000 0.000000 
-85.155792 -73.059204 -33.014313 89.000000 90.000000 88.000000

-85.155792 -162.559204 -33.014313 89.000000 89.000000 88.000000

3.844208 -162.559204 -32.514313 89.000000 89.000000 89.000000
0.971430 -123.573334 -60.493793 -1.000000 -0.000000 -0.000000 1.288130 -131.921478 28.888233 -1.000000 -0.000000 -0.000000 
4.344208 -163.059204 146.485687 88.000000 88.000000 89.000000
35.449024 -133.028870 154.163971 0.000000 0.000000 -1.000000 -30.741394 -133.106934 154.099945 -0.000000 -0.000000 -1.000000 2.348948 -135.820007 114.096832 -1.000000 -0.000000 -0.000000 1.471215 -137.659851 260.035522 -0.000000 -1.000000 -0.000000 
4.344208 -163.059204 146.485687 88.000000 88.000000 89.000000
35.449024 -133.028870 154.163971 0.000000 0.000000 -1.000000 -30.741394 -133.106934 154.099945 -0.000000 -0.000000 -1.000000 2.348948 -135.820007 114.096832 -1.000000 -0.000000 -0.000000 1.471215 -137.659851 260.035522 0.000000 1.000000 0.000000 
4.344208 -163.059204 146.485687 88.000000 88.000000 89.000000
35.449024 -133.028870 154.163971 -0.000000 -0.000000 1.000000 -30.741394 -133.106934 154.099945 0.000000 0.000000 1.000000 2.348948 -135.820007 114.096832 -1.000000 -0.000000 -0.000000 1.471215 -137.659851 260.035522 0.000000 1.000000 0.000000 
4.344208 -163.059204 146.485687 88.000000 88.000000 89.000000
35.449024 -133.028870 154.163971 -0.000000 -0.000000 1.000000 -30.741394 -133.106934 154.099945 0.000000 0.000000 1.000000 2.348948 -135.820007 114.096832 1.000000 0.000000 0.000000 1.471215 -137.659851 260.035522 0.000000 1.000000 0.000000 
4
94.844208 16.940796 146.985687 89.000000 88.000000 88.000000
86.067215 65.154068 148.126709 0.000000 0.000000 -1.000000 103.430359 40.283291 148.867950 0.000000 0.000000 -1.000000 112.892273 13.421087 149.568176 0.000000 0.000000 -1.000000 115.580765 0.005555 172.682297 0.000000 1.000000 0.000000 123.794884 -12.817645 149.530487 0.000000 0.000000 -1.000000 141.318390 -32.802177 150.846680 0.000000 0.000000 -1.000000 115.952164 -0.075988 53.280529 0.000000 1.000000 0.000000 
94.844208 16.940796 146.985687 89.000000 88.000000 88.000000
86.067215 65.154068 148.126709 0.000000 0.000000 -1.000000 103.430359 40.283291 148.867950 0.000000 0.000000 -1.000000 112.892273 13.421087 149.568176 0.000000 0.000000 -1.000000 115.580765 0.005555 172.682297 -0.000000 -1.000000 -0.000000 123.794884 -12.817645 149.530487 0.000000 0.000000 -1.000000 141.318390 -32.802177 150.846680 0.000000 0.000000 -1.000000 115.952164 -0.075988 53.280529 0.000000 1.000000 0.000000 
94.844208 16.940796 146.985687 89.000000 88.000000 88.000000
86.067215 65.154068 148.126709 -0.000000 -0.000000 1.000000 103.430359 40.283291 148.867950 -0.000000 -0.000000 1.000000 112.892273 13.421087 149.568176 -0.000000 -0.000000 1.000000 115.580765 0.005555 172.682297 -0.000000 -1.000000 -0.000000 123.794884 -12.817645 149.530487 0.000000 0.000000 -1.000000 141.318390 -32.802177 150.846680 0.000000 0.000000 -1.000000 115.952164 -0.075988 53.280529 -0.000000 -1.000000 -0.000000 
183.844208 16.940796 146.985687 89.000000 88.000000 88.000000
141.318390 -32.802177 150.846680 0.000000 0.000000 -1.000000 
3
94.344208 17.440796 -33.014313 88.000000 89.000000 88.000000
110.440765 49.661644 -44.948906 -0.000000 -0.000000 -1.000000 116.979492 18.230263 -44.550705 -0.000000 -0.000000 -1.000000 117.031433 0.971804 -132.998184 0.000000 1.000000 0.000000 115.952164 0.924012 53.280529 0.000000 1.000000 0.000000 
4.844208 106.940796 -33.014313 89.000000 88.000000 88.000000
3.487502 102.157921 -66.328125 1.000000 -0.000000 -0.000000 23.066025 93.431320 -46.047646 -0.000000 -0.000000 -1.000000 60.623646 86.480972 -45.690331 -0.000000 -0.000000 -1.000000 -17.820419 93.379753 -46.086105 0.000000 0.000000 -1.000000 3.633872 97.720695 -20.541622 1.000000 0.000000 0.000000 3.900226 116.024155 53.801788 1.000000 0.000000 0.000000 
93.844208 106.440796 -33.014313 89.000000 89.000000 88.000000
60.623646 86.480972 -45.690331 -0.000000 -0.000000 -1.000000 90.379570 71.937363 -45.320873 -0.000000 -0.000000 -1.000000 
5
3.844208 106.940796 146.485687 89.000000 88.000000 89.000000
2.810389 98.875298 137.410858 -1.000000 -0.000000 -0.000000 24.229359 92.520081 148.815216 0.000000 0.000000 -1.000000 59.948784 84.286751 147.424332 -0.000000 -0.000000 1.000000 -16.590549 92.472870 148.777649 -0.000000 -0.000000 -1.000000 -52.518318 84.155548 147.317078 0.000000 0.000000 1.000000 2.431602 118.145630 112.874008 -1.000000 -0.000000 -0.000000 2.886251 82.081848 188.556610 -1.000000 -0.000000 -0.000000 
-85.155792 106.940796 146.485687 89.000000 88.000000 89.000000
-52.518318 84.155548 147.317078 -0.000000 -0.000000 -1.000000 -78.892387 64.960609 146.966217 -0.000000 -0.000000 -1.000000 
3.844208 106.940796 146.485687 89.000000 88.000000 89.000000
2.810389 98.875298 137.410858 -1.000000 -0.000000 -0.000000 24.229359 92.520081 148.815216 0.000000 0.000000 -1.000000 59.948784 84.286751 147.424332 0.000000 0.000000 -1.000000 -16.590549 92.472870 148.777649 -0.000000 -0.000000 -1.000000 -52.518318 84.155548 147.317078 -0.000000 -0.000000 -1.000000 2.431602 118.145630 112.874008 -1.000000 -0.000000 -0.000000 2.886251 82.081848 188.556610 -1.000000 -0.000000 -0.000000 
-85.155792 106.940796 57.485687 89.000000 88.000000 89.000000

3.844208 106.940796 57.485687 89.000000 88.000000 89.000000
1.900226 116.024155 53.801788 -1.000000 -0.000000 -0.000000 
5
-86.155792 16.940796 146.985687 89.000000 88.000000 88.000000
-78.892387 64.960609 147.966217 -0.000000 -0.000000 -1.000000 -96.492828 40.046864 148.673920 -0.000000 -0.000000 -1.000000 -106.082756 13.159637 149.354675 -0.000000 -0.000000 -1.000000 -108.844383 -1.262582 172.466644 0.000000 -1.000000 0.000000 -116.983292 -13.104315 149.297699 -0.000000 -0.000000 -1.000000 -134.465332 -33.129524 150.585098 -0.000000 -0.000000 -1.000000 -108.981689 -1.345997 53.066513 0.000000 -1.000000 0.000000 
-175.655792 16.940796 57.485687 88.000000 88.000000 89.000000

-86.155792 16.940796 146.985687 89.000000 88.000000 88.000000
-78.892387 64.960609 147.966217 0.000000 0.000000 1.000000 -96.492828 40.046864 148.673920 0.000000 0.000000 1.000000 -106.082756 13.159637 149.354675 0.000000 0.000000 1.000000 -108.844383 -1.262582 172.466644 0.000000 -1.000000 0.000000 -116.983292 -13.104315 149.297699 -0.000000 -0.000000 -1.000000 -134.465332 -33.129524 150.585098 -0.000000 -0.000000 -1.000000 -108.981689 -1.345997 53.066513 0.000000 -1.000000 0.000000 
-175.155792 16.940796 146.485687 89.000000 88.000000 89.000000
-134.465332 -33.129524 150.585098 -0.000000 -0.000000 -1.000000 
-86.155792 16.940796 146.985687 89.000000 88.000000 88.000000
-78.892387 64.960609 147.966217 0.000000 0.000000 1.000000 -96.492828 40.046864 148.673920 -0.000000 -0.000000 -1.000000 -106.082756 13.159637 149.354675 -0.000000 -0.000000 -1.000000 -108.844383 -1.262582 172.466644 0.000000 -1.000000 0.000000 -116.983292 -13.104315 149.297699 -0.000000 -0.000000 -1.000000 -134.465332 -33.129524 150.585098 -0.000000 -0.000000 -1.000000 -108.981689 -1.345997 53.066513 0.000000 -1.000000 0.000000 
1
4.344208 106.940796 -213.014313 88.000000 88.000000 88.000000
26.597404 148.204468 -220.949280 -0.000000 -0.000000 1.000000 -21.506296 148.146896 -220.997101 0.000000 0.000000 1.000000 41.960964 92.368332 -221.035553 0.000000 0.000000 1.000000 -34.686012 92.276321 -221.113312 -0.000000 -0.000000 1.000000 29.309008 112.467506 -220.924835 -0.000000 -0.000000 1.000000 -22.804373 112.405640 -220.980621 0.000000 0.000000 1.000000 
1
-265.655792 -73.059204 -33.014313 88.000000 88.000000 88.000000
-250.515564 -64.759415 28.686281 -0.000000 1.000000 -0.000000 -263.409515 -64.715912 -17.034065 -0.000000 1.000000 -0.000000 -300.547852 -64.690384 -56.809776 -0.000000 1.000000 -0.000000 
1
4.344208 -73.059204 -213.014313 88.000000 88.000000 88.000000
2.186105 -80.703522 -199.207703 1.000000 0.000000 0.000000 2.552364 -107.571121 -140.906570 1.000000 0.000000 0.000000 -218.306717 -64.670044 -221.068298 -0.000000 -0.000000 1.000000 223.165329 -64.138626 -220.648148 0.000000 0.000000 1.000000 
1
-85.655792 16.940796 -33.014313 88.000000 88.000000 88.000000
-103.816162 49.410088 -43.154408 -0.000000 -0.000000 1.000000 -109.961136 17.962513 -42.762245 -0.000000 -0.000000 1.000000 -109.708008 -1.300781 -133.212509 -0.000000 -1.000000 -0.000000 -108.981689 -1.345997 53.066513 0.000000 -1.000000 0.000000 
1
4.344208 106.940796 -33.014313 88.000000 88.000000 88.000000
1.487502 102.157921 -66.328125 -1.000000 0.000000 0.000000 23.066025 93.431320 -46.047646 -0.000000 -0.000000 -1.000000 60.623646 86.480972 -45.690331 -0.000000 -0.000000 -1.000000 -17.820419 93.379753 -46.086105 0.000000 0.000000 -1.000000 1.633872 97.720695 -20.541622 -1.000000 -0.000000 -0.000000 1.900226 116.024155 53.801788 -1.000000 -0.000000 -0.000000 
1
94.344208 16.940796 146.985687 88.000000 88.000000 88.000000
86.067215 65.154068 147.126709 0.000000 0.000000 -1.000000 103.430359 40.283291 147.867950 0.000000 0.000000 -1.000000 112.892273 13.421087 148.568176 0.000000 0.000000 -1.000000 115.580765 -0.994445 172.682297 -0.000000 -1.000000 -0.000000 123.794884 -12.817645 149.530487 0.000000 0.000000 -1.000000 141.318390 -32.802177 150.846680 0.000000 0.000000 -1.000000 115.952164 -1.075988 53.280529 -0.000000 -1.000000 -0.000000 
1
-85.655792 16.940796 -33.014313 88.000000 88.000000 88.000000
-103.816162 49.410088 -45.154408 0.000000 0.000000 -1.000000 -109.961136 17.962513 -44.762245 0.000000 0.000000 -1.000000 -109.708008 -1.300781 -133.212509 -0.000000 -1.000000 -0.000000 -108.981689 -1.345997 53.066513 0.000000 -1.000000 0.000000 
