25
0.000000 0.000000 1.000000 1
0.000000 0.000000 -1.000000 495
0.000000 1.000000 0.000000 495
0.000000 -1.000000 0.000000 495
0.000000 -1.000000 0.000000 1
0.000000 -1.000000 0.000000 495
-1.000000 0.000000 0.000000 1
0.000000 1.000000 0.000000 495
1.000000 0.000000 0.000000 1
-1.000000 0.000000 0.000000 1
0.000000 0.000000 -1.000000 160
0.000000 0.000000 -1.000000 160
0.000000 1.000000 0.000000 1
-1.000000 0.000000 0.000000 60
1.000000 0.000000 0.000000 495
0.000000 0.000000 -1.000000 70
-1.000000 0.000000 0.000000 495
0.000000 -1.000000 0.000000 17
0.000000 0.000000 1.000000 60
-1.000000 0.000000 0.000000 495
0.000000 1.000000 0.000000 495
0.000000 -1.000000 0.000000 495
0.000000 0.000000 -1.000000 70
0.000000 -1.000000 0.000000 495
0.000000 -1.000000 0.000000 495
0
11
10
19
2
14
17
5
23
16
8
9
21
12
15
22
4
13
7
6
24
3
20
18
1
