336
1 201
1 68
2 68
2 67
3 67
3 66
5 194
5 181
6 181
6 193
7 193
7 192
9 0
9 180
11 191
11 190
13 11
13 12
14 12
14 13
15 13
15 14
16 14
16 15
18 72
18 71
19 73
19 72
20 74
20 73
21 75
21 74
23 140
23 139
24 141
24 140
25 142
25 141
26 143
26 142
28 155
28 154
29 156
29 155
30 157
30 156
31 158
31 157
33 174
33 175
34 173
34 174
35 172
35 173
36 171
36 172
38 137
38 138
39 136
39 137
40 135
40 136
41 134
41 135
42 1
42 2
43 2
43 3
44 3
44 4
45 4
45 5
47 199
47 200
48 200
48 34
50 195
50 96
51 96
51 97
52 97
52 98
53 206
53 69
54 69
54 207
56 184
56 185
58 186
58 159
59 159
59 188
60 203
60 109
61 109
61 208
62 39
62 38
63 38
63 37
64 37
64 36
65 36
65 35
66 40
66 41
67 41
67 42
68 42
68 43
69 43
69 44
71 45
71 46
72 46
72 47
73 47
73 48
74 48
74 49
76 17
76 16
77 18
77 17
78 19
78 18
79 177
79 19
80 20
80 21
81 21
81 22
82 22
82 23
83 23
83 24
86 107
86 108
87 106
87 107
88 105
88 106
89 104
89 105
90 103
90 104
91 102
91 103
92 101
92 102
93 100
93 101
94 99
94 100
95 164
95 163
96 163
96 162
97 162
97 161
98 161
98 160
99 210
99 211
100 211
100 212
101 212
101 179
102 145
102 144
103 146
103 145
104 147
104 146
105 148
105 147
106 114
106 113
107 113
107 112
108 112
108 111
109 111
109 110
110 90
110 89
111 89
111 88
112 88
112 87
113 87
113 86
114 79
114 80
115 78
115 79
116 77
116 78
117 76
117 77
118 6
118 7
119 7
119 8
120 8
120 9
121 9
121 10
123 197
123 198
124 198
124 50
126 196
126 115
127 115
127 116
128 116
128 117
129 205
129 70
130 70
130 204
132 182
132 183
134 187
134 165
135 165
135 189
136 202
136 128
137 128
137 209
138 55
138 54
139 54
139 53
140 53
140 52
141 52
141 51
142 56
142 57
143 57
143 58
144 58
144 59
145 59
145 60
147 61
147 62
148 62
148 63
149 63
149 64
150 64
150 65
152 26
152 25
153 27
153 26
154 28
154 27
155 176
155 28
156 29
156 30
157 30
157 31
158 31
158 32
159 32
159 33
162 126
162 127
163 125
163 126
164 124
164 125
165 123
165 124
166 122
166 123
167 121
167 122
168 120
168 121
169 119
169 120
170 118
170 119
171 170
171 169
172 169
172 168
173 168
173 167
174 167
174 166
175 215
175 214
176 214
176 213
177 213
177 178
178 150
178 149
179 151
179 150
180 152
180 151
181 153
181 152
182 133
182 132
183 132
183 131
184 131
184 130
185 130
185 129
186 95
186 94
187 94
187 93
188 93
188 92
189 92
189 91
190 84
190 85
191 83
191 84
192 82
192 83
193 81
193 82
