0.7337732 -0.1687229 0.6581106 0.7337732 -0.168723 0.6581105 -0.7337732 0.168723 -0.6581105
0.5672381 0.2216956 -0.7931532 0.5945613 0.1887131 -0.7815909 -0.5945613 -0.1887131 0.7815909
0.6475583 0.1532574 -0.7464452 0.5945613 0.1887131 -0.7815909 -0.5945613 -0.1887131 0.7815909
0.6078815 0.1585234 -0.7780427 0.5945613 0.1887131 -0.7815909 -0.5945613 -0.1887131 0.7815909
0.5797124 0.187385 -0.7929819 0.5945613 0.1887131 -0.7815909 -0.5945613 -0.1887131 0.7815909
0.5672381 0.2216956 -0.7931533 0.5945613 0.1887131 -0.7815909 -0.5945613 -0.1887131 0.7815909
-0.7662492 -0.1690223 0.6199143 -0.7430804 -0.149422 0.6523072 0.7430804 0.149422 -0.6523072
-0.6946856 -0.1410053 0.7053577 -0.7430804 -0.149422 0.6523072 0.7430804 0.149422 -0.6523072
-0.7295262 -0.1264644 0.6721595 -0.7430804 -0.149422 0.6523072 0.7430804 0.149422 -0.6523072
-0.7547469 -0.1408025 0.6407276 -0.7430804 -0.149422 0.6523072 0.7430804 0.149422 -0.6523072
-0.7662492 -0.1690223 0.6199142 -0.7430804 -0.149422 0.6523072 0.7430804 0.149422 -0.6523072
-0.7414312 0.1887344 -0.6439403 -0.7416982 0.1885294 -0.6436929 0.7416982 -0.1885294 0.6436929
-0.741682 0.1886675 -0.6436711 -0.7416982 0.1885294 -0.6436929 0.7416982 -0.1885294 0.6436929
-0.7417812 0.1884327 -0.6436255 -0.7416982 0.1885294 -0.6436929 0.7416982 -0.1885294 0.6436929
-0.7418153 0.1883798 -0.6436017 -0.7416982 0.1885294 -0.6436929 0.7416982 -0.1885294 0.6436929
-0.7417812 0.1884327 -0.6436256 -0.7416982 0.1885294 -0.6436929 0.7416982 -0.1885294 0.6436929
-0.6780244 -0.2351352 0.6964154 -0.6775624 -0.2357903 0.6966435 0.6775624 0.2357903 -0.6966435
-0.6773766 -0.2355691 0.696899 -0.6775624 -0.2357903 0.6966435 0.6775624 0.2357903 -0.6966435
-0.6770372 -0.2363062 0.6969793 -0.6775624 -0.2357903 0.6966435 0.6775624 0.2357903 -0.6966435
-0.6773484 -0.2368053 0.6965073 -0.6775624 -0.2357903 0.6966435 0.6775624 0.2357903 -0.6966435
-0.007356734 0.9472716 0.3203474 -0.00591383 0.9476693 0.3191988 0.00591383 -0.9476693 -0.3191988
-0.004560942 0.9478588 0.3186581 -0.00591383 0.9476693 0.3191988 0.00591383 -0.9476693 -0.3191988
-0.004663426 0.9480702 0.3180269 -0.00591383 0.9476693 0.3191988 0.00591383 -0.9476693 -0.3191988
-0.00563128 0.9478685 0.318612 -0.00591383 0.9476693 0.3191988 0.00591383 -0.9476693 -0.3191988
-0.007356735 0.9472716 0.3203474 -0.00591383 0.9476693 0.3191988 0.00591383 -0.9476693 -0.3191988
0.6678732 0.2377707 -0.7052733 0.668303 0.2381791 -0.7047281 -0.668303 -0.2381791 0.7047281
0.6684978 0.2378649 -0.7046495 0.668303 0.2381791 -0.7047281 -0.668303 -0.2381791 0.7047281
0.668802 0.2384218 -0.7041726 0.668303 0.2381791 -0.7047281 -0.668303 -0.2381791 0.7047281
0.6684679 0.2390672 -0.704271 0.668303 0.2381791 -0.7047281 -0.668303 -0.2381791 0.7047281
0.03268256 -0.9539502 -0.2981792 0.03154654 -0.9544607 -0.2966641 -0.03154654 0.9544607 0.2966641
0.03106383 -0.9549055 -0.2952804 0.03154654 -0.9544607 -0.2966641 -0.03154654 0.9544607 0.2966641
0.03037257 -0.9549078 -0.2953449 0.03154654 -0.9544607 -0.2966641 -0.03154654 0.9544607 0.2966641
0.03093097 -0.9545832 -0.2963346 0.03154654 -0.9544607 -0.2966641 -0.03154654 0.9544607 0.2966641
0.03268256 -0.9539502 -0.2981792 0.03154654 -0.9544607 -0.2966641 -0.03154654 0.9544607 0.2966641
0.7098762 0.2121492 -0.6716163 0.7088158 0.2147069 -0.6719234 -0.7088158 -0.2147069 0.6719234
-0.01446339 0.9472884 0.3200555 -0.01424034 0.9473566 0.3198635 0.01424034 -0.9473566 -0.3198635
-0.01415988 0.947392 0.3197623 -0.01424034 0.9473566 0.3198635 0.01424034 -0.9473566 -0.3198635
-0.0140305 0.9474235 0.3196747 -0.01424034 0.9473566 0.3198635 0.01424034 -0.9473566 -0.3198635
-0.01408453 0.9473907 0.3197695 -0.01424034 0.9473566 0.3198635 0.01424034 -0.9473566 -0.3198635
-0.01446339 0.9472885 0.3200555 -0.01424034 0.9473566 0.3198635 0.01424034 -0.9473566 -0.3198635
0.0174238 0.9372255 0.3482885 0.01680878 0.9369982 0.3489297 -0.01680878 -0.9369982 -0.3489297
0.01701502 0.9370747 0.348714 0.01680878 0.9369982 0.3489297 -0.01680878 -0.9369982 -0.3489297
0.01676374 0.9369817 0.348976 0.01680878 0.9369982 0.3489297 -0.01680878 -0.9369982 -0.3489297
0.0165511 0.9369028 0.3491982 0.01680878 0.9369982 0.3489297 -0.01680878 -0.9369982 -0.3489297
0.0162902 0.9368054 0.3494713 0.01680878 0.9369982 0.3489297 -0.01680878 -0.9369982 -0.3489297
0.06129059 -0.9574834 -0.2819026 0.06136416 -0.9574571 -0.2819758 -0.06136416 0.9574571 0.2819758
0.06140947 -0.9574406 -0.2820219 0.06136416 -0.9574571 -0.2819758 -0.06136416 0.9574571 0.2819758
0.06143956 -0.9574301 -0.2820512 0.06136416 -0.9574571 -0.2819758 -0.06136416 0.9574571 0.2819758
0.06140437 -0.9574428 -0.2820156 0.06136416 -0.9574571 -0.2819758 -0.06136416 0.9574571 0.2819758
0.06127681 -0.9574887 -0.2818875 0.06136416 -0.9574571 -0.2819758 -0.06136416 0.9574571 0.2819758
-0.6346667 -0.2318947 0.7371724 -0.6357955 -0.233882 0.7355701 0.6357955 0.233882 -0.7355701
0.03168374 -0.9518082 -0.3050532 0.03149908 -0.9518884 -0.3048214 -0.03149908 0.9518884 0.3048214
0.03139922 -0.9519191 -0.3047361 0.03149908 -0.9518884 -0.3048214 -0.03149908 0.9518884 0.3048214
0.03131802 -0.9519639 -0.3046045 0.03149908 -0.9518884 -0.3048214 -0.03149908 0.9518884 0.3048214
0.03141069 -0.9519432 -0.3046599 0.03149908 -0.9518884 -0.3048214 -0.03149908 0.9518884 0.3048214
0.03168374 -0.9518082 -0.3050532 0.03149908 -0.9518884 -0.3048214 -0.03149908 0.9518884 0.3048214
-0.05314289 0.9564381 0.2870576 -0.05372946 0.9562213 0.28767 0.05372946 -0.9562213 -0.28767
-0.05353259 0.9562949 0.287462 -0.05372946 0.9562213 0.28767 0.05372946 -0.9562213 -0.28767
-0.05377436 0.9562053 0.2877149 -0.05372946 0.9562213 0.28767 0.05372946 -0.9562213 -0.28767
-0.05397768 0.9561294 0.2879291 -0.05372946 0.9562213 0.28767 0.05372946 -0.9562213 -0.28767
-0.05421976 0.9560381 0.2881863 -0.05372946 0.9562213 0.28767 0.05372946 -0.9562213 -0.28767
0.02163466 -0.9480873 -0.3172735 0.02176602 -0.9480378 -0.3174123 -0.02176602 0.9480378 0.3174123
0.02181984 -0.9480176 -0.3174689 0.02176602 -0.9480378 -0.3174123 -0.02176602 0.9480378 0.3174123
0.02187573 -0.9479964 -0.3175283 0.02176602 -0.9480378 -0.3174123 -0.02176602 0.9480378 0.3174123
0.02183374 -0.9480124 -0.3174839 0.02176602 -0.9480378 -0.3174123 -0.02176602 0.9480378 0.3174123
0.02166612 -0.9480755 -0.3173066 0.02176602 -0.9480378 -0.3174123 -0.02176602 0.9480378 0.3174123
-0.7385728 0.1953737 -0.6452436 -0.7385876 0.1953526 -0.6452332 0.7385876 -0.1953526 0.6452332
-0.7386091 0.1953327 -0.6452146 -0.7385876 0.1953526 -0.6452332 0.7385876 -0.1953526 0.6452332
-0.7385955 0.1953304 -0.6452309 -0.7385876 0.1953526 -0.6452332 0.7385876 -0.1953526 0.6452332
0.6743083 0.2381773 -0.698985 0.6742215 0.2382806 -0.6990334 -0.6742215 -0.2382806 0.6990334
-0.6715634 -0.2389126 0.7013725 -0.671647 -0.2389703 0.7012728 0.671647 0.2389703 -0.7012728
0.7428754 -0.1945427 0.6405383 0.7428635 -0.1954176 0.6402857 -0.7428635 0.1954176 -0.6402857
0.7430258 -0.1958349 0.6399698 0.7428635 -0.1954176 0.6402857 -0.7428635 0.1954176 -0.6402857
0.7428313 -0.1962171 0.6400787 0.7428635 -0.1954176 0.6402857 -0.7428635 0.1954176 -0.6402857
0.7427086 -0.1959502 0.6403027 0.7428635 -0.1954176 0.6402857 -0.7428635 0.1954176 -0.6402857
0.7428754 -0.1945427 0.6405383 0.7428635 -0.1954176 0.6402857 -0.7428635 0.1954176 -0.6402857
0.6707407 0.2475539 -0.6991596 0.6707082 0.24779 -0.699107 -0.6707082 -0.24779 0.699107
0.6708223 0.2472041 -0.6992049 0.6707082 0.24779 -0.699107 -0.6707082 -0.24779 0.699107
0.6707689 0.2472364 -0.6992449 0.6707082 0.24779 -0.699107 -0.6707082 -0.24779 0.699107
0.6707407 0.2475539 -0.6991596 0.6707082 0.24779 -0.699107 -0.6707082 -0.24779 0.699107
0.6704674 0.2494014 -0.6987649 0.6707082 0.24779 -0.699107 -0.6707082 -0.24779 0.699107
-0.674753 -0.2466001 0.695627 -0.6747667 -0.24682 0.6955357 0.6747667 0.24682 -0.6955357
-0.6746961 -0.246277 0.6957966 -0.6747667 -0.24682 0.6955357 0.6747667 0.24682 -0.6955357
-0.6747495 -0.2462909 0.6957398 -0.6747667 -0.24682 0.6955357 0.6747667 0.24682 -0.6955357
-0.674753 -0.2466001 0.695627 -0.6747667 -0.24682 0.6955357 0.6747667 0.24682 -0.6955357
-0.6748804 -0.2483314 0.694887 -0.6747667 -0.24682 0.6955357 0.6747667 0.24682 -0.6955357
-0.6645761 -0.2510478 0.7037852 -0.6655919 -0.249877 0.7032417 0.6655919 0.249877 -0.7032417
-0.6666226 -0.2497894 0.702296 -0.6655919 -0.249877 0.7032417 0.6655919 0.249877 -0.7032417
-0.6667583 -0.2485196 0.7026175 -0.6655919 -0.249877 0.7032417 0.6655919 0.249877 -0.7032417
-0.6654226 -0.2489789 0.7037203 -0.6655919 -0.249877 0.7032417 0.6655919 0.249877 -0.7032417
-0.6645761 -0.2510478 0.7037852 -0.6655919 -0.249877 0.7032417 0.6655919 0.249877 -0.7032417
0.6807494 0.2467996 -0.6896886 0.6798016 0.2461443 -0.6908565 -0.6798016 -0.2461443 0.6908565
0.6787904 0.2465981 -0.6916885 0.6798016 0.2461443 -0.6908565 -0.6798016 -0.2461443 0.6908565
0.6787024 0.2453788 -0.6922083 0.6798016 0.2461443 -0.6908565 -0.6798016 -0.2461443 0.6908565
0.6800129 0.2451436 -0.6910044 0.6798016 0.2461443 -0.6908565 -0.6798016 -0.2461443 0.6908565
0.6807494 0.2467996 -0.6896886 0.6798016 0.2461443 -0.6908565 -0.6798016 -0.2461443 0.6908565
0.6773972 0.2222845 -0.7012295 0.6777222 0.2225227 -0.7008398 -0.6777222 -0.2225227 0.7008398
0.6775977 0.2225684 -0.7009456 0.6777222 0.2225227 -0.7008398 -0.6777222 -0.2225227 0.7008398
0.6779467 0.222619 -0.700592 0.6777222 0.2225227 -0.7008398 -0.6777222 -0.2225227 0.7008398
-0.02654873 0.9493125 0.3132107 -0.027182 0.9493176 0.3131408 0.027182 -0.9493176 -0.3131408
-0.02729576 0.9492533 0.3133259 -0.027182 0.9493176 0.3131408 0.027182 -0.9493176 -0.3131408
-0.02721809 0.9491392 0.3136782 -0.027182 0.9493176 0.3131408 0.027182 -0.9493176 -0.3131408
-0.02683927 0.9492277 0.3134429 -0.027182 0.9493176 0.3131408 0.027182 -0.9493176 -0.3131408
-0.02588842 0.9494136 0.3129595 -0.027182 0.9493176 0.3131408 0.027182 -0.9493176 -0.3131408
-0.02578533 0.9493019 0.3133067 -0.027182 0.9493176 0.3131408 0.027182 -0.9493176 -0.3131408
-0.0277512 0.9494829 0.3125895 -0.027182 0.9493176 0.3131408 0.027182 -0.9493176 -0.3131408
-0.02938563 0.949653 0.3119228 -0.027182 0.9493176 0.3131408 0.027182 -0.9493176 -0.3131408
-0.02855871 0.949073 0.3137591 -0.027182 0.9493176 0.3131408 0.027182 -0.9493176 -0.3131408
-0.02654873 0.9493126 0.3132107 -0.027182 0.9493176 0.3131408 0.027182 -0.9493176 -0.3131408
-0.01281719 0.9462061 0.3233106 -0.01293081 0.9462013 0.3233201 0.01293081 -0.9462013 -0.3233201
-0.6729769 -0.2454454 0.6977527 -0.672972 -0.2454483 0.6977563 0.672972 0.2454483 -0.6977563
-0.6729711 -0.2454476 0.6977574 -0.672972 -0.2454483 0.6977563 0.672972 0.2454483 -0.6977563
-0.6729686 -0.2454497 0.6977591 -0.672972 -0.2454483 0.6977563 0.672972 0.2454483 -0.6977563
-0.6729665 -0.2454535 0.6977598 -0.672972 -0.2454483 0.6977563 0.672972 0.2454483 -0.6977563
-0.6729769 -0.2454454 0.6977527 -0.672972 -0.2454483 0.6977563 0.672972 0.2454483 -0.6977563
-0.668819 -0.2247111 0.7086509 -0.6685013 -0.2251123 0.7088233 0.6685013 0.2251123 -0.7088233
-0.6686184 -0.2250968 0.7087178 -0.6685013 -0.2251123 0.7088233 0.6685013 0.2251123 -0.7088233
-0.6682838 -0.2253206 0.7089623 -0.6685013 -0.2251123 0.7088233 0.6685013 0.2251123 -0.7088233
0.02344398 -0.9484966 -0.3159186 0.02331557 -0.9483023 -0.3165109 -0.02331557 0.9483023 0.3165109
0.02350126 -0.9482545 -0.3166404 0.02331557 -0.9483023 -0.3165109 -0.02331557 0.9483023 0.3165109
0.0238762 -0.9482615 -0.3165915 0.02331557 -0.9483023 -0.3165109 -0.02331557 0.9483023 0.3165109
0.02366065 -0.9483938 -0.3162111 0.02331557 -0.9483023 -0.3165109 -0.02331557 0.9483023 0.3165109
0.02323654 -0.9487177 -0.3152694 0.02331557 -0.9483023 -0.3165109 -0.02331557 0.9483023 0.3165109
0.02361081 -0.9487311 -0.3152013 0.02331557 -0.9483023 -0.3165109 -0.02331557 0.9483023 0.3165109
0.02268899 -0.9481527 -0.3170042 0.02331557 -0.9483023 -0.3165109 -0.02331557 0.9483023 0.3165109
0.02184859 -0.9476721 -0.3184969 0.02331557 -0.9483023 -0.3165109 -0.02331557 0.9483023 0.3165109
0.02384452 -0.9478398 -0.3178541 0.02331557 -0.9483023 -0.3165109 -0.02331557 0.9483023 0.3165109
0.02344397 -0.9484966 -0.3159185 0.02331557 -0.9483023 -0.3165109 -0.02331557 0.9483023 0.3165109
0.03524573 -0.9520994 -0.3037507 0.03524544 -0.9520633 -0.3038637 -0.03524544 0.9520633 0.3038637
0.6726051 0.2455501 -0.6980742 0.6726084 0.2455503 -0.6980709 -0.6726084 -0.2455503 0.6980709
0.6726096 0.2455495 -0.6980702 0.6726084 0.2455503 -0.6980709 -0.6726084 -0.2455503 0.6980709
0.6726118 0.2455501 -0.6980677 0.6726084 0.2455503 -0.6980709 -0.6726084 -0.2455503 0.6980709
0.6726107 0.2455516 -0.6980683 0.6726084 0.2455503 -0.6980709 -0.6726084 -0.2455503 0.6980709
0.6726051 0.2455501 -0.6980742 0.6726084 0.2455503 -0.6980709 -0.6726084 -0.2455503 0.6980709
0.7024211 -0.1898319 0.6859799 0.7129504 -0.1805486 0.677572 -0.7129504 0.1805486 -0.677572
0.7187538 -0.1803814 0.6714578 0.7129504 -0.1805486 0.677572 -0.7129504 0.1805486 -0.677572
0.723274 -0.1733028 0.6684616 0.7129504 -0.1805486 0.677572 -0.7129504 0.1805486 -0.677572
0.7175258 -0.1693047 0.6756423 0.7129504 -0.1805486 0.677572 -0.7129504 0.1805486 -0.677572
0.7024212 -0.1898319 0.6859799 0.7129504 -0.1805486 0.677572 -0.7129504 0.1805486 -0.677572
0.7386934 -0.1847423 0.6482302 0.7403528 -0.1837467 0.6466179 -0.7403528 0.1837467 -0.6466179
0.7414115 -0.1826159 0.6457248 0.7403528 -0.1837467 0.6466179 -0.7403528 0.1837467 -0.6466179
0.7418901 -0.1829656 0.6450757 0.7403528 -0.1837467 0.6466179 -0.7403528 0.1837467 -0.6466179
0.7410676 -0.1836653 0.6458219 0.7403528 -0.1837467 0.6466179 -0.7403528 0.1837467 -0.6466179
0.7386934 -0.1847423 0.6482302 0.7403528 -0.1837467 0.6466179 -0.7403528 0.1837467 -0.6466179
-0.6682674 -0.2724571 0.6922325 -0.669623 -0.272098 0.6910629 0.669623 0.272098 -0.6910629
-0.6692556 -0.2721961 0.69138 -0.669623 -0.272098 0.6910629 0.669623 0.272098 -0.6910629
-0.6698125 -0.2720478 0.6908988 -0.669623 -0.272098 0.6910629 0.669623 0.272098 -0.6910629
-0.6702106 -0.2719416 0.6905546 -0.669623 -0.272098 0.6910629 0.669623 0.272098 -0.6910629
-0.6705667 -0.2718466 0.6902462 -0.669623 -0.272098 0.6910629 0.669623 0.272098 -0.6910629
0.676382 0.1785655 -0.7145781 0.6751411 0.1788917 -0.7156691 -0.6751411 -0.1788917 0.7156691
0.675423 0.1788163 -0.7154219 0.6751411 0.1788917 -0.7156691 -0.6751411 -0.1788917 0.7156691
0.6749138 0.1789506 -0.7158688 0.6751411 0.1788917 -0.7156691 -0.6751411 -0.1788917 0.7156691
0.6745982 0.1790348 -0.7161452 0.6751411 0.1788917 -0.7156691 -0.6751411 -0.1788917 0.7156691
0.674387 0.179091 -0.7163301 0.6751411 0.1788917 -0.7156691 -0.6751411 -0.1788917 0.7156691
-0.7328277 0.1467209 -0.664407 -0.7324566 0.1466006 -0.6648425 0.7324566 -0.1466006 0.6648425
-0.7318279 0.1469352 -0.6654608 -0.7324566 0.1466006 -0.6648425 0.7324566 -0.1466006 0.6648425
-0.7316422 0.1468598 -0.6656815 -0.7324566 0.1466006 -0.6648425 0.7324566 -0.1466006 0.6648425
-0.732232 0.1465297 -0.6651055 -0.7324566 0.1466006 -0.6648425 0.7324566 -0.1466006 0.6648425
-0.7337511 0.1459567 -0.6635556 -0.7324566 0.1466006 -0.6648425 0.7324566 -0.1466006 0.6648425
0.674752 0.240676 -0.6976997 0.6753099 0.2410736 -0.6970223 -0.6753099 -0.2410736 0.6970223
-0.0217649 0.9504339 0.3101641 -0.02168903 0.9504469 0.3101295 0.02168903 -0.9504469 -0.3101295
-0.02168324 0.9504569 0.3100993 -0.02168903 0.9504469 0.3101295 0.02168903 -0.9504469 -0.3101295
-0.02161374 0.9504643 0.3100814 -0.02168903 0.9504469 0.3101295 0.02168903 -0.9504469 -0.3101295
-0.02161834 0.9504457 0.3101383 -0.02168903 0.9504469 0.3101295 0.02168903 -0.9504469 -0.3101295
-0.02176491 0.9504339 0.3101641 -0.02168903 0.9504469 0.3101295 0.02168903 -0.9504469 -0.3101295
-0.6709113 -0.2417565 0.701022 -0.6703434 -0.2424756 0.7013168 0.6703434 0.2424756 -0.7013168
0.02066305 -0.9501416 -0.3111336 0.02063383 -0.9501643 -0.3110659 -0.02063383 0.9501643 0.3110659
0.02060271 -0.9501685 -0.3110553 0.02063383 -0.9501643 -0.3110659 -0.02063383 0.9501643 0.3110659
0.02059441 -0.9501854 -0.3110042 0.02063383 -0.9501643 -0.3110659 -0.02063383 0.9501643 0.3110659
0.02064589 -0.9501847 -0.3110029 0.02063383 -0.9501643 -0.3110659 -0.02063383 0.9501643 0.3110659
0.02066307 -0.9501415 -0.3111336 0.02063383 -0.9501643 -0.3110659 -0.02063383 0.9501643 0.3110659
0.7373269 -0.1952841 0.6466941 0.7378805 -0.1952642 0.6460682 -0.7378805 0.1952642 -0.6460682
0.7382061 -0.1954634 0.645636 0.7378805 -0.1952642 0.6460682 -0.7378805 0.1952642 -0.6460682
0.7383642 -0.1951902 0.6455379 0.7378805 -0.1952642 0.6460682 -0.7378805 0.1952642 -0.6460682
0.7381778 -0.195099 0.6457785 0.7378805 -0.1952642 0.6460682 -0.7378805 0.1952642 -0.6460682
0.7373269 -0.1952841 0.6466941 0.7378805 -0.1952642 0.6460682 -0.7378805 0.1952642 -0.6460682
0.6678733 0.2377707 -0.7052733 0.668303 0.2381791 -0.7047281 -0.668303 -0.2381791 0.7047281
-0.6780244 -0.2351352 0.6964154 -0.6775624 -0.2357903 0.6966435 0.6775624 0.2357903 -0.6966435
-0.05176239 0.9701781 0.236802 -0.08345505 0.9534017 0.2899319 0.08345505 -0.9534017 -0.2899319
-0.05773722 -0.941416 -0.3322686 -0.005252041 -0.9301049 -0.3672567 0.005252041 0.9301049 0.3672567
0.7337732 -0.168723 0.6581105 0.7337732 -0.168723 0.6581105 -0.7337732 0.168723 -0.6581105
0.7366046 -0.1997714 0.6461464 0.7380884 -0.1988532 0.6447348 -0.7380884 0.1988532 -0.6447348
-0.6713771 -0.2420782 0.7004648 -0.6713771 -0.2420782 0.7004648 0.6713771 0.2420782 -0.7004648
-0.671377 -0.2420782 0.7004649 -0.6713771 -0.2420782 0.7004648 0.6713771 0.2420782 -0.7004648
0.6743735 0.2412881 -0.6978542 0.6743735 0.2412881 -0.6978542 -0.6743735 -0.2412881 0.6978542
0.6743735 0.2412881 -0.6978542 0.6743735 0.2412881 -0.6978542 -0.6743735 -0.2412881 0.6978542
0.6755887 0.2412723 -0.6966833 0.6753099 0.2410736 -0.6970223 -0.6753099 -0.2410736 0.6970223
-0.6700591 -0.2428351 0.7014641 -0.6703434 -0.2424756 0.7013168 0.6703434 0.2424756 -0.7013168
0.6755886 0.2412723 -0.6966834 0.6753099 0.2410736 -0.6970223 -0.6753099 -0.2410736 0.6970223
-0.6700592 -0.2428351 0.7014641 -0.6703434 -0.2424756 0.7013168 0.6703434 0.2424756 -0.7013168
0.7412645 -0.2030871 0.6397521 0.7412645 -0.2030872 0.639752 -0.7412645 0.2030872 -0.639752
0.7412644 -0.2030872 0.639752 0.7412645 -0.2030872 0.639752 -0.7412645 0.2030872 -0.639752
0.741055 -0.1965493 0.6420327 0.7380884 -0.1988532 0.6447348 -0.7380884 0.1988532 -0.6447348
0.7373416 -0.1995446 0.6453754 0.7380884 -0.1988532 0.6447348 -0.7380884 0.1988532 -0.6447348
0.7373416 -0.1995445 0.6453754 0.7380884 -0.1988532 0.6447348 -0.7380884 0.1988532 -0.6447348
0.6779466 0.222619 -0.700592 0.6777222 0.2225227 -0.7008398 -0.6777222 -0.2225227 0.7008398
-0.6682838 -0.2253206 0.7089622 -0.6685013 -0.2251123 0.7088233 0.6685013 0.2251123 -0.7088233
-0.6380383 -0.237851 0.7323483 -0.6357955 -0.233882 0.7355701 0.6357955 0.233882 -0.7355701
-0.6346666 -0.2318947 0.7371725 -0.6357955 -0.233882 0.7355701 0.6357955 0.233882 -0.7355701
0.7066785 0.2198174 -0.672522 0.7088158 0.2147069 -0.6719234 -0.7088158 -0.2147069 0.6719234
0.7098762 0.2121492 -0.6716163 0.7088158 0.2147069 -0.6719234 -0.7088158 -0.2147069 0.6719234
-0.7385728 0.1953737 -0.6452436 -0.7385876 0.1953526 -0.6452332 0.7385876 -0.1953526 0.6452332
0.0352453 -0.9520453 -0.3039202 0.03524544 -0.9520633 -0.3038637 -0.03524544 0.9520633 0.3038637
-0.01298763 0.946199 0.3233248 -0.01293081 0.9462013 0.3233201 0.01293081 -0.9462013 -0.3233201
-0.6716887 -0.2389992 0.701223 -0.671647 -0.2389703 0.7012728 0.671647 0.2389703 -0.7012728
-0.6716887 -0.2389992 0.701223 -0.671647 -0.2389703 0.7012728 0.671647 0.2389703 -0.7012728
0.6741782 0.2383323 -0.6990577 0.6742215 0.2382806 -0.6990334 -0.6742215 -0.2382806 0.6990334
0.6741781 0.2383323 -0.6990576 0.6742215 0.2382806 -0.6990334 -0.6742215 -0.2382806 0.6990334
-0.01298763 0.946199 0.3233248 -0.01293081 0.9462013 0.3233201 0.01293081 -0.9462013 -0.3233201
0.0352453 -0.9520453 -0.3039202 0.03524544 -0.9520633 -0.3038637 -0.03524544 0.9520633 0.3038637
-0.0006352472 -0.9292259 -0.3695118 -0.005252041 -0.9301049 -0.3672567 0.005252041 0.9301049 0.3672567
0.03801806 -0.9172731 -0.39644 -0.005252041 -0.9301049 -0.3672567 0.005252041 0.9301049 0.3672567
-0.0006352427 -0.9292259 -0.3695118 -0.005252041 -0.9301049 -0.3672567 0.005252041 0.9301049 0.3672567
-0.08542803 0.9518257 0.2944996 -0.08345505 0.9534017 0.2899319 0.08345505 -0.9534017 -0.2899319
-0.1109075 0.9364156 0.3329043 -0.08345505 0.9534017 0.2899319 0.08345505 -0.9534017 -0.2899319
-0.08542803 0.9518257 0.2944996 -0.08345505 0.9534017 0.2899319 0.08345505 -0.9534017 -0.2899319
