38
0.000000 0.000000 1.000000 182
0.000000 -1.000000 0.000000 182
0.000000 1.000000 0.000000 182
0.000000 1.000000 0.000000 182
0.000000 0.000000 -1.000000 182
0.000000 -1.000000 0.000000 182
-1.000000 0.000000 0.000000 35
0.000000 -1.000000 0.000000 182
0.000000 0.000000 1.000000 182
0.000000 0.000000 1.000000 182
0.000000 -1.000000 0.000000 182
1.000000 0.000000 0.000000 182
0.000000 1.000000 0.000000 182
-1.000000 0.000000 0.000000 182
0.000000 1.000000 0.000000 182
0.000000 0.000000 1.000000 182
-1.000000 0.000000 0.000000 182
0.000000 0.000000 1.000000 31
0.000000 1.000000 0.000000 182
0.000000 0.000000 -1.000000 182
0.000000 1.000000 0.000000 182
0.000000 1.000000 0.000000 182
0.000000 0.000000 1.000000 182
1.000000 0.000000 0.000000 96
0.000000 0.000000 1.000000 182
0.000000 -1.000000 0.000000 182
-1.000000 0.000000 0.000000 182
0.000000 0.000000 1.000000 182
0.000000 -1.000000 0.000000 182
0.000000 0.000000 1.000000 182
0.000000 1.000000 0.000000 182
0.000000 -1.000000 0.000000 182
1.000000 0.000000 0.000000 182
0.000000 1.000000 0.000000 182
0.000000 1.000000 0.000000 182
0.000000 -1.000000 0.000000 182
0.000000 0.000000 1.000000 182
0 0 0 0
0
20
21
11
9
14
6
8
12
23
7
15
13
37
22
10
17
5
3
2
4
1
35
25
28
19
26
18
34
29
27
33
32
36
24
31
16
30
