0.9320775 -0.3140116 0.1806331 
0.7798441 -0.5923812 -0.2023061 
-0.9321178 0.3142914 -0.1799375 
-0.931262 0.3642116 0.01005503 
-0.5538794 0.5835506 0.593874 
-0.3049941 0.6655791 0.681163 
0.8966556 -0.4425134 -0.01380832 
0.8324758 -0.5463967 -0.09184119 
0.914825 -0.4036875 -0.01147462 
0.7359549 -0.5633094 -0.3755701 
0.1073621 0.6658841 0.7382898 
0.4358634 0.5426489 0.7180218 
-0.4960919 0.5659209 0.6585031 
-0.2340581 0.600674 0.7644655 
0.6883042 -0.7172806 -0.1083774 
0.3365263 -0.8865088 -0.3175725 
0.7657239 -0.6363049 -0.09371745 
0.6704568 -0.6113798 -0.4203599 
0.6713929 0.5455354 0.5016202 
0.8920389 0.408365 0.1936609 
0.000814217 0.6000899 0.7999321 
0.3469047 0.5728166 0.7426563 
-0.4153024 0.6167597 0.6686788 
-0.1788998 0.6211898 0.7629666 
-0.2077335 -0.9009368 -0.3809981 
-0.5911899 -0.7464576 -0.3054433 
-0.0553593 0.9580384 0.2812433 
0.1011918 -0.6419727 -0.7600206 
0.8782061 0.4072195 0.2508511 
-0.8379199 -0.4538475 -0.3031709 
0.6082687 0.5656655 0.5568048 
-0.7819692 -0.526786 -0.3331976 
-0.01169256 0.621546 0.7832904 
0.3010934 0.6458181 0.7016137 
0.7091901 0.6286049 0.3192261 
0.7813164 0.5381666 0.3161035 
0.6577584 0.6870428 0.308749 
-0.5359015 -0.6606822 -0.5256507 
0.4749774 0.5923358 0.6507955 
-0.5396037 -0.5077729 -0.6715613 
-0.6211382 0.5630076 0.5451695 
0.6882861 -0.5064823 -0.5193629 
-0.1092143 0.5864245 0.8026074 
0.1133505 -0.5889471 -0.8001832 
