35 44
41.1207 -36.5582 -50.2357
33.19511 -19.90138 -60.92237
10.127 7.39403 -66.35015
-12.15427 21.90633 -57.03844
-40.037 32.61545 -36.2246
-56.75931 28.17047 -10.39173
-67.97594 10.01224 25.57916
-67.22507 -5.905146 44.23933
-57.49058 -27.10569 58.4426
49.3876 -22.83654 -34.24898
61.35347 -0.5467434 -6.713722
65.31439 8.771074 5.79766
67.97594 19.64193 22.29349
66.71037 27.67378 37.51534
58.6605 32.30826 53.16029
49.50446 31.12794 59.67828
28.96764 23.30363 65.23844
18.37785 18.26433 66.35015
-4.839548 5.646196 66.06306
-36.38973 -13.49585 62.29527
64.56868 24.2902 20.73754
56.68264 31.13673 21.93412
50.12871 34.38347 25.92044
39.80616 36.5582 35.80488
33.69183 36.37934 43.45664
28.82101 31.93362 54.83981
28.11753 26.60763 62.227
54.24091 10.59547 -11.57505
40.43074 23.73708 -10.80882
28.73169 30.38404 -4.707541
11.56684 35.08902 10.37305
0.6004858 34.54129 24.31074
-7.893181 25.8143 45.21539
-8.537773 18.47221 54.93295
55.02099 35.90639 49.58657
0 1
1 2
0 9
9 10
2 3
3 4
10 11
11 12
10 27
27 28
4 5
5 6
28 29
29 30
12 13
13 14
12 20
20 21
6 7
7 8
30 31
31 32
21 22
22 23
14 15
15 16
14 34
23 34
8 19
18 19
32 33
18 33
23 24
24 25
16 17
17 18
16 26
25 26
25 32
6 32
21 28
2 28
23 30
4 30
