132
0 60
0 70
1 26
1 31
4 77
4 76
5 27
5 26
6 28
6 27
7 29
7 28
8 30
8 29
10 59
10 60
11 58
11 59
12 57
12 58
13 56
13 57
14 20
14 21
15 19
15 20
16 18
16 19
17 79
17 18
19 1
19 0
20 2
20 1
21 3
21 2
22 3
23 4
23 5
24 5
24 6
25 6
25 7
26 7
26 8
29 64
29 65
30 63
30 64
31 62
31 63
32 61
32 62
33 49
33 50
34 48
34 49
35 47
35 48
36 46
36 47
37 40
37 39
38 39
38 38
39 38
39 37
40 37
40 36
41 31
41 32
42 32
42 33
43 33
43 34
44 34
44 35
46 70
46 69
47 69
47 68
48 68
48 67
49 67
49 66
50 24
50 25
51 23
51 24
52 22
52 23
53 78
53 22
55 9
55 10
56 10
56 11
57 11
57 12
58 12
59 13
59 14
60 14
60 15
61 15
61 16
62 16
62 17
65 74
65 75
66 73
66 74
67 72
67 73
68 71
68 72
69 54
69 55
70 53
70 54
71 52
71 53
72 51
72 52
73 45
73 44
74 44
74 43
75 43
75 42
76 42
76 41
