22
5
52.000000 58.000000 56.000000 54.000000 54.000000 54.000000
0.006353 50.001949 -49.995010 0.000000 1.000000 0.000000 50.003109 0.000919 -49.991859 -1.000000 -0.000000 -0.000000 50.003109 0.000919 -49.991859 -1.000000 -0.000000 -0.000000 
-56.000000 58.000000 56.000000 54.000000 54.000000 54.000000
0.006353 50.001949 -49.995010 0.000000 1.000000 0.000000 -49.994476 0.003061 -49.997131 1.000000 -0.000000 -0.000000 -49.994476 0.003061 -49.997131 1.000000 -0.000000 -0.000000 
-2.000000 58.000000 56.000000 54.000000 54.000000 54.000000
0.006353 50.001949 -49.995010 0.000000 1.000000 0.000000 
-2.000000 4.000000 2.000000 54.000000 54.000000 54.000000

-2.000000 58.000000 2.000000 54.000000 54.000000 54.000000

13
52.000000 -50.000000 56.000000 54.000000 54.000000 54.000000
0.002279 -49.997971 -49.993980 0.000000 -1.000000 0.000000 50.003109 0.000919 -49.991859 1.000000 0.000000 0.000000 50.003109 0.000919 -49.991859 1.000000 0.000000 0.000000 
52.000000 -50.000000 56.000000 54.000000 54.000000 54.000000
0.002279 -49.997971 -49.993980 -0.000000 1.000000 -0.000000 50.003109 0.000919 -49.991859 1.000000 0.000000 0.000000 50.003109 0.000919 -49.991859 1.000000 0.000000 0.000000 
52.000000 -50.000000 2.000000 54.000000 54.000000 54.000000
50.003109 0.000919 -49.991859 1.000000 0.000000 0.000000 
52.000000 -50.000000 -52.000000 54.000000 54.000000 54.000000
0.002279 -49.997971 -49.993980 0.000000 -1.000000 0.000000 50.003109 0.000919 -49.991859 1.000000 0.000000 0.000000 50.003109 0.000919 -49.991859 1.000000 0.000000 0.000000 
52.000000 -50.000000 -52.000000 54.000000 54.000000 54.000000
0.002279 -49.997971 -49.993980 -0.000000 1.000000 -0.000000 50.003109 0.000919 -49.991859 1.000000 0.000000 0.000000 50.003109 0.000919 -49.991859 1.000000 0.000000 0.000000 
52.000000 4.000000 2.000000 54.000000 54.000000 54.000000

52.000000 4.000000 -52.000000 54.000000 54.000000 54.000000
50.003109 0.000919 -49.991859 1.000000 0.000000 0.000000 
52.000000 58.000000 2.000000 54.000000 54.000000 54.000000
50.003109 0.000919 -49.991859 1.000000 0.000000 0.000000 
52.000000 58.000000 -52.000000 54.000000 54.000000 54.000000
0.006353 50.001949 -49.995010 -0.000000 -1.000000 -0.000000 50.003109 0.000919 -49.991859 1.000000 0.000000 0.000000 50.003109 0.000919 -49.991859 1.000000 0.000000 0.000000 
52.000000 58.000000 -52.000000 54.000000 54.000000 54.000000
0.006353 50.001949 -49.995010 0.000000 1.000000 0.000000 50.003109 0.000919 -49.991859 1.000000 0.000000 0.000000 50.003109 0.000919 -49.991859 1.000000 0.000000 0.000000 
52.000000 4.000000 56.000000 54.000000 54.000000 54.000000
50.003109 0.000919 -49.991859 1.000000 0.000000 0.000000 
52.000000 58.000000 56.000000 54.000000 54.000000 54.000000
0.006353 50.001949 -49.995010 -0.000000 -1.000000 -0.000000 50.003109 0.000919 -49.991859 1.000000 0.000000 0.000000 50.003109 0.000919 -49.991859 1.000000 0.000000 0.000000 
52.000000 58.000000 56.000000 54.000000 54.000000 54.000000
0.006353 50.001949 -49.995010 0.000000 1.000000 0.000000 50.003109 0.000919 -49.991859 1.000000 0.000000 0.000000 50.003109 0.000919 -49.991859 1.000000 0.000000 0.000000 
13
-56.000000 58.000000 -52.000000 54.000000 54.000000 54.000000
0.006353 50.001949 -49.995010 -0.000000 -1.000000 -0.000000 -49.994476 0.003061 -49.997131 -1.000000 0.000000 0.000000 -49.994476 0.003061 -49.997131 -1.000000 0.000000 0.000000 
-56.000000 58.000000 -52.000000 54.000000 54.000000 54.000000
0.006353 50.001949 -49.995010 0.000000 1.000000 0.000000 -49.994476 0.003061 -49.997131 -1.000000 0.000000 0.000000 -49.994476 0.003061 -49.997131 -1.000000 0.000000 0.000000 
-56.000000 58.000000 2.000000 54.000000 54.000000 54.000000
-49.994476 0.003061 -49.997131 -1.000000 0.000000 0.000000 
-56.000000 58.000000 56.000000 54.000000 54.000000 54.000000
0.006353 50.001949 -49.995010 -0.000000 -1.000000 -0.000000 -49.994476 0.003061 -49.997131 -1.000000 0.000000 0.000000 -49.994476 0.003061 -49.997131 -1.000000 0.000000 0.000000 
-56.000000 58.000000 56.000000 54.000000 54.000000 54.000000
0.006353 50.001949 -49.995010 0.000000 1.000000 0.000000 -49.994476 0.003061 -49.997131 -1.000000 0.000000 0.000000 -49.994476 0.003061 -49.997131 -1.000000 0.000000 0.000000 
-56.000000 4.000000 2.000000 54.000000 54.000000 54.000000

-56.000000 4.000000 56.000000 54.000000 54.000000 54.000000
-49.994476 0.003061 -49.997131 -1.000000 0.000000 0.000000 
-56.000000 -50.000000 2.000000 54.000000 54.000000 54.000000
-49.994476 0.003061 -49.997131 -1.000000 0.000000 0.000000 
-56.000000 -50.000000 56.000000 54.000000 54.000000 54.000000
-49.994476 0.003061 -49.997131 -1.000000 0.000000 0.000000 0.002279 -49.997971 -49.993980 0.000000 -1.000000 0.000000 -49.994476 0.003061 -49.997131 -1.000000 0.000000 0.000000 
-56.000000 -50.000000 56.000000 54.000000 54.000000 54.000000
-49.994476 0.003061 -49.997131 -1.000000 0.000000 0.000000 0.002279 -49.997971 -49.993980 -0.000000 1.000000 -0.000000 -49.994476 0.003061 -49.997131 -1.000000 0.000000 0.000000 
-56.000000 4.000000 -52.000000 54.000000 54.000000 54.000000
-49.994476 0.003061 -49.997131 -1.000000 0.000000 0.000000 
-56.000000 -50.000000 -52.000000 54.000000 54.000000 54.000000
-49.994476 0.003061 -49.997131 -1.000000 0.000000 0.000000 0.002279 -49.997971 -49.993980 0.000000 -1.000000 0.000000 -49.994476 0.003061 -49.997131 -1.000000 0.000000 0.000000 
-56.000000 -50.000000 -52.000000 54.000000 54.000000 54.000000
-49.994476 0.003061 -49.997131 -1.000000 0.000000 0.000000 0.002279 -49.997971 -49.993980 -0.000000 1.000000 -0.000000 -49.994476 0.003061 -49.997131 -1.000000 0.000000 0.000000 
4
-2.000000 -50.000000 2.000000 54.000000 54.000000 54.000000

52.000000 -50.000000 56.000000 54.000000 54.000000 54.000000
0.002279 -49.997971 -49.993980 0.000000 -1.000000 0.000000 50.003109 0.000919 -49.991859 -1.000000 -0.000000 -0.000000 50.003109 0.000919 -49.991859 -1.000000 -0.000000 -0.000000 
-56.000000 -50.000000 56.000000 54.000000 54.000000 54.000000
-49.994476 0.003061 -49.997131 1.000000 -0.000000 -0.000000 0.002279 -49.997971 -49.993980 0.000000 -1.000000 0.000000 -49.994476 0.003061 -49.997131 1.000000 -0.000000 -0.000000 
-2.000000 -50.000000 56.000000 54.000000 54.000000 54.000000
0.002279 -49.997971 -49.993980 0.000000 -1.000000 0.000000 
3
52.000000 58.000000 -52.000000 54.000000 54.000000 54.000000
0.006353 50.001949 -49.995010 0.000000 1.000000 0.000000 50.003109 0.000919 -49.991859 -1.000000 -0.000000 -0.000000 50.003109 0.000919 -49.991859 -1.000000 -0.000000 -0.000000 
-56.000000 58.000000 -52.000000 54.000000 54.000000 54.000000
0.006353 50.001949 -49.995010 0.000000 1.000000 0.000000 -49.994476 0.003061 -49.997131 1.000000 -0.000000 -0.000000 -49.994476 0.003061 -49.997131 1.000000 -0.000000 -0.000000 
-2.000000 58.000000 -52.000000 54.000000 54.000000 54.000000
0.006353 50.001949 -49.995010 0.000000 1.000000 0.000000 
3
52.000000 -50.000000 -52.000000 54.000000 54.000000 54.000000
0.002279 -49.997971 -49.993980 0.000000 -1.000000 0.000000 50.003109 0.000919 -49.991859 -1.000000 -0.000000 -0.000000 50.003109 0.000919 -49.991859 -1.000000 -0.000000 -0.000000 
-56.000000 -50.000000 -52.000000 54.000000 54.000000 54.000000
-49.994476 0.003061 -49.997131 1.000000 -0.000000 -0.000000 0.002279 -49.997971 -49.993980 0.000000 -1.000000 0.000000 -49.994476 0.003061 -49.997131 1.000000 -0.000000 -0.000000 
-2.000000 -50.000000 -52.000000 54.000000 54.000000 54.000000
0.002279 -49.997971 -49.993980 0.000000 -1.000000 0.000000 
1
-2.000000 4.000000 -52.000000 54.000000 54.000000 54.000000

1
-2.000000 4.000000 56.000000 54.000000 54.000000 54.000000

1
-56.000000 -50.000000 -52.000000 54.000000 54.000000 54.000000
-49.994476 0.003061 -49.997131 1.000000 -0.000000 -0.000000 0.002279 -49.997971 -49.993980 -0.000000 1.000000 -0.000000 -49.994476 0.003061 -49.997131 1.000000 -0.000000 -0.000000 
1
-56.000000 -50.000000 56.000000 54.000000 54.000000 54.000000
-49.994476 0.003061 -49.997131 1.000000 -0.000000 -0.000000 0.002279 -49.997971 -49.993980 -0.000000 1.000000 -0.000000 -49.994476 0.003061 -49.997131 1.000000 -0.000000 -0.000000 
3
-2.000000 58.000000 56.000000 54.000000 54.000000 54.000000
0.006353 50.001949 -49.995010 -0.000000 -1.000000 -0.000000 
-56.000000 4.000000 56.000000 54.000000 54.000000 54.000000
-49.994476 0.003061 -49.997131 1.000000 -0.000000 -0.000000 
-56.000000 58.000000 56.000000 54.000000 54.000000 54.000000
0.006353 50.001949 -49.995010 -0.000000 -1.000000 -0.000000 -49.994476 0.003061 -49.997131 1.000000 -0.000000 -0.000000 -49.994476 0.003061 -49.997131 1.000000 -0.000000 -0.000000 
3
52.000000 4.000000 56.000000 54.000000 54.000000 54.000000
50.003109 0.000919 -49.991859 -1.000000 -0.000000 -0.000000 
52.000000 58.000000 2.000000 54.000000 54.000000 54.000000
50.003109 0.000919 -49.991859 -1.000000 -0.000000 -0.000000 
52.000000 58.000000 56.000000 54.000000 54.000000 54.000000
0.006353 50.001949 -49.995010 -0.000000 -1.000000 -0.000000 50.003109 0.000919 -49.991859 -1.000000 -0.000000 -0.000000 50.003109 0.000919 -49.991859 -1.000000 -0.000000 -0.000000 
1
52.000000 4.000000 -52.000000 54.000000 54.000000 54.000000
50.003109 0.000919 -49.991859 -1.000000 -0.000000 -0.000000 
1
-2.000000 58.000000 -52.000000 54.000000 54.000000 54.000000
0.006353 50.001949 -49.995010 -0.000000 -1.000000 -0.000000 
3
-56.000000 58.000000 2.000000 54.000000 54.000000 54.000000
-49.994476 0.003061 -49.997131 1.000000 -0.000000 -0.000000 
-56.000000 4.000000 -52.000000 54.000000 54.000000 54.000000
-49.994476 0.003061 -49.997131 1.000000 -0.000000 -0.000000 
-56.000000 58.000000 -52.000000 54.000000 54.000000 54.000000
0.006353 50.001949 -49.995010 -0.000000 -1.000000 -0.000000 -49.994476 0.003061 -49.997131 1.000000 -0.000000 -0.000000 -49.994476 0.003061 -49.997131 1.000000 -0.000000 -0.000000 
1
-2.000000 -50.000000 -52.000000 54.000000 54.000000 54.000000
0.002279 -49.997971 -49.993980 -0.000000 1.000000 -0.000000 
1
-2.000000 -50.000000 56.000000 54.000000 54.000000 54.000000
0.002279 -49.997971 -49.993980 -0.000000 1.000000 -0.000000 
1
52.000000 -50.000000 2.000000 54.000000 54.000000 54.000000
50.003109 0.000919 -49.991859 -1.000000 -0.000000 -0.000000 
1
-56.000000 -50.000000 2.000000 54.000000 54.000000 54.000000
-49.994476 0.003061 -49.997131 1.000000 -0.000000 -0.000000 
1
52.000000 -50.000000 -52.000000 54.000000 54.000000 54.000000
0.002279 -49.997971 -49.993980 -0.000000 1.000000 -0.000000 50.003109 0.000919 -49.991859 -1.000000 -0.000000 -0.000000 50.003109 0.000919 -49.991859 -1.000000 -0.000000 -0.000000 
1
52.000000 -50.000000 56.000000 54.000000 54.000000 54.000000
0.002279 -49.997971 -49.993980 -0.000000 1.000000 -0.000000 50.003109 0.000919 -49.991859 -1.000000 -0.000000 -0.000000 50.003109 0.000919 -49.991859 -1.000000 -0.000000 -0.000000 
1
52.000000 58.000000 -52.000000 54.000000 54.000000 54.000000
0.006353 50.001949 -49.995010 -0.000000 -1.000000 -0.000000 50.003109 0.000919 -49.991859 -1.000000 -0.000000 -0.000000 50.003109 0.000919 -49.991859 -1.000000 -0.000000 -0.000000 
