22
0.000000 1.000000 0.000000 81
1.000000 0.000000 0.000000 81
-1.000000 0.000000 0.000000 81
0.000000 -1.000000 0.000000 81
0.000000 1.000000 0.000000 81
0.000000 -1.000000 0.000000 81
0.000000 0.000000 -1.000000 81
0.000000 0.000000 -1.000000 81
0.000000 0.000000 -1.000000 81
0.000000 0.000000 -1.000000 81
0.000000 -1.000000 0.000000 12
-1.000000 0.000000 0.000000 36
-1.000000 0.000000 0.000000 36
0.000000 -1.000000 0.000000 39
1.000000 0.000000 0.000000 39
0.000000 1.000000 0.000000 36
0.000000 1.000000 0.000000 36
-1.000000 0.000000 0.000000 36
1.000000 0.000000 0.000000 39
-1.000000 0.000000 0.000000 36
-1.000000 0.000000 0.000000 36
-1.000000 0.000000 0.000000 36
9
20
16
10
7
3
0
11
1
2
18
17
14
8
21
19
13
15
12
5
6
4
