20
2 -0.9427419 0 0.3335232
3 0.9427419 0 -0.3335232
2 -0.9427419 0 0.3335232
3 0.9427419 0 -0.3335232
2 -0.9427419 0 0.3335232
3 0.9427419 0 -0.3335232
1 0.001081298 0 0.9999995
0 -0.001081298 0 -0.9999995
4 0.4704703 -0.8167493 0.3340332
5 -0.4704703 0.8167493 -0.3340332
4 0.4704703 -0.8167493 0.3340332
5 -0.4704703 0.8167493 -0.3340332
0 -0.001081298 0 -0.9999995
1 0.001081298 0 0.9999995
6 0.4704703 0.8167493 0.3340332
7 -0.4704703 -0.8167493 -0.3340332
0 -0.001081298 0 -0.9999995
1 0.001081298 0 0.9999995
0 -0.001081298 0 -0.9999995
1 0.001081298 0 0.9999995
