136.590012
158.270004
178.129990
19.190001
40.370003
48.349998
132.669998
132.170013
132.360001
129.959991
44.079998
44.260002
45.490002
47.259998
51.109997
122.080002
105.300003
87.540001
68.820000
53.770000
91.230003
96.599998
98.230003
98.659996
97.459999
89.320000
89.830002
90.930000
93.419998
94.910004
97.619995
97.599998
97.210007
93.650002
90.419998
94.740005
92.410004
90.740005
88.559998
88.889999
81.709999
80.189995
82.650002
86.010002
92.639999
98.510002
79.900002
81.659996
86.080002
93.070000
92.659996
86.709999
81.919998
80.950005
82.360001
91.770004
83.889999
78.919998
76.919998
80.880005
40.410000
88.440002
39.180000
140.380005
91.340004
89.629997
89.740005
139.270004
81.500000
81.729996
81.470001
96.989998
-0.040000
0.000000
-0.090000
