50
-1.000000 0.000000 0.000000 100
-1.000000 0.000000 0.000000 100
1.000000 0.000000 0.000000 100
0.000000 -1.000000 0.000000 100
1.000000 0.000000 0.000000 100
0.000000 0.000000 1.000000 5
-1.000000 0.000000 0.000000 16
0.000000 0.000000 -1.000000 100
1.000000 0.000000 0.000000 100
0.000000 0.000000 -1.000000 100
0.000000 0.000000 1.000000 100
0.000000 0.000000 1.000000 100
-1.000000 0.000000 0.000000 100
0.000000 -1.000000 0.000000 100
1.000000 0.000000 0.000000 4
0.000000 -1.000000 0.000000 17
1.000000 0.000000 0.000000 28
-1.000000 0.000000 0.000000 11
0.000000 0.000000 -1.000000 9
0.000000 1.000000 0.000000 100
0.000000 0.000000 1.000000 15
0.000000 1.000000 0.000000 100
0.000000 0.000000 1.000000 19
0.000000 -1.000000 0.000000 100
0.000000 -1.000000 0.000000 16
0.000000 0.000000 1.000000 100
-1.000000 0.000000 0.000000 100
1.000000 0.000000 0.000000 100
0.000000 0.000000 1.000000 100
0.000000 0.000000 -1.000000 21
0.000000 -1.000000 0.000000 100
-1.000000 0.000000 0.000000 100
-1.000000 0.000000 0.000000 100
0.000000 -1.000000 0.000000 100
1.000000 0.000000 0.000000 100
0.000000 -1.000000 0.000000 100
-1.000000 0.000000 0.000000 100
-1.000000 0.000000 0.000000 100
-1.000000 0.000000 0.000000 100
1.000000 0.000000 0.000000 100
0.000000 1.000000 0.000000 1
1.000000 0.000000 0.000000 100
1.000000 0.000000 0.000000 100
1.000000 0.000000 0.000000 100
1.000000 0.000000 0.000000 100
0.000000 0.000000 -1.000000 100
0.000000 0.000000 -1.000000 100
0.000000 0.000000 -1.000000 100
-1.000000 0.000000 0.000000 100
0 0 0 0
8
11
30
3
9
42
10
4
1
5
18
16
12
17
13
14
7
6
49
2
0
25
46
29
27
41
21
39
48
26
34
43
20
35
22
31
37
45
38
23
47
32
44
15
40
24
36
28
33
19
