61 72
62.11642 25.69814 17.00493
65.6471 21.09461 7.915661
66.89139 18.56767 -2.303421
65.86662 18.21151 -12.79224
62.58981 20.12043 -22.69065
57.07832 24.38905 -31.13841
51.13582 29.54388 -35.75577
43.58679 36.4709 -38.44343
35.46541 44.26429 -38.60228
27.80617 52.01803 -35.63369
21.64343 58.82616 -28.93886
17.44358 64.30043 -18.04714
16.50747 66.67958 -6.752043
18.22712 66.43961 4.145384
21.99506 64.05727 13.84471
27.20359 60.0086 21.54504
32.59893 55.29784 25.4661
39.91062 48.5251 27.64848
48.01576 40.67673 27.41617
55.79188 32.73905 24.09362
32.03208 -6.658854 22.25903
35.96217 -11.89276 11.97537
36.6706 -14.11678 1.109613
34.78419 -13.8053 -9.504839
30.92998 -11.43275 -19.03494
25.73444 -7.473568 -26.64733
19.90071 -2.508691 -31.45914
12.66192 4.043721 -34.42237
4.766136 11.56453 -34.83533
-3.038428 19.43489 -31.99586
-10.00354 27.0361 -25.20203
-14.67315 32.86002 -15.30869
-15.94169 35.52536 -4.688953
-14.20817 35.3208 5.971407
-9.871965 32.53511 15.98661
-3.331773 27.45658 24.67076
2.177422 22.77572 28.89402
9.406658 16.29657 31.84547
17.41769 8.746122 32.44421
25.27223 0.851931 29.60905
-18.85844 -60.99406 30.81202
-16.63362 -64.32753 22.47728
-18.65407 -63.72895 13.19551
-23.13706 -60.73468 4.139145
-28.29964 -56.88134 -3.519448
-32.35918 -53.70544 -8.607574
-35.2888 -51.29281 -12.0383
-40.77938 -46.59603 -17.48469
-47.80286 -40.29943 -22.2677
-55.33119 -33.08793 -23.70818
-62.33628 -25.64598 -19.12704
-65.39938 -21.59096 -10.65954
-63.92418 -21.89169 -1.490047
-59.6039 -24.99158 7.482358
-54.13204 -29.33372 15.35831
-49.20174 -33.36121 21.23886
-45.97381 -35.95306 24.82334
-40.22722 -40.66851 30.22324
-33.06023 -46.85146 34.78819
-25.57124 -53.84538 35.86787
42.54503 41.92051 -5.305884
0 1
1 2
2 3
3 4
4 5
0 19
18 19
17 18
16 17
15 16
5 6
6 7
7 8
8 9
9 10
14 15
13 14
12 13
11 12
10 11
20 21
21 22
22 23
23 24
24 25
20 39
38 39
37 38
36 37
35 36
25 26
26 27
27 28
28 29
29 30
34 35
33 34
32 33
31 32
30 31
40 41
41 42
42 43
43 44
44 45
40 59
58 59
57 58
56 57
55 56
45 46
46 47
47 48
48 49
49 50
54 55
53 54
52 53
51 52
50 51
15 60
20 40
0 60
10 60
30 50
25 45
35 55
5 60
15 35
0 20
5 25
10 30
