3
36
89.000000 91.000000 5.000000 60.000000 60.000000 60.000000

89.000000 31.000000 5.000000 60.000000 60.000000 60.000000
100.000000 50.000000 0.000000 0.000000 0.000000 1.000000 
89.000000 -29.000000 5.000000 60.000000 60.000000 60.000000
100.000000 -50.000000 0.000000 0.000000 0.000000 1.000000 
89.000000 -89.000000 5.000000 60.000000 60.000000 60.000000

29.000000 91.000000 5.000000 60.000000 60.000000 60.000000
50.000000 100.000000 0.000000 0.000000 0.000000 1.000000 
-31.000000 91.000000 5.000000 60.000000 60.000000 60.000000
-50.000000 100.000000 0.000000 0.000000 0.000000 1.000000 
29.000000 31.000000 5.000000 60.000000 60.000000 60.000000
0.000000 50.000000 0.000000 0.000000 0.000000 1.000000 100.000000 50.000000 0.000000 0.000000 0.000000 1.000000 50.000000 100.000000 0.000000 0.000000 0.000000 1.000000 50.000000 0.000000 0.000000 0.000000 0.000000 1.000000 
-31.000000 31.000000 5.000000 60.000000 60.000000 60.000000
-100.000000 50.000000 0.000000 0.000000 0.000000 1.000000 0.000000 50.000000 0.000000 0.000000 0.000000 1.000000 -50.000000 100.000000 0.000000 0.000000 0.000000 1.000000 -50.000000 0.000000 0.000000 0.000000 0.000000 1.000000 
29.000000 -29.000000 5.000000 60.000000 60.000000 60.000000
0.000000 -50.000000 0.000000 0.000000 0.000000 1.000000 100.000000 -50.000000 0.000000 0.000000 0.000000 1.000000 50.000000 0.000000 0.000000 0.000000 0.000000 1.000000 50.000000 -100.000000 0.000000 0.000000 0.000000 1.000000 
-31.000000 -29.000000 5.000000 60.000000 60.000000 60.000000
-100.000000 -50.000000 0.000000 0.000000 0.000000 1.000000 0.000000 -50.000000 0.000000 0.000000 0.000000 1.000000 -50.000000 0.000000 0.000000 0.000000 0.000000 1.000000 -50.000000 -100.000000 0.000000 0.000000 0.000000 1.000000 
29.000000 -89.000000 5.000000 60.000000 60.000000 60.000000
50.000000 -100.000000 0.000000 0.000000 0.000000 1.000000 
-31.000000 -89.000000 5.000000 60.000000 60.000000 60.000000
-50.000000 -100.000000 0.000000 0.000000 0.000000 1.000000 
149.000000 91.000000 5.000000 60.000000 60.000000 60.000000
150.000000 100.000000 0.000000 0.000000 0.000000 1.000000 
149.000000 31.000000 5.000000 60.000000 60.000000 60.000000
100.000000 50.000000 0.000000 0.000000 0.000000 1.000000 150.000000 100.000000 0.000000 0.000000 0.000000 1.000000 150.000000 0.000000 0.000000 0.000000 0.000000 1.000000 
149.000000 -29.000000 5.000000 60.000000 60.000000 60.000000
100.000000 -50.000000 0.000000 0.000000 0.000000 1.000000 150.000000 0.000000 0.000000 0.000000 0.000000 1.000000 150.000000 -100.000000 0.000000 0.000000 0.000000 1.000000 
-91.000000 -149.000000 5.000000 60.000000 60.000000 60.000000
-100.000000 -150.000000 0.000000 0.000000 0.000000 1.000000 
-31.000000 -149.000000 5.000000 60.000000 60.000000 60.000000
-100.000000 -150.000000 0.000000 0.000000 0.000000 1.000000 0.000000 -150.000000 0.000000 0.000000 0.000000 1.000000 -50.000000 -100.000000 0.000000 0.000000 0.000000 1.000000 
149.000000 -89.000000 5.000000 60.000000 60.000000 60.000000
150.000000 -100.000000 0.000000 0.000000 0.000000 1.000000 
29.000000 -149.000000 5.000000 60.000000 60.000000 60.000000
0.000000 -150.000000 0.000000 0.000000 0.000000 1.000000 100.000000 -150.000000 0.000000 0.000000 0.000000 1.000000 50.000000 -100.000000 0.000000 0.000000 0.000000 1.000000 
89.000000 -149.000000 5.000000 60.000000 60.000000 60.000000
100.000000 -150.000000 0.000000 0.000000 0.000000 1.000000 
149.000000 -149.000000 5.000000 60.000000 60.000000 60.000000
100.000000 -150.000000 0.000000 0.000000 0.000000 1.000000 150.000000 -100.000000 0.000000 0.000000 0.000000 1.000000 
-91.000000 -89.000000 5.000000 60.000000 60.000000 60.000000

-91.000000 91.000000 5.000000 60.000000 60.000000 60.000000

-91.000000 -29.000000 5.000000 60.000000 60.000000 60.000000
-100.000000 -50.000000 0.000000 0.000000 0.000000 1.000000 
-91.000000 31.000000 5.000000 60.000000 60.000000 60.000000
-100.000000 50.000000 0.000000 0.000000 0.000000 1.000000 
-151.000000 91.000000 5.000000 60.000000 60.000000 60.000000
-150.000000 100.000000 0.000000 0.000000 0.000000 1.000000 
-151.000000 31.000000 5.000000 60.000000 60.000000 60.000000
-100.000000 50.000000 0.000000 0.000000 0.000000 1.000000 -150.000000 100.000000 0.000000 0.000000 0.000000 1.000000 -150.000000 0.000000 0.000000 0.000000 0.000000 1.000000 
-151.000000 -29.000000 5.000000 60.000000 60.000000 60.000000
-100.000000 -50.000000 0.000000 0.000000 0.000000 1.000000 -150.000000 0.000000 0.000000 0.000000 0.000000 1.000000 -150.000000 -100.000000 0.000000 0.000000 0.000000 1.000000 
-151.000000 -149.000000 5.000000 60.000000 60.000000 60.000000
-100.000000 -150.000000 0.000000 0.000000 0.000000 1.000000 -150.000000 -100.000000 0.000000 0.000000 0.000000 1.000000 
-151.000000 -89.000000 5.000000 60.000000 60.000000 60.000000
-150.000000 -100.000000 0.000000 0.000000 0.000000 1.000000 
89.000000 151.000000 5.000000 60.000000 60.000000 60.000000
100.000000 150.000000 0.000000 0.000000 0.000000 1.000000 
149.000000 151.000000 5.000000 60.000000 60.000000 60.000000
100.000000 150.000000 0.000000 0.000000 0.000000 1.000000 150.000000 100.000000 0.000000 0.000000 0.000000 1.000000 
29.000000 151.000000 5.000000 60.000000 60.000000 60.000000
0.000000 150.000000 0.000000 0.000000 0.000000 1.000000 100.000000 150.000000 0.000000 0.000000 0.000000 1.000000 50.000000 100.000000 0.000000 0.000000 0.000000 1.000000 
-31.000000 151.000000 5.000000 60.000000 60.000000 60.000000
-100.000000 150.000000 0.000000 0.000000 0.000000 1.000000 0.000000 150.000000 0.000000 0.000000 0.000000 1.000000 -50.000000 100.000000 0.000000 0.000000 0.000000 1.000000 
-151.000000 151.000000 5.000000 60.000000 60.000000 60.000000
-100.000000 150.000000 0.000000 0.000000 0.000000 1.000000 -150.000000 100.000000 0.000000 0.000000 0.000000 1.000000 
-91.000000 151.000000 5.000000 60.000000 60.000000 60.000000
-100.000000 150.000000 0.000000 0.000000 0.000000 1.000000 
32
-31.000000 91.000000 5.000000 60.000000 60.000000 60.000000
-50.000000 100.000000 0.000000 -0.000000 -0.000000 -1.000000 
29.000000 91.000000 5.000000 60.000000 60.000000 60.000000
50.000000 100.000000 0.000000 -0.000000 -0.000000 -1.000000 
89.000000 31.000000 5.000000 60.000000 60.000000 60.000000
100.000000 50.000000 0.000000 -0.000000 -0.000000 -1.000000 
89.000000 -29.000000 5.000000 60.000000 60.000000 60.000000
100.000000 -50.000000 0.000000 -0.000000 -0.000000 -1.000000 
29.000000 31.000000 5.000000 60.000000 60.000000 60.000000
0.000000 50.000000 0.000000 -0.000000 -0.000000 -1.000000 100.000000 50.000000 0.000000 -0.000000 -0.000000 -1.000000 50.000000 100.000000 0.000000 -0.000000 -0.000000 -1.000000 50.000000 0.000000 0.000000 -0.000000 -0.000000 -1.000000 
29.000000 -29.000000 5.000000 60.000000 60.000000 60.000000
0.000000 -50.000000 0.000000 -0.000000 -0.000000 -1.000000 100.000000 -50.000000 0.000000 -0.000000 -0.000000 -1.000000 50.000000 0.000000 0.000000 -0.000000 -0.000000 -1.000000 50.000000 -100.000000 0.000000 -0.000000 -0.000000 -1.000000 
-31.000000 31.000000 5.000000 60.000000 60.000000 60.000000
-100.000000 50.000000 0.000000 -0.000000 -0.000000 -1.000000 0.000000 50.000000 0.000000 -0.000000 -0.000000 -1.000000 -50.000000 100.000000 0.000000 -0.000000 -0.000000 -1.000000 -50.000000 0.000000 0.000000 -0.000000 -0.000000 -1.000000 
-31.000000 -29.000000 5.000000 60.000000 60.000000 60.000000
-100.000000 -50.000000 0.000000 -0.000000 -0.000000 -1.000000 0.000000 -50.000000 0.000000 -0.000000 -0.000000 -1.000000 -50.000000 0.000000 0.000000 -0.000000 -0.000000 -1.000000 -50.000000 -100.000000 0.000000 -0.000000 -0.000000 -1.000000 
-91.000000 -29.000000 5.000000 60.000000 60.000000 60.000000
-100.000000 -50.000000 0.000000 -0.000000 -0.000000 -1.000000 
-91.000000 31.000000 5.000000 60.000000 60.000000 60.000000
-100.000000 50.000000 0.000000 -0.000000 -0.000000 -1.000000 
89.000000 151.000000 5.000000 60.000000 60.000000 60.000000
100.000000 150.000000 0.000000 -0.000000 -0.000000 -1.000000 
149.000000 151.000000 5.000000 60.000000 60.000000 60.000000
100.000000 150.000000 0.000000 -0.000000 -0.000000 -1.000000 150.000000 100.000000 0.000000 -0.000000 -0.000000 -1.000000 
29.000000 151.000000 5.000000 60.000000 60.000000 60.000000
0.000000 150.000000 0.000000 -0.000000 -0.000000 -1.000000 100.000000 150.000000 0.000000 -0.000000 -0.000000 -1.000000 50.000000 100.000000 0.000000 -0.000000 -0.000000 -1.000000 
-31.000000 151.000000 5.000000 60.000000 60.000000 60.000000
-100.000000 150.000000 0.000000 -0.000000 -0.000000 -1.000000 0.000000 150.000000 0.000000 -0.000000 -0.000000 -1.000000 -50.000000 100.000000 0.000000 -0.000000 -0.000000 -1.000000 
-151.000000 151.000000 5.000000 60.000000 60.000000 60.000000
-100.000000 150.000000 0.000000 -0.000000 -0.000000 -1.000000 -150.000000 100.000000 0.000000 -0.000000 -0.000000 -1.000000 
-91.000000 151.000000 5.000000 60.000000 60.000000 60.000000
-100.000000 150.000000 0.000000 -0.000000 -0.000000 -1.000000 
-151.000000 91.000000 5.000000 60.000000 60.000000 60.000000
-150.000000 100.000000 0.000000 -0.000000 -0.000000 -1.000000 
-151.000000 31.000000 5.000000 60.000000 60.000000 60.000000
-100.000000 50.000000 0.000000 -0.000000 -0.000000 -1.000000 -150.000000 100.000000 0.000000 -0.000000 -0.000000 -1.000000 -150.000000 0.000000 0.000000 -0.000000 -0.000000 -1.000000 
-151.000000 -29.000000 5.000000 60.000000 60.000000 60.000000
-100.000000 -50.000000 0.000000 -0.000000 -0.000000 -1.000000 -150.000000 0.000000 0.000000 -0.000000 -0.000000 -1.000000 -150.000000 -100.000000 0.000000 -0.000000 -0.000000 -1.000000 
-151.000000 -149.000000 5.000000 60.000000 60.000000 60.000000
-100.000000 -150.000000 0.000000 -0.000000 -0.000000 -1.000000 -150.000000 -100.000000 0.000000 -0.000000 -0.000000 -1.000000 
-151.000000 -89.000000 5.000000 60.000000 60.000000 60.000000
-150.000000 -100.000000 0.000000 -0.000000 -0.000000 -1.000000 
29.000000 -89.000000 5.000000 60.000000 60.000000 60.000000
50.000000 -100.000000 0.000000 -0.000000 -0.000000 -1.000000 
-31.000000 -89.000000 5.000000 60.000000 60.000000 60.000000
-50.000000 -100.000000 0.000000 -0.000000 -0.000000 -1.000000 
149.000000 91.000000 5.000000 60.000000 60.000000 60.000000
150.000000 100.000000 0.000000 -0.000000 -0.000000 -1.000000 
149.000000 31.000000 5.000000 60.000000 60.000000 60.000000
100.000000 50.000000 0.000000 -0.000000 -0.000000 -1.000000 150.000000 100.000000 0.000000 -0.000000 -0.000000 -1.000000 150.000000 0.000000 0.000000 -0.000000 -0.000000 -1.000000 
149.000000 -29.000000 5.000000 60.000000 60.000000 60.000000
100.000000 -50.000000 0.000000 -0.000000 -0.000000 -1.000000 150.000000 0.000000 0.000000 -0.000000 -0.000000 -1.000000 150.000000 -100.000000 0.000000 -0.000000 -0.000000 -1.000000 
-91.000000 -149.000000 5.000000 60.000000 60.000000 60.000000
-100.000000 -150.000000 0.000000 -0.000000 -0.000000 -1.000000 
-31.000000 -149.000000 5.000000 60.000000 60.000000 60.000000
-100.000000 -150.000000 0.000000 -0.000000 -0.000000 -1.000000 0.000000 -150.000000 0.000000 -0.000000 -0.000000 -1.000000 -50.000000 -100.000000 0.000000 -0.000000 -0.000000 -1.000000 
29.000000 -149.000000 5.000000 60.000000 60.000000 60.000000
0.000000 -150.000000 0.000000 -0.000000 -0.000000 -1.000000 100.000000 -150.000000 0.000000 -0.000000 -0.000000 -1.000000 50.000000 -100.000000 0.000000 -0.000000 -0.000000 -1.000000 
149.000000 -89.000000 5.000000 60.000000 60.000000 60.000000
150.000000 -100.000000 0.000000 -0.000000 -0.000000 -1.000000 
89.000000 -149.000000 5.000000 60.000000 60.000000 60.000000
100.000000 -150.000000 0.000000 -0.000000 -0.000000 -1.000000 
149.000000 -149.000000 5.000000 60.000000 60.000000 60.000000
100.000000 -150.000000 0.000000 -0.000000 -0.000000 -1.000000 150.000000 -100.000000 0.000000 -0.000000 -0.000000 -1.000000 
0
