22
84
1.844208 -164.584198 -49.014313 89.000000 88.000000 90.000000
0.972604 -123.569839 -60.495052 -1.000000 -0.000000 -0.000000 1.288807 -131.920456 28.885201 -1.000000 -0.000000 -0.000000 
1.844208 -164.584198 -139.014313 89.000000 88.000000 90.000000
0.553869 -107.566620 -140.907562 -1.000000 -0.000000 -0.000000 0.972604 -123.569839 -60.495052 -1.000000 -0.000000 -0.000000 
91.844208 -164.584198 -229.014313 89.000000 88.000000 88.000000

2.344208 -164.584198 -228.514313 90.000000 88.000000 89.000000

-87.655792 -164.584198 -49.014313 90.000000 88.000000 90.000000

-87.655792 -164.584198 -139.014313 90.000000 88.000000 90.000000

-87.655792 -164.584198 -228.514313 90.000000 88.000000 89.000000

-177.655792 -164.584198 -49.014313 90.000000 88.000000 90.000000

-177.655792 -164.584198 -139.014313 90.000000 88.000000 90.000000

-177.655792 -164.584198 -228.514313 90.000000 88.000000 89.000000

-267.655792 -164.084198 -49.014313 90.000000 89.000000 90.000000

-267.655792 -164.584198 -139.014313 90.000000 88.000000 90.000000

-267.655792 -164.584198 -228.514313 90.000000 88.000000 89.000000

-357.655792 -164.084198 -49.014313 90.000000 89.000000 90.000000

-357.655792 -164.584198 -139.014313 90.000000 88.000000 90.000000

-357.655792 -164.584198 -228.514313 90.000000 88.000000 89.000000

-447.155792 -164.084198 -49.014313 89.000000 89.000000 90.000000

-447.155792 -164.084198 -228.514313 89.000000 89.000000 89.000000

-447.155792 -164.084198 -139.014313 89.000000 89.000000 90.000000

1.844208 -164.584198 40.485687 89.000000 88.000000 89.000000
1.288807 -131.920456 28.885201 -1.000000 -0.000000 -0.000000 1.350783 -135.818756 114.099037 -1.000000 -0.000000 -0.000000 
-87.655792 -164.584198 40.485687 90.000000 88.000000 89.000000

-177.655792 -164.584198 40.485687 90.000000 88.000000 89.000000

-358.155792 14.915802 40.485687 89.000000 89.000000 89.000000

-447.155792 14.915802 40.485687 89.000000 89.000000 89.000000

-358.155792 -74.584198 40.485687 89.000000 90.000000 89.000000

-447.155792 -74.584198 40.485687 89.000000 90.000000 89.000000

-267.655792 -164.584198 40.485687 90.000000 88.000000 89.000000

-447.155792 -164.084198 40.485687 89.000000 89.000000 89.000000

-357.655792 -164.084198 40.485687 90.000000 89.000000 89.000000

-88.155792 15.915802 -49.514313 89.000000 89.000000 89.000000
-103.814484 49.408978 -44.154598 -0.000000 -0.000000 1.000000 -109.963257 17.958685 -43.762283 0.000000 0.000000 -1.000000 -109.705574 -0.303727 -133.212860 -0.000000 -1.000000 -0.000000 -108.982681 -0.347235 53.068100 0.000000 -1.000000 0.000000 
-88.155792 15.915802 -228.514313 89.000000 89.000000 89.000000
-98.064865 55.758789 -221.707336 -0.000000 -0.000000 1.000000 -107.940063 20.958151 -221.826752 -0.000000 -0.000000 1.000000 -163.828979 -1.301159 -221.916702 -0.000000 -0.000000 1.000000 -109.705574 -0.303727 -133.212860 0.000000 1.000000 0.000000 
-88.155792 105.415802 -228.514313 89.000000 90.000000 89.000000
-57.825268 88.165192 -221.358887 -0.000000 -0.000000 1.000000 -80.156975 77.077980 -221.554626 -0.000000 -0.000000 1.000000 -98.064865 55.758789 -221.707336 -0.000000 -0.000000 1.000000 
-88.155792 15.915802 -49.514313 89.000000 89.000000 89.000000
-103.814484 49.408978 -44.154598 -0.000000 -0.000000 1.000000 -109.963257 17.958685 -43.762283 -0.000000 -0.000000 1.000000 -109.705574 -0.303727 -133.212860 0.000000 1.000000 0.000000 -108.982681 -0.347235 53.068100 -0.000000 1.000000 -0.000000 
-88.155792 15.915802 -49.514313 89.000000 89.000000 89.000000
-103.814484 49.408978 -44.154598 -0.000000 -0.000000 1.000000 -109.963257 17.958685 -43.762283 0.000000 0.000000 -1.000000 -109.705574 -0.303727 -133.212860 0.000000 1.000000 0.000000 -108.982681 -0.347235 53.068100 -0.000000 1.000000 -0.000000 
-88.155792 15.915802 -49.514313 89.000000 89.000000 89.000000
-103.814484 49.408978 -44.154598 0.000000 0.000000 -1.000000 -109.963257 17.958685 -43.762283 0.000000 0.000000 -1.000000 -109.705574 -0.303727 -133.212860 0.000000 1.000000 0.000000 -108.982681 -0.347235 53.068100 -0.000000 1.000000 -0.000000 
-88.155792 105.415802 -49.514313 89.000000 90.000000 89.000000
-55.047157 86.339973 -44.798706 0.000000 0.000000 -1.000000 -84.288834 71.728668 -44.490288 0.000000 0.000000 -1.000000 -103.814484 49.408978 -44.154598 0.000000 0.000000 -1.000000 
-268.155792 -74.584198 -49.014313 89.000000 90.000000 88.000000
-263.414001 -64.713654 -17.031626 -0.000000 1.000000 -0.000000 -300.549500 -64.686646 -56.809586 -0.000000 1.000000 -0.000000 
-357.655792 -74.584198 -48.514313 90.000000 90.000000 89.000000
-300.549500 -64.686646 -56.809586 -0.000000 1.000000 -0.000000 -350.126831 -64.616348 -81.860825 -0.000000 1.000000 -0.000000 -388.801086 -65.486206 -92.601364 0.000000 -1.000000 0.000000 
-357.655792 -74.584198 -48.514313 90.000000 90.000000 89.000000
-300.549500 -64.686646 -56.809586 -0.000000 1.000000 -0.000000 -350.126831 -64.616348 -81.860825 -0.000000 1.000000 -0.000000 -388.801086 -65.486206 -92.601364 -0.000000 1.000000 -0.000000 
-447.155792 -74.584198 -49.014313 89.000000 90.000000 90.000000

-447.655792 -74.584198 -139.014313 88.000000 90.000000 90.000000
-416.327484 -64.343208 -115.858688 -0.000000 1.000000 -0.000000 -432.462646 -64.227280 -178.461090 -0.000000 1.000000 -0.000000 
-447.655792 -74.584198 -228.514313 88.000000 90.000000 89.000000
-432.462646 -64.227280 -178.461090 -0.000000 1.000000 -0.000000 -396.862610 -34.316856 -222.000580 -0.000000 -0.000000 1.000000 -428.448669 -54.351322 -221.972977 -0.000000 -0.000000 1.000000 -218.310272 -64.665871 -221.069824 -0.000000 -0.000000 1.000000 
-88.155792 15.915802 -139.014313 89.000000 89.000000 90.000000
-109.705574 -0.303727 -133.212860 0.000000 1.000000 0.000000 
-88.155792 105.415802 -139.014313 89.000000 90.000000 90.000000

-88.155792 105.415802 -49.514313 89.000000 90.000000 89.000000
-55.047157 86.339973 -44.798706 -0.000000 -0.000000 1.000000 -84.288834 71.728668 -44.490288 -0.000000 -0.000000 1.000000 -103.814484 49.408978 -44.154598 -0.000000 -0.000000 1.000000 
-177.655792 15.915802 -49.514313 90.000000 89.000000 89.000000

-177.655792 15.915802 -139.014313 90.000000 89.000000 90.000000

-177.655792 15.915802 -228.514313 90.000000 89.000000 89.000000
-163.828979 -1.301159 -221.916702 -0.000000 -0.000000 1.000000 -261.721741 -6.716942 -221.973907 -0.000000 -0.000000 1.000000 
-267.655792 15.415802 -49.514313 90.000000 90.000000 89.000000

-267.655792 15.915802 -139.014313 90.000000 89.000000 90.000000

-267.655792 15.915802 -228.514313 90.000000 89.000000 89.000000
-261.721741 -6.716942 -221.973907 -0.000000 -0.000000 1.000000 -340.342773 -18.081028 -222.000153 -0.000000 -0.000000 1.000000 
-357.655792 15.415802 -49.014313 90.000000 90.000000 90.000000

-357.655792 15.915802 -139.014313 90.000000 89.000000 90.000000

-357.655792 15.915802 -228.514313 90.000000 89.000000 89.000000
-340.342773 -18.081028 -222.000153 -0.000000 -0.000000 1.000000 -396.862610 -34.316856 -222.000580 -0.000000 -0.000000 1.000000 
-447.155792 15.415802 -49.014313 89.000000 90.000000 90.000000

-447.155792 15.415802 -139.014313 89.000000 90.000000 90.000000

-447.155792 15.415802 -228.514313 89.000000 90.000000 89.000000

-177.655792 105.415802 -49.514313 90.000000 90.000000 89.000000

-177.655792 105.415802 -139.014313 90.000000 90.000000 90.000000

-177.655792 105.415802 -228.514313 90.000000 90.000000 89.000000

-267.655792 105.415802 -49.514313 90.000000 90.000000 89.000000

-267.655792 105.415802 -139.014313 90.000000 90.000000 90.000000

-267.655792 105.415802 -228.514313 90.000000 90.000000 89.000000

-357.655792 105.415802 -49.514313 90.000000 90.000000 89.000000

-357.655792 105.415802 -139.014313 90.000000 90.000000 90.000000

-357.655792 105.415802 -228.514313 90.000000 90.000000 89.000000

-447.155792 105.415802 -49.514313 89.000000 90.000000 89.000000

-447.155792 105.415802 -139.014313 89.000000 90.000000 90.000000

-447.155792 105.415802 -228.514313 89.000000 90.000000 89.000000

-88.155792 194.915802 -49.514313 89.000000 89.000000 89.000000

-88.155792 194.915802 -139.014313 89.000000 89.000000 90.000000

-88.155792 194.915802 -228.514313 89.000000 89.000000 89.000000

-177.655792 194.915802 -49.514313 90.000000 89.000000 89.000000

-267.655792 194.915802 -49.514313 90.000000 89.000000 89.000000

-357.655792 194.915802 -49.514313 90.000000 89.000000 89.000000

-447.155792 194.915802 -49.514313 89.000000 89.000000 89.000000

-177.655792 194.915802 -139.014313 90.000000 89.000000 90.000000

-177.655792 194.915802 -228.514313 90.000000 89.000000 89.000000

-267.655792 194.915802 -139.014313 90.000000 89.000000 90.000000

-267.655792 194.915802 -228.514313 90.000000 89.000000 89.000000

-357.655792 194.915802 -139.014313 90.000000 89.000000 90.000000

-357.655792 194.915802 -228.514313 90.000000 89.000000 89.000000

-447.155792 194.915802 -228.514313 89.000000 89.000000 89.000000

-447.155792 194.915802 -139.014313 89.000000 89.000000 90.000000

70
2.844208 105.915802 -139.014313 89.000000 89.000000 88.000000
3.285314 123.894806 -98.542534 1.000000 -0.000000 -0.000000 3.035185 154.959473 -119.034752 1.000000 -0.000000 -0.000000 
2.844208 194.915802 -139.014313 89.000000 89.000000 88.000000
3.035185 154.959473 -119.034752 1.000000 -0.000000 -0.000000 2.782049 184.102966 -144.380280 1.000000 -0.000000 -0.000000 2.556593 200.075073 -191.153198 1.000000 -0.000000 -0.000000 
451.844208 -74.084198 -228.514313 89.000000 89.000000 89.000000
440.019836 -64.187881 -177.620941 -0.000000 -1.000000 -0.000000 404.440430 -33.363171 -221.233917 0.000000 0.000000 1.000000 436.071960 -53.321732 -221.142654 0.000000 0.000000 1.000000 223.166428 -64.142303 -221.643478 0.000000 0.000000 1.000000 
451.844208 -74.084198 -228.514313 89.000000 89.000000 89.000000
440.019836 -64.187881 -177.620941 0.000000 1.000000 0.000000 404.440430 -33.363171 -221.233917 0.000000 0.000000 1.000000 436.071960 -53.321732 -221.142654 0.000000 0.000000 1.000000 223.166428 -64.142303 -221.643478 -0.000000 -0.000000 -1.000000 
451.844208 -74.084198 -228.514313 89.000000 89.000000 89.000000
440.019836 -64.187881 -177.620941 0.000000 1.000000 0.000000 404.440430 -33.363171 -221.233917 0.000000 0.000000 1.000000 436.071960 -53.321732 -221.142654 0.000000 0.000000 1.000000 223.166428 -64.142303 -221.643478 0.000000 0.000000 1.000000 
362.344208 -74.084198 -228.514313 90.000000 89.000000 89.000000
404.440430 -33.363171 -221.233917 0.000000 0.000000 1.000000 223.166428 -64.142303 -221.643478 0.000000 0.000000 1.000000 
451.844208 -74.084198 -49.514313 89.000000 89.000000 89.000000
396.197998 -63.549286 -91.846916 0.000000 1.000000 0.000000 
451.844208 -74.084198 -139.014313 89.000000 89.000000 90.000000
396.197998 -63.549286 -91.846916 0.000000 1.000000 0.000000 423.763367 -63.340729 -115.051720 0.000000 1.000000 0.000000 440.019836 -64.187881 -177.620941 0.000000 1.000000 0.000000 
362.344208 -74.084198 -49.514313 90.000000 89.000000 89.000000
307.877563 -63.959244 -56.225533 0.000000 1.000000 0.000000 357.505066 -63.767136 -81.179779 0.000000 1.000000 0.000000 396.197998 -63.549286 -91.846916 0.000000 1.000000 0.000000 
362.344208 -74.084198 -139.014313 90.000000 89.000000 90.000000
396.197998 -63.549286 -91.846916 0.000000 1.000000 0.000000 
362.344208 15.415802 -139.014313 90.000000 90.000000 90.000000

451.844208 15.415802 -139.014313 89.000000 90.000000 90.000000

362.344208 15.415802 -228.514313 90.000000 90.000000 89.000000
347.876831 -17.260462 -221.341446 0.000000 0.000000 1.000000 404.440430 -33.363171 -221.233917 0.000000 0.000000 1.000000 
451.844208 15.415802 -228.514313 89.000000 90.000000 89.000000
404.440430 -33.363171 -221.233917 0.000000 0.000000 1.000000 
362.344208 15.415802 -49.514313 90.000000 90.000000 89.000000

451.844208 15.415802 -49.514313 89.000000 90.000000 89.000000

272.344208 -74.084198 -228.514313 90.000000 89.000000 89.000000
223.166428 -64.142303 -221.643478 0.000000 0.000000 1.000000 
182.844208 -74.084198 -228.514313 89.000000 89.000000 89.000000
223.166428 -64.142303 -221.643478 0.000000 0.000000 1.000000 
272.344208 -74.084198 -139.014313 90.000000 89.000000 90.000000

182.844208 -74.084198 -139.014313 89.000000 89.000000 90.000000

182.844208 -74.084198 -49.514313 89.000000 89.000000 89.000000

272.344208 15.415802 -228.514313 90.000000 90.000000 89.000000
269.223267 -6.080365 -221.467041 0.000000 0.000000 1.000000 
272.344208 15.415802 -139.014313 90.000000 90.000000 90.000000

272.344208 15.415802 -49.014313 90.000000 90.000000 90.000000

272.344208 15.415802 40.485687 88.000000 90.000000 89.000000

272.344208 -74.084198 -49.014313 90.000000 89.000000 90.000000
270.667328 -64.078186 -16.521652 0.000000 1.000000 0.000000 307.877563 -63.959244 -56.225533 0.000000 1.000000 0.000000 
272.344208 -74.084198 40.485687 88.000000 89.000000 89.000000
249.526489 -64.254364 79.317841 0.000000 1.000000 0.000000 257.683716 -64.153168 29.173634 0.000000 1.000000 0.000000 270.667328 -64.078186 -16.521652 0.000000 1.000000 0.000000 
182.844208 15.415802 -49.514313 89.000000 90.000000 89.000000

182.344208 15.415802 -139.014313 90.000000 90.000000 90.000000

92.844208 15.915802 -139.514313 89.000000 89.000000 89.000000
117.025520 0.970362 -133.000626 0.000000 1.000000 0.000000 
182.344208 15.415802 -228.514313 90.000000 90.000000 89.000000
171.320770 -0.900377 -221.598633 0.000000 0.000000 1.000000 
92.844208 15.915802 -228.514313 89.000000 89.000000 89.000000
105.423630 56.003929 -222.514313 0.000000 0.000000 1.000000 115.383148 21.228609 -221.616394 0.000000 0.000000 1.000000 171.320770 -0.900377 -221.598633 0.000000 0.000000 1.000000 117.025520 0.970362 -133.000626 0.000000 1.000000 0.000000 
92.844208 105.915802 -49.514313 89.000000 89.000000 89.000000
60.619865 86.481583 -43.686470 0.000000 0.000000 1.000000 90.377533 71.936905 -43.323616 0.000000 0.000000 1.000000 110.441452 49.662880 -43.950302 0.000000 0.000000 1.000000 
92.844208 105.915802 -49.514313 89.000000 89.000000 89.000000
60.619865 86.481583 -43.686470 0.000000 0.000000 1.000000 90.377533 71.936905 -43.323616 0.000000 0.000000 1.000000 110.441452 49.662880 -43.950302 -0.000000 -0.000000 -1.000000 
92.344208 105.415802 -139.014313 90.000000 90.000000 90.000000

92.844208 105.415802 -228.514313 89.000000 90.000000 89.000000
41.956585 92.364075 -222.034058 0.000000 0.000000 1.000000 65.109703 88.303833 -222.235809 0.000000 0.000000 1.000000 87.466904 77.272797 -222.391327 0.000000 0.000000 1.000000 105.423630 56.003929 -222.514313 0.000000 0.000000 1.000000 
92.844208 105.415802 -228.514313 89.000000 90.000000 89.000000
41.956585 92.364075 -222.034058 -0.000000 -0.000000 -1.000000 65.109703 88.303833 -222.235809 -0.000000 -0.000000 -1.000000 87.466904 77.272797 -222.391327 -0.000000 -0.000000 -1.000000 105.423630 56.003929 -222.514313 -0.000000 -0.000000 -1.000000 
92.844208 194.915802 -49.514313 89.000000 89.000000 89.000000

182.344208 105.415802 -49.514313 90.000000 90.000000 89.000000

182.344208 194.915802 -49.514313 90.000000 89.000000 89.000000

92.344208 194.915802 -139.014313 90.000000 89.000000 90.000000

182.344208 105.415802 -139.014313 90.000000 90.000000 90.000000

182.344208 194.915802 -139.014313 90.000000 89.000000 90.000000

92.844208 194.915802 -228.514313 89.000000 89.000000 89.000000

182.344208 105.415802 -228.514313 90.000000 90.000000 89.000000

182.344208 194.915802 -228.514313 90.000000 89.000000 89.000000

272.344208 105.415802 -228.514313 90.000000 90.000000 89.000000

272.344208 194.915802 -228.514313 90.000000 89.000000 89.000000

362.344208 105.415802 -228.514313 90.000000 90.000000 89.000000

362.344208 194.915802 -228.514313 90.000000 89.000000 89.000000

451.844208 105.415802 -228.514313 89.000000 90.000000 89.000000

451.844208 194.915802 -228.514313 89.000000 89.000000 89.000000

272.344208 105.415802 -139.014313 90.000000 90.000000 90.000000

272.344208 194.915802 -139.014313 90.000000 89.000000 90.000000

272.344208 105.415802 -49.014313 90.000000 90.000000 90.000000

272.344208 194.915802 -49.014313 90.000000 89.000000 90.000000

272.844208 105.415802 40.485687 89.000000 90.000000 89.000000

272.844208 194.915802 40.485687 89.000000 89.000000 89.000000

362.344208 105.415802 -139.014313 90.000000 90.000000 90.000000

451.844208 105.415802 -139.014313 89.000000 90.000000 90.000000

362.344208 194.915802 -139.014313 90.000000 89.000000 90.000000

451.844208 194.915802 -139.014313 89.000000 89.000000 90.000000

362.344208 105.415802 -49.014313 90.000000 90.000000 90.000000

362.344208 194.915802 -49.014313 90.000000 89.000000 90.000000

362.344208 105.915802 40.485687 90.000000 89.000000 89.000000

362.344208 194.915802 40.485687 90.000000 89.000000 89.000000

451.844208 105.415802 -49.014313 89.000000 90.000000 90.000000

451.844208 194.915802 -49.014313 89.000000 89.000000 90.000000

451.844208 105.915802 40.485687 89.000000 89.000000 89.000000

451.844208 194.915802 40.485687 89.000000 89.000000 89.000000

9
92.344208 -74.584198 -228.514313 88.000000 88.000000 89.000000
223.166428 -64.142303 -220.643478 0.000000 0.000000 1.000000 
91.844208 -74.584198 -139.014313 89.000000 88.000000 90.000000

91.844208 -74.584198 -49.014313 89.000000 88.000000 90.000000

91.844208 -74.584198 40.485687 89.000000 88.000000 89.000000

2.844208 -74.584198 -138.514313 89.000000 88.000000 89.000000
2.185253 -80.700912 -199.207855 1.000000 0.000000 0.000000 2.553869 -107.566620 -140.907562 1.000000 0.000000 0.000000 2.972604 -123.569839 -60.495052 1.000000 0.000000 0.000000 
2.844208 -74.084198 40.485687 89.000000 89.000000 89.000000

2.844208 -74.084198 -49.014313 89.000000 89.000000 90.000000
2.972604 -123.569839 -60.495052 1.000000 0.000000 0.000000 
2.344208 14.915802 -48.514313 88.000000 89.000000 89.000000

2.344208 14.915802 40.485687 88.000000 89.000000 89.000000

36
362.344208 -74.084198 -229.014313 90.000000 89.000000 88.000000
404.440430 -33.363171 -222.233917 -0.000000 -0.000000 -1.000000 223.166428 -64.142303 -222.643478 -0.000000 -0.000000 -1.000000 
451.844208 -74.084198 -229.014313 89.000000 89.000000 88.000000
440.019836 -64.187881 -177.620941 0.000000 1.000000 0.000000 404.440430 -33.363171 -222.233917 -0.000000 -0.000000 -1.000000 436.071960 -53.321732 -222.142654 -0.000000 -0.000000 -1.000000 223.166428 -64.142303 -222.643478 -0.000000 -0.000000 -1.000000 
451.844208 -74.084198 -229.014313 89.000000 89.000000 88.000000
440.019836 -64.187881 -177.620941 -0.000000 -1.000000 -0.000000 404.440430 -33.363171 -222.233917 -0.000000 -0.000000 -1.000000 436.071960 -53.321732 -222.142654 -0.000000 -0.000000 -1.000000 223.166428 -64.142303 -222.643478 -0.000000 -0.000000 -1.000000 
451.844208 -74.084198 -229.014313 89.000000 89.000000 88.000000
440.019836 -64.187881 -177.620941 -0.000000 -1.000000 -0.000000 404.440430 -33.363171 -222.233917 0.000000 0.000000 1.000000 436.071960 -53.321732 -222.142654 0.000000 0.000000 1.000000 223.166428 -64.142303 -222.643478 -0.000000 -0.000000 -1.000000 
182.344208 -74.084198 -229.014313 90.000000 89.000000 88.000000
223.166428 -64.142303 -222.643478 -0.000000 -0.000000 -1.000000 
272.344208 -74.084198 -229.014313 90.000000 89.000000 88.000000
223.166428 -64.142303 -222.643478 -0.000000 -0.000000 -1.000000 
92.344208 -74.084198 -229.014313 90.000000 89.000000 88.000000
223.166428 -64.142303 -222.643478 -0.000000 -0.000000 -1.000000 
92.344208 14.915802 -229.014313 90.000000 89.000000 88.000000
105.423630 56.003929 -223.514313 -0.000000 -0.000000 -1.000000 115.383148 21.228609 -223.616394 -0.000000 -0.000000 -1.000000 171.320770 -0.900377 -223.598633 -0.000000 -0.000000 -1.000000 117.025520 -0.029638 -133.000626 -0.000000 -1.000000 -0.000000 
92.344208 14.915802 -229.014313 90.000000 89.000000 88.000000
105.423630 56.003929 -223.514313 -0.000000 -0.000000 -1.000000 115.383148 21.228609 -223.616394 -0.000000 -0.000000 -1.000000 171.320770 -0.900377 -223.598633 -0.000000 -0.000000 -1.000000 117.025520 -0.029638 -133.000626 0.000000 1.000000 0.000000 
362.344208 14.915802 -229.014313 90.000000 89.000000 88.000000
347.876831 -17.260462 -223.341446 -0.000000 -0.000000 -1.000000 404.440430 -33.363171 -222.233917 -0.000000 -0.000000 -1.000000 
451.844208 14.915802 -229.014313 89.000000 89.000000 88.000000
404.440430 -33.363171 -222.233917 -0.000000 -0.000000 -1.000000 
182.344208 14.915802 -229.014313 90.000000 89.000000 88.000000
171.320770 -0.900377 -223.598633 -0.000000 -0.000000 -1.000000 
272.344208 14.915802 -229.014313 90.000000 89.000000 88.000000
269.223267 -6.080365 -223.467041 -0.000000 -0.000000 -1.000000 
-357.155792 14.915802 -229.014313 89.000000 89.000000 88.000000
-340.342773 -18.081028 -224.000153 0.000000 0.000000 -1.000000 -396.862610 -34.316856 -224.000580 0.000000 0.000000 -1.000000 
-267.655792 14.915802 -229.014313 90.000000 89.000000 88.000000
-261.721741 -6.716942 -223.973907 0.000000 0.000000 -1.000000 -340.342773 -18.081028 -224.000153 0.000000 0.000000 -1.000000 
-447.155792 -74.584198 -229.014313 89.000000 88.000000 88.000000
-432.462646 -65.227280 -178.461090 0.000000 -1.000000 0.000000 -396.862610 -34.316856 -224.000580 0.000000 0.000000 -1.000000 -428.448669 -54.351322 -223.972977 0.000000 0.000000 -1.000000 -218.310272 -64.665871 -222.069824 0.000000 0.000000 -1.000000 
-447.155792 -74.584198 -229.014313 89.000000 88.000000 88.000000
-432.462646 -65.227280 -178.461090 -0.000000 1.000000 -0.000000 -396.862610 -34.316856 -224.000580 0.000000 0.000000 -1.000000 -428.448669 -54.351322 -223.972977 0.000000 0.000000 -1.000000 -218.310272 -64.665871 -222.069824 0.000000 0.000000 -1.000000 
-357.655792 -74.084198 -229.014313 90.000000 89.000000 88.000000
-396.862610 -34.316856 -224.000580 0.000000 0.000000 -1.000000 -218.310272 -64.665871 -222.069824 0.000000 0.000000 -1.000000 
-267.655792 -74.084198 -229.014313 90.000000 89.000000 88.000000
-218.310272 -64.665871 -222.069824 0.000000 0.000000 -1.000000 
2.344208 15.415802 -139.514313 88.000000 88.000000 89.000000

2.344208 15.415802 -228.514313 90.000000 90.000000 89.000000

2.344208 -74.084198 -229.014313 90.000000 89.000000 88.000000
1.185253 -80.700912 -199.207855 -1.000000 -0.000000 -0.000000 -218.310272 -64.665871 -222.069824 0.000000 0.000000 -1.000000 223.166428 -64.142303 -222.643478 -0.000000 -0.000000 -1.000000 
2.344208 -74.084198 -229.014313 90.000000 89.000000 88.000000
1.185253 -80.700912 -199.207855 1.000000 0.000000 0.000000 -218.310272 -64.665871 -222.069824 0.000000 0.000000 -1.000000 223.166428 -64.142303 -222.643478 -0.000000 -0.000000 -1.000000 
2.344208 -74.084198 -229.014313 90.000000 89.000000 88.000000
1.185253 -80.700912 -199.207855 1.000000 0.000000 0.000000 -218.310272 -64.665871 -222.069824 -0.000000 -0.000000 1.000000 223.166428 -64.142303 -222.643478 -0.000000 -0.000000 -1.000000 
2.344208 194.915802 -229.014313 88.000000 89.000000 88.000000
1.556593 200.075073 -191.153198 1.000000 -0.000000 -0.000000 9.425336 197.628922 -222.979919 0.000000 0.000000 -1.000000 21.305206 178.214081 -222.977676 0.000000 0.000000 -1.000000 26.592270 148.201859 -222.946350 0.000000 0.000000 -1.000000 -6.292102 197.614075 -222.993927 -0.000000 -0.000000 -1.000000 -17.401733 178.175018 -222.017944 -0.000000 -0.000000 -1.000000 -21.504871 148.147308 -222.999863 -0.000000 -0.000000 -1.000000 
2.344208 194.915802 -229.014313 88.000000 89.000000 88.000000
1.556593 200.075073 -191.153198 1.000000 -0.000000 -0.000000 9.425336 197.628922 -222.979919 0.000000 0.000000 -1.000000 21.305206 178.214081 -222.977676 0.000000 0.000000 -1.000000 26.592270 148.201859 -222.946350 0.000000 0.000000 -1.000000 -6.292102 197.614075 -222.993927 -0.000000 -0.000000 -1.000000 -17.401733 178.175018 -222.017944 0.000000 0.000000 1.000000 -21.504871 148.147308 -222.999863 -0.000000 -0.000000 -1.000000 
2.344208 194.915802 -229.014313 88.000000 89.000000 88.000000
1.556593 200.075073 -191.153198 -1.000000 0.000000 0.000000 9.425336 197.628922 -222.979919 0.000000 0.000000 -1.000000 21.305206 178.214081 -222.977676 0.000000 0.000000 -1.000000 26.592270 148.201859 -222.946350 0.000000 0.000000 -1.000000 -6.292102 197.614075 -222.993927 -0.000000 -0.000000 -1.000000 -17.401733 178.175018 -222.017944 -0.000000 -0.000000 -1.000000 -21.504871 148.147308 -222.999863 -0.000000 -0.000000 -1.000000 
2.344208 194.915802 -229.014313 88.000000 89.000000 88.000000
1.556593 200.075073 -191.153198 -1.000000 0.000000 0.000000 9.425336 197.628922 -222.979919 0.000000 0.000000 -1.000000 21.305206 178.214081 -222.977676 0.000000 0.000000 -1.000000 26.592270 148.201859 -222.946350 0.000000 0.000000 -1.000000 -6.292102 197.614075 -222.993927 -0.000000 -0.000000 -1.000000 -17.401733 178.175018 -222.017944 0.000000 0.000000 1.000000 -21.504871 148.147308 -222.999863 -0.000000 -0.000000 -1.000000 
-87.155792 104.915802 -229.014313 89.000000 89.000000 88.000000
-57.825268 88.165192 -223.358887 0.000000 0.000000 -1.000000 -80.156975 77.077980 -223.554626 0.000000 0.000000 -1.000000 -98.064865 55.758789 -223.707336 0.000000 0.000000 -1.000000 
1.844208 105.415802 -229.014313 89.000000 90.000000 88.000000
26.592270 148.201859 -222.946350 0.000000 0.000000 -1.000000 -21.504871 148.147308 -222.999863 -0.000000 -0.000000 -1.000000 41.956585 92.364075 -222.034058 -0.000000 -0.000000 -1.000000 -34.688049 92.277893 -222.113388 0.000000 0.000000 -1.000000 29.303837 112.465622 -222.924164 0.000000 0.000000 -1.000000 -22.806837 112.404724 -222.981079 -0.000000 -0.000000 -1.000000 
1.844208 105.415802 -229.014313 89.000000 90.000000 88.000000
26.592270 148.201859 -222.946350 0.000000 0.000000 -1.000000 -21.504871 148.147308 -222.999863 -0.000000 -0.000000 -1.000000 41.956585 92.364075 -222.034058 0.000000 0.000000 1.000000 -34.688049 92.277893 -222.113388 -0.000000 -0.000000 1.000000 29.303837 112.465622 -222.924164 0.000000 0.000000 -1.000000 -22.806837 112.404724 -222.981079 -0.000000 -0.000000 -1.000000 
-177.655792 -74.084198 -229.014313 90.000000 89.000000 88.000000
-218.310272 -64.665871 -222.069824 0.000000 0.000000 -1.000000 
-87.655792 -74.084198 -229.014313 90.000000 89.000000 88.000000
-218.310272 -64.665871 -222.069824 0.000000 0.000000 -1.000000 
-177.655792 14.915802 -229.014313 90.000000 89.000000 88.000000
-163.828979 -1.301159 -223.916702 0.000000 0.000000 -1.000000 -261.721741 -6.716942 -223.973907 0.000000 0.000000 -1.000000 
-87.655792 15.415802 -229.014313 90.000000 90.000000 88.000000
-98.064865 55.758789 -223.707336 0.000000 0.000000 -1.000000 -107.940063 20.958151 -223.826752 0.000000 0.000000 -1.000000 -163.828979 -1.301159 -223.916702 0.000000 0.000000 -1.000000 -109.705574 -0.303727 -133.212860 -0.000000 -1.000000 -0.000000 
-87.655792 15.415802 -229.014313 90.000000 90.000000 88.000000
-98.064865 55.758789 -223.707336 0.000000 0.000000 -1.000000 -107.940063 20.958151 -223.826752 0.000000 0.000000 -1.000000 -163.828979 -1.301159 -223.916702 0.000000 0.000000 -1.000000 -109.705574 -0.303727 -133.212860 0.000000 1.000000 0.000000 
26
92.844208 15.915802 40.985687 89.000000 89.000000 88.000000
115.947952 0.924272 53.278564 0.000000 1.000000 0.000000 
-88.155792 15.915802 40.985687 89.000000 89.000000 88.000000
-108.982681 0.652765 53.068100 -0.000000 1.000000 -0.000000 
2.344208 105.915802 -48.514313 88.000000 89.000000 89.000000
3.490295 102.157288 -66.332809 1.000000 -0.000000 -0.000000 3.285314 123.894806 -98.542534 1.000000 -0.000000 -0.000000 23.066402 93.432114 -44.046238 0.000000 0.000000 1.000000 -17.817039 93.380234 -44.088196 -0.000000 -0.000000 1.000000 -55.047157 86.339973 -43.798706 -0.000000 -0.000000 1.000000 3.635615 97.723610 -20.543247 1.000000 0.000000 0.000000 
2.344208 105.915802 40.485687 90.000000 89.000000 89.000000
3.635615 97.723610 -20.543247 1.000000 0.000000 0.000000 3.899421 116.026527 53.801121 1.000000 0.000000 0.000000 
-267.155792 -74.084198 40.985687 89.000000 89.000000 88.000000
-242.456238 -64.838486 78.842087 -0.000000 1.000000 -0.000000 -250.517136 -64.760269 28.685186 -0.000000 1.000000 -0.000000 -263.414001 -64.713654 -17.031626 -0.000000 1.000000 -0.000000 
182.344208 -74.084198 40.985687 88.000000 89.000000 88.000000

181.844208 15.415802 40.985687 89.000000 90.000000 88.000000

-178.155792 -74.084198 40.985687 89.000000 89.000000 88.000000

-177.655792 15.415802 40.985687 90.000000 90.000000 88.000000

-267.155792 15.415802 40.985687 89.000000 90.000000 88.000000

2.344208 194.915802 -48.514313 88.000000 89.000000 89.000000

92.344208 105.415802 40.985687 90.000000 90.000000 88.000000

181.844208 105.415802 40.985687 89.000000 90.000000 88.000000

181.844208 194.915802 40.985687 89.000000 89.000000 88.000000

92.344208 194.915802 40.985687 90.000000 89.000000 88.000000

2.344208 194.915802 40.485687 90.000000 89.000000 89.000000

-87.655792 105.415802 40.985687 90.000000 90.000000 88.000000

-87.655792 194.915802 40.985687 90.000000 89.000000 88.000000

-177.655792 105.415802 40.985687 90.000000 90.000000 88.000000

-177.655792 194.915802 40.985687 90.000000 89.000000 88.000000

-267.655792 105.415802 40.985687 90.000000 90.000000 88.000000

-267.655792 194.915802 40.985687 90.000000 89.000000 88.000000

-357.655792 105.915802 40.985687 90.000000 89.000000 88.000000

-357.655792 194.915802 40.985687 90.000000 89.000000 88.000000

-447.155792 105.915802 40.985687 89.000000 89.000000 88.000000

-447.155792 194.915802 40.985687 89.000000 89.000000 88.000000

7
-357.155792 -74.584198 -139.514313 89.000000 88.000000 89.000000
-388.801086 -64.486206 -92.601364 -0.000000 1.000000 -0.000000 -416.327484 -64.343208 -115.858688 -0.000000 1.000000 -0.000000 
-178.155792 -74.584198 -139.014313 89.000000 88.000000 90.000000

-177.655792 -74.584198 -49.514313 88.000000 88.000000 89.000000

-267.655792 -74.584198 -139.514313 90.000000 88.000000 89.000000

-357.155792 -74.584198 -228.514313 89.000000 88.000000 89.000000
-396.862610 -34.316856 -222.000580 -0.000000 -0.000000 1.000000 -218.310272 -64.665871 -221.069824 -0.000000 -0.000000 1.000000 
-267.655792 -74.584198 -228.514313 90.000000 88.000000 89.000000
-218.310272 -64.665871 -221.069824 -0.000000 -0.000000 1.000000 
-178.155792 -74.584198 -228.514313 89.000000 88.000000 89.000000
-218.310272 -64.665871 -221.069824 -0.000000 -0.000000 1.000000 
10
-87.655792 14.915802 40.485687 88.000000 89.000000 89.000000
-108.982681 -1.347235 53.068100 0.000000 -1.000000 0.000000 
-87.655792 14.915802 -49.014313 88.000000 89.000000 90.000000
-103.814484 49.408978 -44.154598 -0.000000 -0.000000 1.000000 -109.963257 17.958685 -43.762283 -0.000000 -0.000000 1.000000 -109.705574 -1.303727 -133.212860 -0.000000 -1.000000 -0.000000 -108.982681 -1.347235 53.068100 0.000000 -1.000000 0.000000 
-87.655792 14.915802 -49.014313 88.000000 89.000000 90.000000
-103.814484 49.408978 -44.154598 0.000000 0.000000 -1.000000 -109.963257 17.958685 -43.762283 0.000000 0.000000 -1.000000 -109.705574 -1.303727 -133.212860 -0.000000 -1.000000 -0.000000 -108.982681 -1.347235 53.068100 0.000000 -1.000000 0.000000 
-87.655792 14.915802 -139.014313 88.000000 89.000000 90.000000
-109.705574 -1.303727 -133.212860 -0.000000 -1.000000 -0.000000 
-87.655792 14.915802 -228.514313 88.000000 89.000000 89.000000
-98.064865 55.758789 -221.707336 -0.000000 -0.000000 1.000000 -107.940063 20.958151 -221.826752 -0.000000 -0.000000 1.000000 -163.828979 -1.301159 -221.916702 -0.000000 -0.000000 1.000000 -109.705574 -1.303727 -133.212860 -0.000000 -1.000000 -0.000000 
1.844208 -74.584198 -229.014313 89.000000 88.000000 88.000000
0.185253 -80.700912 -199.207855 -1.000000 -0.000000 -0.000000 -218.310272 -64.665871 -221.069824 -0.000000 -0.000000 1.000000 223.166428 -64.142303 -222.643478 -0.000000 -0.000000 -1.000000 
-87.155792 -74.084198 -228.514313 89.000000 89.000000 89.000000
-218.310272 -64.665871 -221.069824 -0.000000 -0.000000 1.000000 
-87.655792 -74.084198 -139.014313 88.000000 89.000000 90.000000

-87.655792 -74.084198 -49.014313 88.000000 89.000000 90.000000

-87.655792 -74.084198 40.485687 88.000000 89.000000 89.000000

5
2.344208 105.915802 -138.514313 88.000000 89.000000 89.000000
1.285314 123.894806 -98.542534 -1.000000 0.000000 0.000000 1.035185 154.959473 -119.034752 -1.000000 0.000000 0.000000 
2.344208 105.415802 -49.514313 88.000000 88.000000 89.000000
1.490295 102.157288 -66.332809 -1.000000 0.000000 0.000000 1.285314 123.894806 -98.542534 -1.000000 0.000000 0.000000 23.066402 93.432114 -46.046238 -0.000000 -0.000000 -1.000000 -17.817039 93.380234 -46.088196 0.000000 0.000000 -1.000000 -55.047157 86.339973 -45.798706 0.000000 0.000000 -1.000000 1.635615 97.723610 -20.543247 -1.000000 -0.000000 -0.000000 
2.344208 194.915802 -139.514313 88.000000 89.000000 89.000000
1.035185 154.959473 -119.034752 -1.000000 0.000000 0.000000 0.782049 184.102966 -144.380280 -1.000000 0.000000 0.000000 1.556593 200.075073 -191.153198 -1.000000 0.000000 0.000000 
2.344208 195.415802 -228.514313 88.000000 88.000000 89.000000
1.556593 200.075073 -191.153198 -1.000000 0.000000 0.000000 9.425336 197.628922 -220.979919 -0.000000 -0.000000 1.000000 21.305206 178.214081 -220.977676 -0.000000 -0.000000 1.000000 26.592270 148.201859 -220.946350 -0.000000 -0.000000 1.000000 -6.292102 197.614075 -220.993927 0.000000 0.000000 1.000000 -17.401733 178.175018 -221.017944 0.000000 0.000000 1.000000 -21.504871 148.147308 -220.999863 0.000000 0.000000 1.000000 
2.344208 195.415802 -228.514313 88.000000 88.000000 89.000000
1.556593 200.075073 -191.153198 1.000000 -0.000000 -0.000000 9.425336 197.628922 -220.979919 -0.000000 -0.000000 1.000000 21.305206 178.214081 -220.977676 -0.000000 -0.000000 1.000000 26.592270 148.201859 -220.946350 -0.000000 -0.000000 1.000000 -6.292102 197.614075 -220.993927 0.000000 0.000000 1.000000 -17.401733 178.175018 -221.017944 0.000000 0.000000 1.000000 -21.504871 148.147308 -220.999863 0.000000 0.000000 1.000000 
2
92.344208 15.415802 -49.014313 88.000000 88.000000 88.000000
110.441452 49.662880 -43.950302 -0.000000 -0.000000 -1.000000 116.975739 18.231058 -43.549374 -0.000000 -0.000000 -1.000000 117.025520 0.970362 -133.000626 0.000000 1.000000 0.000000 115.947952 0.924272 53.278564 0.000000 1.000000 0.000000 
92.344208 15.415802 -49.014313 88.000000 88.000000 88.000000
110.441452 49.662880 -43.950302 0.000000 0.000000 1.000000 116.975739 18.231058 -43.549374 0.000000 0.000000 1.000000 117.025520 0.970362 -133.000626 0.000000 1.000000 0.000000 115.947952 0.924272 53.278564 0.000000 1.000000 0.000000 
2
2.344208 -74.584198 -228.514313 88.000000 88.000000 89.000000
2.185253 -80.700912 -199.207855 1.000000 0.000000 0.000000 -218.310272 -64.665871 -221.069824 -0.000000 -0.000000 1.000000 223.166428 -64.142303 -220.643478 0.000000 0.000000 1.000000 
2.344208 -74.584198 -139.514313 88.000000 88.000000 89.000000
2.185253 -80.700912 -199.207855 1.000000 0.000000 0.000000 0.553869 -107.566620 -140.907562 -1.000000 -0.000000 -0.000000 0.972604 -123.569839 -60.495052 -1.000000 -0.000000 -0.000000 
32
362.844208 -75.084198 -138.514313 89.000000 89.000000 89.000000
396.197998 -65.549286 -91.846916 -0.000000 -1.000000 -0.000000 
272.844208 -75.084198 40.485687 89.000000 89.000000 89.000000
249.526489 -66.254364 79.317841 -0.000000 -1.000000 -0.000000 257.683716 -66.153168 29.173634 -0.000000 -1.000000 -0.000000 270.667328 -66.078186 -16.521652 -0.000000 -1.000000 -0.000000 
272.844208 -75.084198 -48.514313 89.000000 89.000000 89.000000
270.667328 -66.078186 -16.521652 -0.000000 -1.000000 -0.000000 307.877563 -65.959244 -56.225533 -0.000000 -1.000000 -0.000000 
451.844208 -75.084198 -138.514313 89.000000 89.000000 89.000000
396.197998 -65.549286 -91.846916 -0.000000 -1.000000 -0.000000 423.763367 -65.340729 -115.051720 -0.000000 -1.000000 -0.000000 440.019836 -65.187881 -177.620941 -0.000000 -1.000000 -0.000000 
2.844208 -164.584198 40.485687 89.000000 88.000000 89.000000
3.288807 -131.920456 28.885201 1.000000 0.000000 0.000000 3.350783 -135.818756 114.099037 1.000000 0.000000 0.000000 
2.844208 -164.584198 -138.514313 89.000000 88.000000 89.000000
2.553869 -107.566620 -140.907562 1.000000 0.000000 0.000000 2.972604 -123.569839 -60.495052 1.000000 0.000000 0.000000 
2.844208 -164.584198 -49.014313 89.000000 88.000000 90.000000
2.972604 -123.569839 -60.495052 1.000000 0.000000 0.000000 3.288807 -131.920456 28.885201 1.000000 0.000000 0.000000 
362.344208 -75.084198 -49.014313 90.000000 89.000000 90.000000
307.877563 -65.959244 -56.225533 -0.000000 -1.000000 -0.000000 357.505066 -65.767136 -81.179779 -0.000000 -1.000000 -0.000000 396.197998 -65.549286 -91.846916 -0.000000 -1.000000 -0.000000 
451.844208 -75.084198 -49.014313 89.000000 89.000000 90.000000
396.197998 -65.549286 -91.846916 -0.000000 -1.000000 -0.000000 
92.344208 -164.584198 -138.514313 90.000000 88.000000 89.000000

92.344208 -164.584198 -49.014313 90.000000 88.000000 90.000000

92.344208 -164.584198 40.485687 90.000000 88.000000 89.000000

182.844208 -164.584198 -228.514313 89.000000 88.000000 89.000000

182.344208 -164.584198 -139.014313 90.000000 88.000000 90.000000

182.344208 -164.584198 -49.014313 90.000000 88.000000 90.000000

182.344208 -164.584198 40.485687 90.000000 88.000000 89.000000

272.344208 -164.584198 -228.514313 90.000000 88.000000 89.000000

272.344208 -164.584198 -139.014313 90.000000 88.000000 90.000000

272.344208 -164.084198 -49.014313 90.000000 89.000000 90.000000

272.344208 -164.084198 40.485687 90.000000 89.000000 89.000000

362.844208 14.915802 40.985687 89.000000 89.000000 88.000000

451.844208 14.915802 40.985687 89.000000 89.000000 88.000000

362.344208 -74.584198 40.485687 90.000000 90.000000 89.000000

362.344208 -164.584198 -228.514313 90.000000 88.000000 89.000000

362.344208 -164.084198 -139.014313 90.000000 89.000000 90.000000

362.344208 -164.084198 -49.014313 90.000000 89.000000 90.000000

362.344208 -164.084198 40.485687 90.000000 89.000000 89.000000

451.844208 -74.584198 40.485687 89.000000 90.000000 89.000000

451.844208 -164.584198 -228.514313 89.000000 88.000000 89.000000

451.844208 -164.084198 -139.014313 89.000000 89.000000 90.000000

451.844208 -164.084198 -49.014313 89.000000 89.000000 90.000000

451.844208 -164.084198 40.485687 89.000000 89.000000 89.000000

6
-268.155792 -74.584198 -48.514313 89.000000 88.000000 89.000000
-263.414001 -66.713654 -17.031626 0.000000 -1.000000 0.000000 -300.549500 -66.686646 -56.809586 0.000000 -1.000000 0.000000 
-267.655792 -74.584198 40.485687 88.000000 88.000000 89.000000
-242.456238 -66.838486 78.842087 0.000000 -1.000000 0.000000 -250.517136 -66.760269 28.685186 0.000000 -1.000000 0.000000 -263.414001 -66.713654 -17.031626 0.000000 -1.000000 0.000000 
-447.655792 -74.584198 -228.514313 88.000000 88.000000 89.000000
-432.462646 -66.227280 -178.461090 0.000000 -1.000000 0.000000 -396.862610 -34.316856 -222.000580 -0.000000 -0.000000 1.000000 -428.448669 -54.351322 -221.972977 -0.000000 -0.000000 1.000000 -218.310272 -64.665871 -221.069824 -0.000000 -0.000000 1.000000 
-447.155792 -74.584198 -139.514313 89.000000 88.000000 89.000000
-416.327484 -66.343208 -115.858688 0.000000 -1.000000 0.000000 -432.462646 -66.227280 -178.461090 0.000000 -1.000000 0.000000 
-358.155792 -74.584198 -138.514313 89.000000 88.000000 89.000000
-388.801086 -66.486206 -92.601364 0.000000 -1.000000 0.000000 -416.327484 -66.343208 -115.858688 0.000000 -1.000000 0.000000 
-357.155792 -74.584198 -49.514313 89.000000 88.000000 89.000000
-300.549500 -66.686646 -56.809586 0.000000 -1.000000 0.000000 -350.126831 -66.616348 -81.860825 0.000000 -1.000000 0.000000 -388.801086 -66.486206 -92.601364 0.000000 -1.000000 0.000000 
5
92.344208 15.415802 -228.514313 88.000000 88.000000 89.000000
105.423630 56.003929 -221.514313 0.000000 0.000000 1.000000 115.383148 21.228609 -221.616394 0.000000 0.000000 1.000000 171.320770 -0.900377 -221.598633 0.000000 0.000000 1.000000 117.025520 -1.029639 -133.000626 -0.000000 -1.000000 -0.000000 
92.344208 15.415802 40.485687 88.000000 88.000000 89.000000
115.947952 -1.075728 53.278564 -0.000000 -1.000000 -0.000000 
92.344208 15.415802 -139.014313 88.000000 88.000000 90.000000
117.025520 -1.029639 -133.000626 -0.000000 -1.000000 -0.000000 
92.344208 15.415802 -49.014313 88.000000 88.000000 90.000000
110.441452 49.662880 -43.950302 -0.000000 -0.000000 -1.000000 116.975739 18.231058 -43.549374 -0.000000 -0.000000 -1.000000 117.025520 -1.029639 -133.000626 -0.000000 -1.000000 -0.000000 115.947952 -1.075728 53.278564 -0.000000 -1.000000 -0.000000 
92.344208 15.415802 -49.014313 88.000000 88.000000 90.000000
110.441452 49.662880 -43.950302 0.000000 0.000000 1.000000 116.975739 18.231058 -43.549374 0.000000 0.000000 1.000000 117.025520 -1.029639 -133.000626 -0.000000 -1.000000 -0.000000 115.947952 -1.075728 53.278564 -0.000000 -1.000000 -0.000000 
1
92.344208 105.415802 -49.014313 88.000000 88.000000 88.000000
60.619865 86.481583 -45.686470 -0.000000 -0.000000 -1.000000 90.377533 71.936905 -45.323616 -0.000000 -0.000000 -1.000000 110.441452 49.662880 -44.950302 -0.000000 -0.000000 -1.000000 
1
2.344208 -74.584198 -49.014313 88.000000 88.000000 88.000000
0.972604 -123.569839 -60.495052 -1.000000 -0.000000 -0.000000 
1
2.344208 105.415802 40.985687 88.000000 88.000000 88.000000
1.635615 97.723610 -20.543247 -1.000000 -0.000000 -0.000000 1.899421 116.026527 53.801121 -1.000000 -0.000000 -0.000000 
1
2.344208 -74.584198 -139.014313 88.000000 88.000000 88.000000
0.185253 -80.700912 -199.207855 -1.000000 -0.000000 -0.000000 0.553869 -107.566620 -140.907562 -1.000000 -0.000000 -0.000000 0.972604 -123.569839 -60.495052 -1.000000 -0.000000 -0.000000 
1
2.344208 105.415802 -229.014313 88.000000 88.000000 88.000000
26.592270 148.201859 -220.946350 -0.000000 -0.000000 1.000000 -21.504871 148.147308 -220.999863 0.000000 0.000000 1.000000 41.956585 92.364075 -221.034058 0.000000 0.000000 1.000000 -34.688049 92.277893 -221.113388 -0.000000 -0.000000 1.000000 29.303837 112.465622 -220.924164 -0.000000 -0.000000 1.000000 -22.806837 112.404724 -220.981079 0.000000 0.000000 1.000000 
1
2.344208 105.415802 -49.014313 88.000000 88.000000 88.000000
3.490295 102.157288 -66.332809 1.000000 -0.000000 -0.000000 3.285314 123.894806 -98.542534 1.000000 -0.000000 -0.000000 23.066402 93.432114 -46.046238 -0.000000 -0.000000 -1.000000 -17.817039 93.380234 -46.088196 0.000000 0.000000 -1.000000 -55.047157 86.339973 -45.798706 0.000000 0.000000 -1.000000 3.635615 97.723610 -20.543247 1.000000 0.000000 0.000000 
1
2.344208 105.415802 -49.014313 88.000000 88.000000 88.000000
1.490295 102.157288 -66.332809 -1.000000 0.000000 0.000000 1.285314 123.894806 -98.542534 -1.000000 0.000000 0.000000 23.066402 93.432114 -44.046238 0.000000 0.000000 1.000000 -17.817039 93.380234 -44.088196 -0.000000 -0.000000 1.000000 -55.047157 86.339973 -43.798706 -0.000000 -0.000000 1.000000 1.635615 97.723610 -20.543247 -1.000000 -0.000000 -0.000000 
1
2.344208 -74.584198 -229.014313 88.000000 88.000000 88.000000
0.185253 -80.700912 -199.207855 -1.000000 -0.000000 -0.000000 -218.310272 -64.665871 -221.069824 -0.000000 -0.000000 1.000000 223.166428 -64.142303 -220.643478 0.000000 0.000000 1.000000 
1
362.344208 -74.584198 -229.014313 88.000000 88.000000 88.000000
404.440430 -33.363171 -221.233917 0.000000 0.000000 1.000000 223.166428 -64.142303 -222.643478 -0.000000 -0.000000 -1.000000 
