22
-1.000000 0.000000 0.000000 1
0.000000 1.000000 0.000000 495
0.000000 0.000000 1.000000 495
0.000000 0.000000 -1.000000 495
0.000000 1.000000 0.000000 495
0.000000 0.000000 1.000000 495
0.000000 -1.000000 0.000000 1
-1.000000 0.000000 0.000000 1
-1.000000 0.000000 0.000000 1
-1.000000 0.000000 0.000000 1
0.000000 -1.000000 0.000000 1
0.000000 -1.000000 0.000000 495
0.000000 -1.000000 0.000000 15
1.000000 0.000000 0.000000 495
-1.000000 0.000000 0.000000 107
-1.000000 0.000000 0.000000 495
-1.000000 0.000000 0.000000 191
0.000000 0.000000 1.000000 68
0.000000 0.000000 -1.000000 62
0.000000 -1.000000 0.000000 495
0.000000 1.000000 0.000000 495
1.000000 0.000000 0.000000 495
15
4
2
12
10
19
14
8
18
16
9
20
6
0
11
5
7
17
1
13
21
3
