0 0.9685329 0.2488856
0.7610722 -0.3044289 -0.5727934
0 0.4919984 -0.8705961
0 0.227244 0.9738379
-0.2757593 -0.9612268 0
-0.4659752 0.1863901 0.8649427
-0.9692678 -0.2460081 0
0 0.9693789 -0.24557
-0.3054237 0.1221695 0.9443468
0.9286815 0.3708783 0
-0.6398543 0.2559417 -0.7246243
0.969418 0.2454155 0
0.1572308 -0.06289231 -0.9855573
0.5082163 0.8612295 0
0.7581646 -0.3032659 0.5772489
-0.4781321 0.878288 0
-0.637312 -0.7706059 0
0 -0.8562764 0.516518
-0.5473186 0.8369244 0
-0.8881037 0.3552415 -0.2916768
0.7560194 -0.3024078 -0.5805035
0 0.5029284 0.8643281
-0.4633926 0.1853571 0.8665507
0.8129522 -0.3251809 0.4830799
0.5105693 0.8598366 0
-0.9976372 0.06870349 0
-0.2770444 -0.9608572 0
0.9703404 0.2417428 0
0.4692819 -0.1877128 0.8628664
0.5432435 -0.8395752 0
0 0.5027201 0.8644493
0.1231072 -0.04924288 -0.9911709
0.3120463 -0.1248185 0.941832
0.6430334 -0.2572134 -0.7213525
0 0.495302 0.8687209
0.6442567 0.7648093 0
-0.7552368 0.3020947 0.5816839
0 0.5029275 -0.8643287
-0.2412059 0.09648237 -0.9656661
0 0.5007957 -0.8655655
-0.6414695 -0.7671486 0
0.9974905 -0.07080087 0
-0.639948 -0.7684182 0
-0.5074424 -0.8616858 0
-0.9241595 -0.3820069 0
0 -0.4941224 0.8693924
0 0.8578709 -0.5138652
-0.9239661 -0.3824745 0
-0.2749758 -0.9614512 0
-0.4750723 0.8799468 0
0 0.8520251 -0.523501
0.4991645 0.8665072 0
-0.3155131 0.1262053 -0.9404913
0 0.8553119 0.5181135
-0.923808 -0.3828562 0
0 -0.1455017 0.989358
-0.2680109 -0.9634159 0
-0.4574941 0.1829976 -0.8701788
-0.7568776 0.3027511 -0.5792048
0.1125744 -0.04502976 0.9926224
-0.3235814 0.1294326 -0.9373059
-0.6319551 -0.775005 0
-0.9982884 0.05848366 0
-0.5402278 0.8415189 0
-0.9720927 -0.2345969 0
0.7607232 -0.3042893 0.5733309
0.8127713 -0.3251086 -0.4834329
0 0.3411353 -0.9400142
0.4642625 -0.185705 0.8660104
0.5062261 0.8624008 0
0 0.2954526 -0.9553574
-0.543027 0.8397152 0
0.4643807 -0.1857523 0.8659369
-0.4749757 0.8799989 0
0.2764682 0.9610231 0
0.3670421 -0.1468168 0.918545
0 -0.3891494 0.9211746
0.1129499 -0.04517996 0.992573
0 0.4006307 0.9162397
0.3714572 -0.1485829 0.9164839
-0.9980552 0.06233579 0
0.4577518 -0.1831007 -0.8700215
0 -0.4992118 -0.86648
0 -0.5021628 0.8647732
0.5436347 -0.839322 0
-0.3095169 0.1238068 0.9427997
0.9282556 0.3719431 0
0.6381282 0.7699302 0
-0.4628907 0.1851563 -0.8668618
0.9983459 -0.057493 0
0.3071315 -0.1228526 -0.9437041
0.971791 0.2358437 0
0.9975529 -0.06991532 0
0 -0.6852897 -0.7282706
0.1640316 -0.06561263 0.9842707
0 -0.8591446 0.5117329
0.6396946 0.7686293 0
-0.3088702 0.1235481 -0.9430456
0 -0.287434 -0.9578004
-0.1118023 0.04472092 0.9927237
0.2504407 -0.1001763 0.9629352
0 0.6820713 -0.7312858
-0.3202865 0.1281146 0.9386178
0 -0.8527952 -0.5222456
0 -0.3895076 -0.9210232
0.4668854 -0.1867542 0.8643731
0 -0.4007705 -0.9161785
0 -0.2287911 0.9734756
0 0.4939283 -0.8695027
0 -0.2288044 0.9734725
-0.5023904 -0.864641 0
0 -0.3289244 0.9443563
-0.4592128 0.1836851 0.869128
0 0.4943104 0.8692855
-0.9705031 -0.2410888 0
0 -0.1423303 -0.9898192
0.1560434 -0.06241736 -0.9857761
-0.2768718 -0.9609069 0
0.757282 -0.3029128 -0.5785913
0.5383229 -0.8427387 0
0.4648933 -0.1859573 -0.8656178
-0.9249412 -0.3801103 0
-0.3108653 0.1243461 0.9422849
-0.5437918 0.8392202 0
0 0.3422033 0.939626
-0.6446882 0.2578753 -0.719637
-0.4624545 0.1849818 -0.8671319
-0.5431841 0.8396136 0
0 -0.9683154 0.2497304
-0.8881977 0.3552791 -0.2913444
0 -0.4966045 0.867977
0 0.3419012 0.9397359
0 -0.3347946 -0.9422911
-0.4877201 0.8730001 0
0 -0.280701 -0.9597953
-0.9976866 0.06798171 0
-0.6420962 -0.7666242 0
0 -0.3223595 0.9466174
-0.5030447 -0.8642604 0
0.3045119 -0.1218048 0.9446884
0 0.6783307 -0.7347568
0.4799989 -0.8772691 0
0.3709882 -0.1483953 0.9167042
0.3732531 -0.1493013 -0.9156371
0 -0.348553 0.9372891
0 -0.5058174 0.8626406
0.7499366 -0.6615098 0
0 0.6785447 0.7345592
0 0.3911323 -0.9203345
-0.3021354 0.1208542 -0.9455731
0 0.2828993 -0.9591497
0 -0.3242117 -0.9459845
0 -0.9697158 -0.2442363
0 0.8536929 -0.5207767
0 0.4941575 -0.8693724
0.4639007 -0.1855603 0.8662353
-0.9677262 -0.2520039 0
-0.2538653 0.1015461 0.9618944
-0.886071 0.3544284 -0.2987618
0 -0.5024495 -0.8646066
-0.9281667 -0.3721648 0
-0.4577653 0.1831061 0.8700133
0 -0.3282812 0.9445801
0 -0.4948041 -0.8690045
0.2737543 0.9617997 0
0.3183238 -0.1273295 -0.9393919
0.4736372 -0.8807201 0
0.365764 -0.1463056 -0.9191362
0 -0.3332386 -0.9428425
0.9675767 0.2525774 0
-0.9234731 -0.3836631 0
0 -0.1379478 0.9904395
0.6345575 -0.253823 -0.7300074
0.4635376 -0.1854151 0.8664607
0.250629 -0.1002516 -0.9628784
0 -0.8517422 -0.5239611
0 -0.4006864 0.9162153
0 -0.2272246 0.9738424
0 -0.1372477 -0.9905367
0 0.3361468 0.9418096
-0.4626053 0.1850421 0.8670385
0.4810116 -0.8767142 0
-0.8841871 0.3536749 0.3051678
0.1561349 -0.06245396 -0.9857593
0 -0.3308604 0.9436797
0 0.8584474 0.5129018
0.3708707 -0.1483483 0.9167593
-0.7587332 0.3034933 -0.5763817
0.4753648 -0.8797888 0
0.5060222 0.8625205 0
0 0.8531737 0.5216269
0.2650119 0.9642451 0
