98 192
65.000000 100.000000 -50.000000
40.000000 100.000000 -50.000000
110.000000 25.000000 -75.000000
120.000000 50.000000 -75.000000
65.000000 100.000000 -0.000000
40.000000 100.000000 -0.000000
45.000000 50.000000 -100.000000
70.000000 50.000000 -100.000000
75.000000 0.000000 -25.000000
75.000000 0.000000 -0.000000
10.000000 25.000000 -100.000000
0.000000 0.000000 -100.000000
120.000000 50.000000 -25.000000
120.000000 50.000000 -50.000000
75.000000 0.000000 -50.000000
50.000000 0.000000 -50.000000
45.000000 50.000000 -0.000000
35.000000 25.000000 -0.000000
10.000000 25.000000 -25.000000
10.000000 25.000000 -0.000000
130.000000 75.000000 -25.000000
60.000000 25.000000 -0.000000
70.000000 50.000000 -0.000000
50.000000 0.000000 -25.000000
100.000000 0.000000 -25.000000
110.000000 25.000000 -25.000000
100.000000 0.000000 -0.000000
115.000000 100.000000 -25.000000
115.000000 100.000000 -0.000000
0.000000 0.000000 -75.000000
0.000000 0.000000 -50.000000
30.000000 75.000000 -50.000000
20.000000 50.000000 -25.000000
30.000000 75.000000 -25.000000
115.000000 100.000000 -100.000000
90.000000 100.000000 -100.000000
110.000000 25.000000 -100.000000
100.000000 0.000000 -100.000000
130.000000 75.000000 -50.000000
50.000000 0.000000 -75.000000
50.000000 0.000000 -100.000000
65.000000 100.000000 -25.000000
120.000000 50.000000 -100.000000
0.000000 0.000000 -0.000000
140.000000 100.000000 -25.000000
140.000000 100.000000 -50.000000
140.000000 100.000000 -100.000000
105.000000 75.000000 -0.000000
55.000000 75.000000 -100.000000
90.000000 100.000000 -0.000000
25.000000 0.000000 -100.000000
25.000000 0.000000 -75.000000
100.000000 0.000000 -75.000000
80.000000 75.000000 -100.000000
75.000000 0.000000 -100.000000
115.000000 100.000000 -50.000000
115.000000 100.000000 -75.000000
25.000000 0.000000 -25.000000
25.000000 0.000000 -50.000000
90.000000 100.000000 -25.000000
90.000000 100.000000 -50.000000
10.000000 25.000000 -75.000000
130.000000 75.000000 -0.000000
40.000000 100.000000 -25.000000
50.000000 0.000000 -0.000000
85.000000 25.000000 -0.000000
75.000000 0.000000 -75.000000
35.000000 25.000000 -100.000000
20.000000 50.000000 -0.000000
25.000000 0.000000 -0.000000
65.000000 100.000000 -100.000000
110.000000 25.000000 -50.000000
140.000000 100.000000 -0.000000
120.000000 50.000000 -0.000000
30.000000 75.000000 -75.000000
40.000000 100.000000 -75.000000
10.000000 25.000000 -50.000000
20.000000 50.000000 -50.000000
30.000000 75.000000 -100.000000
40.000000 100.000000 -100.000000
90.000000 100.000000 -75.000000
95.000000 50.000000 -0.000000
140.000000 100.000000 -75.000000
130.000000 75.000000 -100.000000
100.000000 0.000000 -50.000000
65.000000 100.000000 -75.000000
105.000000 75.000000 -100.000000
130.000000 75.000000 -75.000000
30.000000 75.000000 -0.000000
20.000000 50.000000 -100.000000
0.000000 0.000000 -25.000000
95.000000 50.000000 -100.000000
85.000000 25.000000 -100.000000
110.000000 25.000000 -0.000000
55.000000 75.000000 -0.000000
20.000000 50.000000 -75.000000
60.000000 25.000000 -100.000000
80.000000 75.000000 -0.000000
0 1
2 3
4 5
6 7
8 9
10 11
12 13
14 15
16 17
18 19
20 12
3 13
21 22
23 15
24 25
24 26
27 28
24 8
29 30
31 1
32 33
34 35
36 37
38 13
39 40
31 33
4 41
3 42
19 43
44 45
34 46
47 28
6 48
18 32
28 49
50 51
2 52
50 40
53 35
54 37
55 56
2 36
57 58
59 60
10 61
54 40
55 60
20 62
14 8
63 1
23 8
23 64
65 9
66 52
38 20
67 10
66 14
19 68
12 25
69 17
48 70
58 51
2 71
44 72
12 73
74 75
76 77
78 48
78 79
80 35
81 73
82 46
83 42
52 84
85 70
38 45
82 56
86 34
51 29
87 82
88 33
10 89
69 64
50 11
90 43
91 92
18 76
34 56
93 73
31 74
94 16
95 89
74 78
59 27
96 7
85 75
57 69
65 81
91 42
67 50
21 64
23 57
94 4
66 39
55 45
93 26
58 30
16 22
70 35
81 22
39 15
21 17
78 89
9 26
32 68
86 83
97 22
85 0
33 63
82 45
88 68
83 87
86 91
29 11
94 88
95 61
83 46
90 30
0 60
71 13
4 49
92 36
97 94
52 37
16 68
93 25
27 55
65 21
80 60
67 6
80 56
75 1
18 90
29 61
65 93
28 72
71 25
39 51
57 90
81 47
6 89
97 47
14 84
85 80
70 79
36 42
32 77
97 49
31 77
9 64
76 61
62 72
53 86
69 43
0 41
54 92
24 84
20 44
96 92
95 77
38 87
62 47
3 87
62 73
96 40
59 41
27 44
91 7
19 17
67 96
88 5
75 79
71 84
53 7
53 48
58 15
76 30
74 95
63 5
59 49
63 41
66 54
