146.589996
144.660004
144.679993
148.729996
24.269999
151.380005
149.660004
148.270004
147.739990
30.130001
92.080002
93.790001
94.410004
95.400002
95.189995
120.330002
119.900002
120.849998
120.529999
58.440002
109.019997
107.889999
108.350006
110.139999
64.810005
74.000000
72.900002
73.870003
76.380005
100.180000
99.730003
124.850006
138.560013
148.490005
147.360001
137.050003
126.080002
113.750000
103.010002
93.059998
66.500000
65.919998
64.730003
65.519997
112.649994
90.750000
90.139999
89.750000
89.029999
94.300003
88.870003
86.529999
85.790001
86.450005
88.340004
179.399994
0.960000
3.370000
3.150000
176.789993
10.910000
6.360000
5.100000
5.990000
171.520004
74.370003
51.190002
34.959999
17.680000
4.130000
173.239990
159.750000
145.479996
126.510002
73.730003
89.019997
85.519997
82.400002
79.169998
79.480003
82.489998
85.480003
87.689995
89.880005
90.320000
175.379990
172.839996
172.399994
173.970001
2.600000
92.559998
94.149994
94.849998
92.310005
90.289993
87.129997
88.950005
91.180000
91.810005
88.159996
61.619999
58.820000
59.730000
61.740002
116.400002
81.150002
60.910000
48.780003
40.889999
38.240002
42.109997
48.270000
56.240002
66.860001
81.840004
87.410004
83.870003
81.389999
80.360001
99.210007
134.120010
136.520004
139.229996
139.349991
41.450001
93.279999
92.589996
93.320000
94.070000
81.680000
72.510002
51.719997
41.019997
38.029999
37.180000
46.209999
56.959999
67.129997
76.589996
94.980003
88.119995
86.519997
85.870003
87.550003
90.280006
89.750000
87.580002
100.580002
83.619995
113.449997
68.240005
39.860001
40.650002
90.840004
90.289993
155.829987
154.539993
3.330000
2.600000
35.290001
145.809998
87.619995
88.510002
87.050003
92.250000
90.629997
90.519997
90.610001
89.419998
91.959999
90.500000
91.500000
90.769997
91.540001
90.649994
93.089996
90.970001
91.360001
90.040001
86.860001
87.240005
92.589996
88.139999
77.860001
102.650002
72.820000
107.500000
108.549995
71.070000
161.479996
18.100000
70.349998
67.889999
110.709999
109.470001
13.839999
14.500000
52.299999
126.029999
103.559998
103.559998
30.530001
148.929993
26.719999
151.939987
154.720001
24.490000
163.389999
162.399994
103.820000
102.549995
7.920000
7.150000
-0.050000
-0.090000
-0.080000
