37
1.000000 0.000000 0.000000 245
0.000000 1.000000 0.000000 245
1.000000 0.000000 0.000000 245
-1.000000 0.000000 0.000000 245
-1.000000 0.000000 0.000000 245
-1.000000 0.000000 0.000000 245
0.000000 -1.000000 0.000000 245
0.000000 -1.000000 0.000000 245
-1.000000 0.000000 0.000000 245
-1.000000 0.000000 0.000000 245
1.000000 0.000000 0.000000 245
-1.000000 0.000000 0.000000 245
0.000000 1.000000 0.000000 245
0.000000 1.000000 0.000000 89
0.000000 0.000000 -1.000000 2
-1.000000 0.000000 0.000000 245
0.000000 1.000000 0.000000 42
0.000000 1.000000 0.000000 245
-1.000000 0.000000 0.000000 245
1.000000 0.000000 0.000000 245
0.000000 0.000000 1.000000 245
-1.000000 0.000000 0.000000 245
1.000000 0.000000 0.000000 245
1.000000 0.000000 0.000000 245
0.000000 0.000000 1.000000 65
-1.000000 0.000000 0.000000 245
0.000000 -1.000000 0.000000 245
1.000000 0.000000 0.000000 245
-1.000000 0.000000 0.000000 245
-1.000000 0.000000 0.000000 245
-1.000000 0.000000 0.000000 245
1.000000 0.000000 0.000000 245
1.000000 0.000000 0.000000 245
1.000000 0.000000 0.000000 245
1.000000 0.000000 0.000000 245
1.000000 0.000000 0.000000 245
0 0 0 0
20
14
13
8
16
11
17
7
1
6
12
32
25
19
27
4
18
24
10
26
0
9
36
5
15
3
2
22
23
29
31
33
30
21
34
35
28
