-0.2817747 0.008037376 -0.959447 
-0.2810023 0.007294763 -0.9596793 
-0.2810614 0.007352272 -0.9596616 
-0.2818838 0.008142282 -0.959414 
-0.2834874 0.009677802 -0.9589272 
-0.09843998 -0.3754184 0.921613 
-0.0984036 -0.3754532 0.9216027 
-0.09829333 -0.3755585 0.9215716 
-0.09811192 -0.3757314 0.9215204 
-0.0978428 -0.3759878 0.9214445 
-0.6834955 0.6909239 0.2354953 
-0.6831715 0.691891 0.2335888 
-0.6831671 0.6920613 0.2330962 
-0.6832829 0.6917944 0.2335484 
-0.6834955 0.690924 0.2354951 
0.1514451 -0.1679941 0.9740854 
0.1478011 -0.1643793 0.9752611 
0.1477934 -0.164373 0.9752634 
0.1515016 -0.1680499 0.974067 
0.1589572 -0.1753232 0.9715937 
-0.2920546 -0.5524374 0.7807157 
-0.2942058 -0.5503701 0.7813678 
-0.294899 -0.5497031 0.7815761 
-0.2940407 -0.55053 0.7813174 
-0.2914092 -0.5530558 0.780519 
-0.6995781 -0.7105891 -0.07519054 
-0.7002953 -0.7099038 -0.07498864 
-0.7005559 -0.7096542 -0.07491572 
-0.7003021 -0.7098971 -0.07498702 
-0.699374 -0.7107838 -0.07524809 
0.7148658 -0.661576 -0.2264597 
0.7147601 -0.6606879 -0.2293675 
0.7143643 -0.6609185 -0.2299354 
0.7157297 -0.6601921 -0.2277658 
0.7149428 -0.6622985 -0.2240923 
0.7140825 -0.6623311 -0.2267235 
0.714409 -0.660755 -0.2302663 
0.7146519 -0.6601254 -0.2313158 
0.714365 -0.660918 -0.2299345 
0.711944 -0.6647639 -0.2263286 
0.2302431 0.5244114 -0.8197443 
0.2259774 0.5285257 -0.8182878 
0.2238184 0.5306098 -0.817532 
0.2239123 0.5305321 -0.8175567 
0.2263034 0.5282353 -0.8183851 
-0.6936744 0.6806564 0.2356326 
-0.6936306 0.6807938 0.2353646 
-0.6936286 0.6808249 0.2352802 
-0.6936443 0.6807893 0.235337 
-0.6936742 0.6806571 0.2356309 
-0.7047325 0.6683591 0.2380088 
-0.7048666 0.6679034 0.2388892 
-0.704864 0.6678247 0.2391168 
-0.7048148 0.6679609 0.2388815 
-0.7047327 0.6683587 0.2380095 
-0.674586 -0.5058196 -0.5376619 
-0.6724293 -0.5079451 -0.5383591 
-0.6712435 -0.5091298 -0.5387198 
-0.6710016 -0.5093637 -0.5388 
-0.6716925 -0.5086579 -0.5386059 
0.6140559 0.394392 0.6836596 
0.6178594 0.3907843 0.6823031 
0.6200196 0.3887582 0.6815004 
0.6204913 0.3883171 0.6813225 
0.6192494 0.3894769 0.6817903 
0.6987903 -0.6758024 -0.2344847 
0.6989645 -0.6746259 -0.237336 
0.6979184 -0.6753061 -0.2384773 
0.6977783 -0.6753558 -0.2387465 
0.6979277 -0.6754156 -0.2381399 
0.6978702 -0.6754938 -0.238087 
0.697897 -0.675382 -0.2383255 
0.6979128 -0.6753224 -0.2384478 
0.6979185 -0.6753061 -0.2384773 
0.6978792 -0.6753686 -0.2384156 
0.6988987 -0.6731563 -0.2416633 
0.6999542 -0.6684512 -0.2514696 
0.6971998 -0.6696204 -0.2559706 
0.6990588 -0.6688862 -0.2528003 
0.6992712 -0.6712798 -0.2457705 
0.6970664 -0.6728282 -0.2477916 
0.6966643 -0.6718637 -0.2515115 
0.6966717 -0.6711717 -0.253332 
0.6967906 -0.6705574 -0.2546282 
0.6971969 -0.6696228 -0.2559721 
0.7159014 0.64843 0.2588893 
0.7133149 0.6509074 0.2598104 
0.7120779 0.6520834 0.2602544 
0.7121301 0.6520402 0.2602197 
0.7134274 0.6508124 0.2597396 
-0.6834902 0.6891983 0.2405136 
-0.6833005 0.6898168 0.2392766 
-0.6833036 0.6899177 0.2389764 
-0.6833664 0.6897516 0.2392762 
-0.6834904 0.6891972 0.2405163 
-0.6700613 -0.7368909 0.08949476 
-0.6703866 -0.7365802 0.08961851 
-0.6708323 -0.7361535 0.08978871 
-0.6714009 -0.7356083 0.09000644 
-0.6720973 -0.7349395 0.09027346 
-0.6581373 -0.7419947 0.1276683 
-0.6564577 -0.7435865 0.127053 
-0.6561581 -0.7438694 0.1269451 
-0.6572809 -0.7428064 0.1273597 
-0.6598827 -0.7403368 0.1282816 
0.7098683 -0.665177 -0.2315739 
0.7101588 -0.664153 -0.2336135 
0.7097134 -0.6643365 -0.2344436 
0.7111351 -0.6634593 -0.232613 
0.7111737 -0.6645088 -0.229478 
0.7097104 -0.6644089 -0.2342474 
0.7098157 -0.6638268 -0.235575 
0.7098615 -0.66387 -0.2353153 
0.70971 -0.664339 -0.2344472 
0.7087116 -0.6659916 -0.2327721 
-0.6907318 0.6832578 0.2367454 
-0.6906309 0.6835821 0.2361024 
-0.6906309 0.6836431 0.2359264 
-0.6906715 0.6835309 0.2361321 
-0.6907322 0.6832563 0.2367487 
-0.4149265 -0.682225 0.602001 
-0.4157215 -0.681443 0.6023378 
-0.4160442 -0.6811246 0.6024752 
-0.4159361 -0.6812328 0.6024278 
-0.4154064 -0.6817548 0.6022026 
0.6638613 0.7375391 -0.1237902 
0.664748 0.7366827 -0.1241319 
0.6650875 0.7363541 -0.1242626 
0.6649124 0.7365237 -0.1241941 
0.6641481 0.7372626 -0.1238996 
0.6998892 -0.6749071 -0.2337853 
0.7013525 -0.6727431 -0.2356297 
0.6996845 -0.6733372 -0.2388692 
0.6999769 -0.673145 -0.2385541 
0.7005835 -0.6733073 -0.2363048 
0.6996453 -0.6736398 -0.2381295 
0.699612 -0.673678 -0.2381196 
0.6996144 -0.6735585 -0.2384503 
0.6996847 -0.6733361 -0.2388719 
0.6999329 -0.6729357 -0.2392728 
-0.7223961 -0.676677 -0.1423099 
-0.7233339 -0.6757574 -0.1419153 
-0.7235608 -0.6755345 -0.1418196 
-0.7229824 -0.6761024 -0.1420635 
-0.7214379 -0.6776141 -0.1427104 
0.7071485 -0.6695443 -0.2272696 
0.7071481 -0.6695448 -0.2272693 
0.6784763 -0.6848129 -0.2658971 
0.6784761 -0.684813 -0.265897 
0.5560278 -0.6090344 -0.5656059 
0.5868458 -0.5796811 -0.5653157 
0.6362692 -0.5361252 0.5547354 
0.5725526 -0.6053672 0.5529142 
0.6926768 -0.6730383 -0.259265 
0.6926758 -0.6730395 -0.2592643 
-0.1346173 0.07817668 0.987809 
-0.1867422 0.02852142 0.9819949 
0.1513695 -0.3246549 0.9336416 
0.1181905 -0.3562194 0.9268973 
-0.4752147 0.6305549 -0.6136543 
-0.45279 0.6520074 -0.6081675 
0.6952143 -0.6740996 -0.2495334 
0.6952178 -0.6740959 -0.2495337 
0.6981689 -0.6726843 -0.245063 
0.6981673 -0.6726863 -0.2450623 
-0.6947892 0.6873274 0.2117759 
-0.6947828 0.6873345 0.2117738 
-0.6740897 0.6969059 0.2447964 
-0.674086 0.6969109 0.2447921 
-0.711858 0.6649473 0.2260606 
-0.7118528 0.6649534 0.2260591 
-0.7017842 0.6724483 0.2351853 
-0.7017862 0.6724451 0.2351889 
-0.7131836 0.6629723 0.2276769 
-0.7131939 0.6629604 0.2276798 
-0.6825051 0.6843861 0.2565201 
-0.6825085 0.68438 0.2565272 
-0.7022533 0.6806241 0.2087849 
-0.7022533 0.6806241 0.2087849 
0.7385655 -0.6512362 -0.1743914 
0.7401733 -0.648097 -0.1792032 
-0.711148 0.6639914 0.2310494 
-0.7111502 0.6639887 0.2310503 
-0.8380855 0.5382718 0.08874779 
-0.8436727 0.5253795 0.1104203 
0.702913 0.6937138 0.157081 
0.7066264 0.6901719 0.1560188 
-0.1822552 -0.4720458 0.8625287 
-0.189711 -0.4649576 0.8647683 
0.5799712 0.356055 0.7327061 
0.5805287 0.3555115 0.7325286 
-0.7083228 -0.63429 -0.3097662 
-0.7016822 -0.6407255 -0.3116292 
0.3815746 0.6045431 -0.6992341 
0.3779198 0.6081445 -0.6980951 
-0.7130898 -0.6052115 -0.3538672 
-0.7087994 -0.609431 -0.3552426 
0.3747718 0.631195 -0.679072 
0.3726804 0.6332206 -0.6783369 
0.167664 -0.1802783 0.9692206 
0.1694213 -0.1819647 0.9685996 
0.5121821 0.1474354 0.846128 
0.510976 0.148637 0.8466467 
0.5809907 0.2937878 0.759038 
0.576969 0.2977144 0.760574 
0.2843997 -0.06635608 0.9564067 
0.2843643 -0.06632224 0.9564196 
0.3583691 0.03021119 0.933091 
0.3609464 0.02776274 0.9321733 
-0.6516128 -0.7401865 0.1659058 
-0.6521698 -0.7396471 0.1661218 
-0.187379 0.2178391 -0.9578283 
-0.1879235 0.2183688 -0.9576011 
