144
1 45
1 44
3 46
3 47
5 68
5 69
7 89
7 88
10 19
10 18
12 20
12 21
14 40
14 41
16 65
16 64
19 1
19 0
21 2
21 3
23 12
23 13
25 37
25 36
27 5
27 4
28 23
28 22
29 39
29 38
30 67
30 66
31 7
31 6
32 25
32 24
33 48
33 49
35 72
35 73
36 83
36 82
37 57
37 56
38 28
38 29
40 8
40 9
41 71
41 70
42 43
42 42
43 15
43 14
44 17
44 16
46 97
46 96
48 98
48 99
56 100
56 101
58 112
58 113
60 121
60 120
61 122
61 123
62 132
62 133
63 133
63 134
65 136
65 135
67 128
67 129
69 116
69 117
70 104
70 105
71 107
71 106
72 50
72 51
74 76
74 77
76 92
76 93
78 90
78 91
79 26
79 27
81 52
81 53
83 78
83 79
85 84
85 85
86 10
86 11
88 32
88 33
90 60
90 61
92 58
92 59
93 35
93 34
94 55
94 54
95 87
95 86
96 95
96 94
97 74
97 75
98 81
98 80
99 63
99 62
100 30
100 31
106 102
106 103
108 114
108 115
110 125
110 124
111 126
111 127
112 137
112 138
113 138
113 139
115 141
115 140
117 130
117 131
119 118
119 119
120 108
120 109
121 111
121 110
