-0.5985245 -0.4826075 0.6394203 -0.5929959 -0.4857526 0.642184 0.5929959 0.4857526 -0.642184
-0.5874388 -0.4888742 0.6449168 -0.5929959 -0.4857526 0.642184 0.5929959 0.4857526 -0.642184
0.5831527 0.3716094 -0.7223845 0.5831527 0.3716094 -0.7223845 -0.5831527 -0.3716094 0.7223845
0.5831527 0.3716095 -0.7223845 0.5831527 0.3716094 -0.7223845 -0.5831527 -0.3716094 0.7223845
0.4553836 0.5928094 0.6642311 0.4558792 0.593133 0.6636018 -0.4558792 -0.593133 -0.6636018
0.4563744 0.5934562 0.6629722 0.4558792 0.593133 0.6636018 -0.4558792 -0.593133 -0.6636018
0.7739359 -0.530836 0.3453062 0.7717422 -0.5322902 0.3479672 -0.7717422 0.5322902 -0.3479672
0.7695377 -0.5337369 0.3506233 0.7717422 -0.5322902 0.3479672 -0.7717422 0.5322902 -0.3479672
0.8107903 -0.3297603 0.4836086 0.8107903 -0.3297603 0.4836086 -0.8107903 0.3297603 -0.4836086
0.8107903 -0.3297603 0.4836086 0.8107903 -0.3297603 0.4836086 -0.8107903 0.3297603 -0.4836086
-0.5785426 -0.2857797 0.7639493 -0.5830176 -0.2844824 0.7610258 0.5830176 0.2844824 -0.7610258
-0.5874749 -0.2831766 0.7580793 -0.5830176 -0.2844824 0.7610258 0.5830176 0.2844824 -0.7610258
-0.6954178 0.3892177 -0.6040726 -0.692535 0.4213558 -0.5855379 0.692535 -0.4213558 0.5855379
-0.6886934 0.4529103 -0.5661922 -0.692535 0.4213558 -0.5855379 0.692535 -0.4213558 0.5855379
0.7775275 -0.5205418 0.3528275 0.7811207 -0.518215 0.3482867 -0.7811207 0.518215 -0.3482867
0.7846835 -0.515868 0.3437324 0.7811207 -0.518215 0.3482867 -0.7811207 0.518215 -0.3482867
0.05663794 0.8664687 0.4960084 0.05663794 0.8664687 0.4960084 -0.05663794 -0.8664687 -0.4960084
0.05663794 0.8664686 0.4960084 0.05663794 0.8664687 0.4960084 -0.05663794 -0.8664687 -0.4960084
-0.3305039 0.2238876 0.9168651 -0.3619619 0.2415521 0.9003533 0.3619619 -0.2415521 -0.9003533
-0.39285 0.2588364 0.8824242 -0.3619619 0.2415521 0.9003533 0.3619619 -0.2415521 -0.9003533
0.5738895 0.3733354 -0.7288838 0.5738895 0.3733354 -0.7288838 -0.5738895 -0.3733354 0.7288838
0.5738895 0.3733354 -0.7288838 0.5738895 0.3733354 -0.7288838 -0.5738895 -0.3733354 0.7288838
-0.1955933 0.9271463 0.3195984 -0.1954585 0.9272338 0.319427 0.1954585 -0.9272338 -0.319427
-0.1953236 0.9273211 0.3192557 -0.1954585 0.9272338 0.319427 0.1954585 -0.9272338 -0.319427
0.1735712 0.8216503 0.5429216 0.1841796 0.8280605 0.5295221 -0.1841796 -0.8280605 -0.5295221
0.1947265 0.8341949 0.5159462 0.1841796 0.8280605 0.5295221 -0.1841796 -0.8280605 -0.5295221
0.2089003 -0.6360413 -0.7428406 0.2410223 -0.6470909 -0.7233129 -0.2410223 0.6470909 0.7233129
0.2727742 -0.6571472 -0.7026747 0.2410223 -0.6470909 -0.7233129 -0.2410223 0.6470909 0.7233129
0.8100482 -0.3300861 0.4846289 0.8100481 -0.3300861 0.4846289 -0.8100481 0.3300861 -0.4846289
0.8100481 -0.3300861 0.4846289 0.8100481 -0.3300861 0.4846289 -0.8100481 0.3300861 -0.4846289
-0.05724882 -0.8665624 -0.4957744 -0.05724882 -0.8665624 -0.4957744 0.05724882 0.8665624 0.4957744
-0.05724881 -0.8665624 -0.4957744 -0.05724882 -0.8665624 -0.4957744 0.05724882 0.8665624 0.4957744
-0.5839929 -0.3712648 0.7218828 -0.5839928 -0.3712648 0.7218828 0.5839928 0.3712648 -0.7218828
-0.5839928 -0.3712648 0.7218828 -0.5839928 -0.3712648 0.7218828 0.5839928 0.3712648 -0.7218828
0.5556149 0.4575838 0.6941968 0.5558113 0.4577054 0.6939594 -0.5558113 -0.4577054 -0.6939594
0.5560076 0.4578269 0.693722 0.5558113 0.4577054 0.6939594 -0.5558113 -0.4577054 -0.6939594
-0.5800043 -0.372529 0.7244427 -0.5800043 -0.372529 0.7244427 0.5800043 0.372529 -0.7244427
-0.5800043 -0.3725291 0.7244427 -0.5800043 -0.372529 0.7244427 0.5800043 0.372529 -0.7244427
-0.2545 -0.7565813 -0.6023409 -0.2543316 -0.7564692 -0.6025527 0.2543316 0.7564692 0.6025527
-0.2541632 -0.7563571 -0.6027645 -0.2543316 -0.7564692 -0.6025527 0.2543316 0.7564692 0.6025527
-0.5200008 0.4270277 -0.7397612 -0.5170225 0.4609587 -0.7212523 0.5170225 -0.4609587 0.7212523
-0.5132672 0.494197 -0.7016596 -0.5170225 0.4609587 -0.7212523 0.5170225 -0.4609587 0.7212523
-0.8068029 0.4232326 -0.4122419 -0.8070684 0.4230579 -0.4119013 0.8070684 -0.4230579 0.4119013
-0.8073338 0.4228831 -0.4115606 -0.8070684 0.4230579 -0.4119013 0.8070684 -0.4230579 0.4119013
0.4675844 -0.1260892 -0.8749093 0.479231 -0.1308147 -0.8678854 -0.479231 0.1308147 0.8678854
0.4907783 -0.1355131 -0.8606816 0.479231 -0.1308147 -0.8678854 -0.479231 0.1308147 0.8678854
0.5688378 0.3775416 -0.730675 0.5688378 0.3775416 -0.730675 -0.5688378 -0.3775416 0.730675
0.5688378 0.3775416 -0.730675 0.5688378 0.3775416 -0.730675 -0.5688378 -0.3775416 0.730675
-0.8094022 0.3303405 -0.485534 -0.8094022 0.3303405 -0.485534 0.8094022 -0.3303405 0.485534
-0.8094022 0.3303405 -0.485534 -0.8094022 0.3303405 -0.485534 0.8094022 -0.3303405 0.485534
-0.4245549 -0.9051627 0.02082607 -0.4229653 -0.9058847 0.02175326 0.4229653 0.9058847 -0.02175326
-0.421374 -0.9066033 0.02268036 -0.4229653 -0.9058847 0.02175326 0.4229653 0.9058847 -0.02175326
-0.5931044 -0.365475 0.7173948 -0.5931045 -0.365475 0.7173948 0.5931045 0.365475 -0.7173948
-0.5931045 -0.365475 0.7173948 -0.5931045 -0.365475 0.7173948 0.5931045 0.365475 -0.7173948
0.2477347 0.7657465 0.5935148 0.2478838 0.7658383 0.5933342 -0.2478838 -0.7658383 -0.5933342
0.2480329 0.7659299 0.5931535 0.2478838 0.7658383 0.5933342 -0.2478838 -0.7658383 -0.5933342
0.151922 -0.9387237 -0.3093825 0.1687323 -0.9285129 -0.3307463 -0.1687323 0.9285129 0.3307463
0.1854005 -0.9175193 -0.3518312 0.1687323 -0.9285129 -0.3307463 -0.1687323 0.9285129 0.3307463
0.5863155 0.3672059 -0.7220762 0.5863155 0.3672059 -0.7220762 -0.5863155 -0.3672059 0.7220762
0.5863155 0.3672059 -0.7220762 0.5863155 0.3672059 -0.7220762 -0.5863155 -0.3672059 0.7220762
-0.4336294 0.4699242 -0.7688543 -0.4342319 0.4414224 -0.7852318 0.4342319 -0.4414224 0.7852318
-0.434365 0.4124435 -0.8007605 -0.4342319 0.4414224 -0.7852318 0.4342319 -0.4414224 0.7852318
-0.4383929 0.8935262 0.09706988 -0.4360694 0.8949661 0.09422947 0.4360694 -0.8949661 -0.09422947
-0.433739 0.8963921 0.09138757 -0.4360694 0.8949661 0.09422947 0.4360694 -0.8949661 -0.09422947
-0.5753741 -0.370881 0.7289665 -0.5753741 -0.370881 0.7289665 0.5753741 0.370881 -0.7289665
-0.5753741 -0.3708809 0.7289665 -0.5753741 -0.370881 0.7289665 0.5753741 0.370881 -0.7289665
0.2053113 0.7756889 0.5967863 0.2001611 0.7719997 0.6032844 -0.2001611 -0.7719997 -0.6032844
0.1949945 0.7682469 0.6097327 0.2001611 0.7719997 0.6032844 -0.2001611 -0.7719997 -0.6032844
-0.6994342 0.4064431 -0.5878741 -0.6930838 0.4559686 -0.5583256 0.6930838 -0.4559686 0.5583256
-0.6844004 0.5039592 -0.5268977 -0.6930838 0.4559686 -0.5583256 0.6930838 -0.4559686 0.5583256
-0.05746245 -0.870509 -0.4887864 -0.05746245 -0.870509 -0.4887864 0.05746245 0.870509 0.4887864
-0.05746245 -0.870509 -0.4887864 -0.05746245 -0.870509 -0.4887864 0.05746245 0.870509 0.4887864
-0.8086986 -0.1946726 0.5550758 -0.8062875 -0.1716943 0.5660578 0.8062875 0.1716943 -0.5660578
-0.8033488 -0.1486038 0.5766694 -0.8062875 -0.1716943 0.5660578 0.8062875 0.1716943 -0.5660578
0.06597988 0.8688467 0.490665 0.06597988 0.8688467 0.490665 -0.06597988 -0.8688467 -0.490665
0.06597988 0.8688467 0.490665 0.06597988 0.8688467 0.490665 -0.06597988 -0.8688467 -0.490665
-0.5981815 -0.3655656 0.7131205 -0.5981815 -0.3655656 0.7131205 0.5981815 0.3655656 -0.7131205
-0.5981815 -0.3655656 0.7131205 -0.5981815 -0.3655656 0.7131205 0.5981815 0.3655656 -0.7131205
-0.8618028 -0.192992 0.469095 -0.862425 -0.2085299 0.4612358 0.862425 0.2085299 -0.4612358
-0.8627855 -0.2240044 0.4532366 -0.862425 -0.2085299 0.4612358 0.862425 0.2085299 -0.4612358
-0.3138533 -0.7143865 -0.6254183 -0.3136409 -0.7142569 -0.6256728 0.3136409 0.7142569 0.6256728
-0.3134286 -0.7141272 -0.6259273 -0.3136409 -0.7142569 -0.6256728 0.3136409 0.7142569 0.6256728
-0.6840536 -0.2169998 -0.6964063 -0.6751939 -0.210885 -0.7068527 0.6751939 0.210885 0.7068527
-0.6661822 -0.2047226 -0.7171401 -0.6751939 -0.210885 -0.7068527 0.6751939 0.210885 0.7068527
0.5891541 0.3581623 -0.7243046 0.5891541 0.3581623 -0.7243046 -0.5891541 -0.3581623 0.7243046
0.5891541 0.3581623 -0.7243046 0.5891541 0.3581623 -0.7243046 -0.5891541 -0.3581623 0.7243046
0.5655116 0.4358243 0.7001812 0.5651096 0.43557 0.7006639 -0.5651096 -0.43557 -0.7006639
0.5647073 0.4353155 0.7011463 0.5651096 0.43557 0.7006639 -0.5651096 -0.43557 -0.7006639
-0.5843636 -0.3733494 0.7205064 -0.5843636 -0.3733494 0.7205064 0.5843636 0.3733494 -0.7205064
-0.5843636 -0.3733493 0.7205064 -0.5843636 -0.3733494 0.7205064 0.5843636 0.3733494 -0.7205064
0.5830743 0.3739939 -0.7212163 0.5830743 0.3739939 -0.7212163 -0.5830743 -0.3739939 0.7212163
0.5830743 0.3739939 -0.7212163 0.5830743 0.3739939 -0.7212163 -0.5830743 -0.3739939 0.7212163
-0.01806452 -0.4824696 0.8757265 -0.01989417 -0.453684 0.8909405 0.01989417 0.453684 -0.8909405
-0.02170266 -0.424416 0.9052072 -0.01989417 -0.453684 0.8909405 0.01989417 0.453684 -0.8909405
0.07711911 -0.8979291 -0.4333313 0.0828319 -0.8942101 -0.4399172 -0.0828319 0.8942101 0.4399172
0.08853724 -0.8904108 -0.4464636 0.0828319 -0.8942101 -0.4399172 -0.0828319 0.8942101 0.4399172
0.4437363 -0.8891117 -0.1121533 0.4439879 -0.8889472 -0.1124615 -0.4439879 0.8889472 0.1124615
0.4442393 -0.8887825 -0.1127696 0.4439879 -0.8889472 -0.1124615 -0.4439879 0.8889472 0.1124615
-0.8097947 0.3302282 -0.4849555 -0.8097948 0.3302282 -0.4849555 0.8097948 -0.3302282 0.4849555
-0.8097948 0.3302282 -0.4849556 -0.8097948 0.3302282 -0.4849555 0.8097948 -0.3302282 0.4849555
-0.5506437 -0.673104 0.4936827 -0.5484343 -0.6739878 0.4949346 0.5484343 0.6739878 -0.4949346
-0.546221 -0.6748668 0.4961829 -0.5484343 -0.6739878 0.4949346 0.5484343 0.6739878 -0.4949346
0.5402012 0.03117654 -0.8409582 0.5423753 0.03026461 -0.839591 -0.5423753 -0.03026461 0.839591
0.5445455 0.02935246 -0.8382176 0.5423753 0.03026461 -0.839591 -0.5423753 -0.03026461 0.839591
-0.8124309 0.2982854 -0.500981 -0.8124309 0.2982854 -0.500981 0.8124309 -0.2982854 0.500981
-0.8124308 0.2982854 -0.500981 -0.8124309 0.2982854 -0.500981 0.8124309 -0.2982854 0.500981
-0.5871098 -0.4186811 -0.6928262 -0.5832272 -0.4161704 -0.6976017 0.5832272 0.4161704 0.6976017
-0.5793189 -0.4136413 -0.7023465 -0.5832272 -0.4161704 -0.6976017 0.5832272 0.4161704 0.6976017
-0.8063989 0.3622299 -0.467451 -0.8063989 0.3622299 -0.467451 0.8063989 -0.3622299 0.467451
-0.8063988 0.3622299 -0.4674509 -0.8063989 0.3622299 -0.467451 0.8063989 -0.3622299 0.467451
0.4337434 -0.8939228 -0.1129982 0.4380403 -0.8911394 -0.1182841 -0.4380403 0.8911394 0.1182841
0.4423134 -0.8883079 -0.1235635 0.4380403 -0.8911394 -0.1182841 -0.4380403 0.8911394 0.1182841
0.5347805 0.1307073 -0.8348206 0.5338228 0.1310737 -0.8353759 -0.5338228 -0.1310737 0.8353759
0.5328644 0.13144 -0.83593 0.5338228 0.1310737 -0.8353759 -0.5338228 -0.1310737 0.8353759
-0.0206279 -0.8375779 -0.5459284 -0.02232848 -0.8368441 -0.5469858 0.02232848 0.8368441 0.5469858
-0.02402896 -0.8361064 -0.5480407 -0.02232848 -0.8368441 -0.5469858 0.02232848 0.8368441 0.5469858
-0.3328591 0.9204285 0.2049786 -0.3442285 0.9136026 0.2164187 0.3442285 -0.9136026 -0.2164187
-0.3554924 0.9064964 0.2277925 -0.3442285 0.9136026 0.2164187 0.3442285 -0.9136026 -0.2164187
0.831874 -0.521834 0.1888785 0.8159342 -0.5376706 0.2125131 -0.8159342 0.5376706 -0.2125131
0.7991267 -0.5529353 0.2359216 0.8159342 -0.5376706 0.2125131 -0.8159342 0.5376706 -0.2125131
0.2759917 -0.9284022 -0.2487928 0.2847666 -0.922822 -0.2594371 -0.2847666 0.922822 0.2594371
0.2934783 -0.9170374 -0.2700239 0.2847666 -0.922822 -0.2594371 -0.2847666 0.922822 0.2594371
-0.466241 -0.5788763 -0.6689706 -0.466241 -0.5788763 -0.6689706 0.466241 0.5788763 0.6689706
-0.466241 -0.5788763 -0.6689706 -0.466241 -0.5788763 -0.6689706 0.466241 0.5788763 0.6689706
-0.4565988 0.8846164 0.0947171 -0.4626034 0.8806398 0.1023313 0.4626034 -0.8806398 -0.1023313
-0.4685572 0.8765664 0.1099343 -0.4626034 0.8806398 0.1023313 0.4626034 -0.8806398 -0.1023313
-0.360685 0.9162597 0.1742832 -0.360685 0.9162596 0.1742832 0.360685 -0.9162596 -0.1742832
-0.360685 0.9162596 0.1742832 -0.360685 0.9162596 0.1742832 0.360685 -0.9162596 -0.1742832
-0.494983 0.8365334 0.234955 -0.4796426 0.8514423 0.212106 0.4796426 -0.8514423 -0.212106
-0.4638323 0.8655171 0.1890492 -0.4796426 0.8514423 0.212106 0.4796426 -0.8514423 -0.212106
0.4901336 -0.8646122 0.1105209 0.5171784 -0.8516607 0.08485565 -0.5171784 0.8516607 -0.08485565
0.5434176 -0.8373825 0.05905816 0.5171784 -0.8516607 0.08485565 -0.5171784 0.8516607 -0.08485565
0.3127519 0.7354214 0.601117 0.3061363 0.7301556 0.6108627 -0.3061363 -0.7301556 -0.6108627
0.2927522 0.7192594 0.6300492 0.3061363 0.7301556 0.6108627 -0.3061363 -0.7301556 -0.6108627
0.3127519 0.7354214 0.601117 0.3061363 0.7301556 0.6108627 -0.3061363 -0.7301556 -0.6108627
0.3531494 -0.9123383 -0.207182 0.3560208 -0.910524 -0.2102267 -0.3560208 0.910524 0.2102267
0.3588848 -0.9086908 -0.213267 0.3560208 -0.910524 -0.2102267 -0.3560208 0.910524 0.2102267
0.1756855 -0.9347168 -0.3089324 0.1840852 -0.9301828 -0.3176044 -0.1840852 0.9301828 0.3176044
0.200793 -0.9206508 -0.33479 0.1840852 -0.9301828 -0.3176044 -0.1840852 0.9301828 0.3176044
0.1756855 -0.9347168 -0.3089324 0.1840852 -0.9301828 -0.3176044 -0.1840852 0.9301828 0.3176044
0.001817173 0.8572424 0.5149098 -0.001468832 0.8545905 0.5193005 0.001468832 -0.8545905 -0.5193005
-0.004754782 0.8519069 0.5236717 -0.001468832 0.8545905 0.5193005 0.001468832 -0.8545905 -0.5193005
0.7429355 0.1692474 0.6476127 0.7429355 0.1692474 0.6476127 -0.7429355 -0.1692474 -0.6476127
0.4971721 0.629648 0.5969617 0.4971721 0.629648 0.5969617 -0.4971721 -0.629648 -0.5969617
0.1651766 0.8535225 0.4941823 0.1651766 0.8535225 0.4941823 -0.1651766 -0.8535225 -0.4941823
0.1424501 0.9415928 0.3051411 0.1424501 0.9415928 0.3051411 -0.1424501 -0.9415928 -0.3051411
-0.1107053 0.7728866 0.6248125 -0.1107053 0.7728866 0.6248125 0.1107053 -0.7728866 -0.6248125
0.2737616 0.9531372 0.1287793 0.2737616 0.9531372 0.1287793 -0.2737616 -0.9531372 -0.1287793
0.308162 0.9332591 0.1845633 0.308162 0.9332591 0.1845633 -0.308162 -0.9332591 -0.1845633
0.0932703 0.8507627 0.5172074 0.0932703 0.8507627 0.5172074 -0.0932703 -0.8507627 -0.5172074
0.2733265 0.9232647 0.2699533 0.2733265 0.9232648 0.2699533 -0.2733265 -0.9232648 -0.2699533
0.1749994 0.9404797 0.29133 0.1749994 0.9404797 0.29133 -0.1749994 -0.9404797 -0.29133
0.3517345 0.9359759 0.01522729 0.3517346 0.935976 0.01522729 -0.3517346 -0.935976 -0.01522729
0.3225986 0.9365975 0.1368043 0.3225986 0.9365975 0.1368043 -0.3225986 -0.9365975 -0.1368043
0.4032386 0.9150881 -0.003528151 0.4032386 0.9150881 -0.003528151 -0.4032386 -0.9150881 0.003528151
