122 155
0.024328 0.66777 -0.164946
0.127102 0.63177 -0.100674
0.158039 0.619235 -0.0823336
0.162327 0.580256 -0.0991359
0.158854 0.459147 -0.164417
0.154343 0.408386 -0.194145
0.143551 0.356658 -0.229603
0.0925502 0.356768 -0.27091
0.00601766 0.387568 -0.325132
-0.3303 0.457659 0.284177
-0.223789 0.411226 0.345215
-0.190954 0.392757 0.361561
-0.186425 0.354327 0.345443
-0.188125 0.230691 0.280778
-0.190803 0.171236 0.24834
-0.199248 0.104208 0.207308
-0.243788 0.0912681 0.165569
-0.353166 0.127221 0.0975288
-0.733179 0.202858 0.783757
-0.621669 0.153728 0.848086
-0.587364 0.13409 0.865375
-0.581776 0.0958315 0.850205
-0.58211 -0.0280523 0.786207
-0.586178 -0.0912709 0.750157
-0.595713 -0.16025 0.706577
-0.645779 -0.168519 0.662241
-0.755694 -0.133814 0.592087
-0.453074 0.221805 0.695025
-0.0256165 0.500092 0.151371
-0.448375 -0.0622354 0.521211
-0.0240864 0.228801 -0.0148956
-0.644873 0.261689 0.676277
-0.129019 0.581546 0.0323388
0.0280723 0.632042 -0.195496
0.0224005 0.522242 -0.260745
0.0151375 0.453481 -0.295442
-0.147699 0.269703 -0.148691
-0.664334 -0.0806748 0.475715
-0.7659 -0.0634278 0.657087
-0.761237 0.0268381 0.710774
-0.74372 0.159672 0.771982
0.123279 0.482863 -0.202472
-0.00884572 0.348558 0.0509181
-0.492057 0.0297648 0.673057
-0.627861 -0.0200797 0.777504
0.0265146 0.452331 -0.315974
0.160277 0.539959 -0.479668
0.248093 0.597354 -0.58723
0.335453 0.645889 -0.700057
0.443851 0.670225 -0.864492
0.51783 0.705921 -0.963755
0.277612 0.585968 -0.569226
0.31318 0.572537 -0.547233
0.474788 0.65879 -0.845624
0.517815 0.643564 -0.819166
0.584832 0.619952 -0.777591
0.0387459 0.44744 -0.309
0.0574759 0.440029 -0.298461
0.0704397 0.43498 -0.290947
0.0903723 0.427367 -0.279438
0.222224 0.515957 -0.436997
0.450177 0.614656 -0.67916
0.709092 0.703118 -0.943989
0.8079771 0.784797 -1.08318
0.842561 0.844757 -1.17453
0.704859 0.758316 -1.0286
0.575475 0.675549 -0.893672
0.717397 0.796351 -1.09853
0.781186 0.867499 -1.21746
0.6156679 0.760516 -1.05003
0.386119 0.640109 -0.712954
0.177967 0.521553 -0.445859
-0.0486011 0.701011 -0.206909
-0.108679 0.728059 -0.241892
-0.117695 0.694508 -0.266654
-0.130205 0.577087 -0.337341
-0.132638 0.525477 -0.365825
-0.129131 0.467916 -0.392729
-0.0423772 0.408301 -0.353506
-0.405511 0.487023 0.237884
-0.469433 0.50638 0.194967
-0.478767 0.473607 0.170554
-0.493667 0.355356 0.0979928
-0.499199 0.297066 0.0638483
-0.50024 0.227016 0.0272456
-0.424978 0.159127 0.0548937
-0.812262 0.233501 0.73533
-0.879653 0.253348 0.690519
-0.889971 0.221579 0.665833
-0.905953 0.10408 0.592474
-0.91023 0.0409465 0.556299
-0.909976 -0.0320272 0.518575
-0.823824 -0.102362 0.552761
-0.740893 0.339239 0.522844
-0.298587 0.611468 -0.011928
-0.757987 0.0640903 0.335991
-0.313791 0.347004 -0.188206
-0.0364141 0.548014 -0.298472
-0.306095 0.469839 -0.126905
-0.814291 0.16124 0.480287
-0.848107 0.0658382 0.652637
0.218362 0.610142 -0.604671
0.182812 0.625728 -0.625223
0.412765 0.684096 -0.882728
0.370421 0.703702 -0.907342
0.304237 0.734438 -0.945451
0.0145643 0.457306 -0.323466
-0.00359567 0.464947 -0.334996
-0.0162411 0.470347 -0.342803
-0.0355693 0.478753 -0.35478
0.0943807 0.568119 -0.513477
0.266161 0.689737 -0.789244
0.440591 0.81267 -1.10461
0.562711 0.884869 -1.22991
0.655719 0.920991 -1.28631
0.537869 0.826451 -1.1285
0.428032 0.735708 -0.981877
0.609211 0.840492 -1.16325
0.720738 0.892163 -1.25362
0.584052 0.773416 -1.06894
0.3263 0.664516 -0.74874
0.118142 0.545963 -0.481649
19 20
18 19
20 21
21 22
20 27
11 27
18 31
9 31
18 40
39 40
18 86
86 87
22 23
23 24
22 43
13 43
22 44
39 44
10 11
9 10
11 12
12 13
11 28
2 28
9 32
0 32
9 79
79 80
38 39
26 38
39 100
89 100
87 88
88 89
87 93
80 93
24 25
25 26
24 29
15 29
13 14
14 15
13 42
4 42
1 2
0 1
2 3
3 4
0 33
33 34
0 72
72 73
80 81
81 82
80 94
73 94
26 37
17 37
26 92
91 92
89 90
90 91
89 99
82 99
15 16
16 17
15 30
6 30
4 5
5 6
4 41
34 41
34 35
8 35
34 97
75 97
73 74
74 75
82 83
83 84
82 98
75 98
17 36
8 36
17 85
84 85
91 95
84 95
6 7
7 8
8 78
77 78
75 76
76 77
84 96
77 96
46 47
45 46
47 48
48 49
45 56
56 57
45 106
106 107
51 70
53 70
51 71
57 71
101 120
103 120
101 121
107 121
57 58
58 59
107 108
108 109
50 69
68 69
50 119
118 119
52 60
59 60
52 61
55 61
102 110
109 110
102 111
105 111
67 68
66 67
117 118
116 117
55 62
62 63
63 64
64 65
65 66
105 112
112 113
113 114
114 115
115 116
54 66
49 50
104 116
54 55
53 54
49 53
49 103
103 104
104 105
51 52
47 51
47 101
101 102
