208
1 0
1 1
2 1
2 2
3 2
3 3
4 3
4 4
6 10
6 11
7 11
7 12
8 12
8 13
9 13
9 14
11 18
11 19
12 17
12 18
13 16
13 17
14 15
14 16
16 8
16 9
17 7
17 8
18 6
18 7
19 5
19 6
21 20
21 21
22 21
22 22
23 22
23 23
24 23
24 24
26 30
26 31
27 31
27 32
28 32
28 33
29 33
29 34
31 50
31 51
32 51
32 52
33 52
33 53
34 53
34 54
36 143
36 142
38 144
38 145
40 28
40 29
41 27
41 28
42 26
42 27
43 25
43 26
45 40
45 41
46 41
46 42
47 42
47 43
48 43
48 44
50 55
50 56
51 56
51 57
52 57
52 58
53 58
53 59
55 68
55 69
56 67
56 68
57 66
57 67
58 65
58 66
60 48
60 49
61 47
61 48
62 46
62 47
63 45
63 46
65 70
65 71
66 71
66 72
67 72
67 73
68 73
68 74
70 80
70 81
71 81
71 82
72 82
72 83
73 83
73 84
75 88
75 89
76 87
76 88
77 86
77 87
78 85
78 86
80 78
80 79
81 77
81 78
82 76
82 77
83 75
83 76
85 120
85 121
86 122
86 123
87 128
87 129
88 132
88 133
89 136
89 137
91 138
91 139
92 134
92 135
94 130
94 131
96 124
96 125
97 126
97 127
99 114
99 115
100 110
100 111
101 104
101 105
102 100
102 101
103 102
103 103
104 106
104 107
105 108
105 109
106 112
106 113
107 116
107 117
108 118
108 119
110 63
110 64
111 62
111 63
112 61
112 62
113 60
113 61
114 147
114 146
115 149
115 148
116 35
116 36
117 36
117 37
118 37
118 38
119 38
119 39
120 90
120 91
121 91
121 92
122 92
122 93
123 93
123 94
124 95
124 96
125 96
125 97
126 97
126 98
127 98
127 99
