140
92 -0.5630592 0.4989203 -0.6588193
93 0.5630592 -0.4989203 0.6588193
0 0.005219053 -0.899659 0.4365621
1 -0.005219053 0.899659 -0.4365621
94 0.3946762 0.4136992 -0.8204167
95 -0.3946762 -0.4136992 0.8204167
2 0.004812692 -0.9019043 0.4319091
3 -0.004812692 0.9019043 -0.4319091
96 0.5549732 0.8318005 0.01061133
97 -0.5549732 -0.8318005 -0.01061133
4 -0.003292349 0.9003737 -0.4351051
5 0.003292349 -0.9003737 0.4351051
98 -0.410421 0.8943899 0.1778238
99 0.410421 -0.8943899 -0.1778238
6 -0.003409162 0.9011837 -0.4334239
7 0.003409162 -0.9011837 0.4334239
100 -0.8209233 -0.2246294 -0.5250015
101 0.8209233 0.2246294 0.5250015
8 -0.004481664 -0.8975526 0.4408846
9 0.004481664 0.8975526 -0.4408846
102 0.5908256 -0.3593976 -0.7223285
103 -0.5908256 0.3593976 0.7223285
10 0.002671163 -0.8950049 0.4460483
11 -0.002671163 0.8950049 -0.4460483
104 -0.8782752 -0.2284393 -0.4200572
105 0.8782752 0.2284393 0.4200572
12 0.007399383 -0.8973083 0.4413422
13 -0.007399383 0.8973083 -0.4413422
106 0.7316955 -0.1736832 -0.6591326
107 -0.7316955 0.1736832 0.6591326
14 -0.004574327 0.898797 -0.4383412
15 0.004574327 -0.898797 0.4383412
108 0.5052599 -0.04304913 -0.8618928
109 -0.5052599 0.04304913 0.8618928
16 0.3284309 0.6514731 0.6838977
17 -0.3284309 -0.6514731 -0.6838977
18 0.005965814 -0.8992372 0.4374207
19 -0.005965814 0.8992372 -0.4374207
110 -0.668579 0.684593 -0.2904043
111 0.668579 -0.684593 0.2904043
20 0.002622633 0.9003063 -0.4352489
21 -0.002622633 -0.9003063 0.4352489
112 -0.8352976 -0.2134497 -0.5066726
113 0.8352976 0.2134497 0.5066726
22 -0.00506953 -0.8999569 0.4359494
23 0.00506953 0.8999569 -0.4359494
114 0.5735018 -0.4428605 -0.6891809
115 -0.5735018 0.4428605 0.6891809
24 9.591764E-06 -0.9020066 0.4317222
25 -9.591764E-06 0.9020066 -0.4317222
116 0.869006 0.2289379 0.4386526
117 -0.869006 -0.2289379 -0.4386526
26 0.002475594 0.9021183 -0.4314819
27 -0.002475594 -0.9021183 0.4314819
118 -0.6027938 0.1892895 0.7751188
119 0.6027938 -0.1892895 -0.7751188
28 0.8197411 0.2530916 0.5137793
29 -0.8197411 -0.2530916 -0.5137793
30 0.006297397 0.9028082 -0.4299973
31 -0.006297397 -0.9028082 0.4299973
120 -0.8441302 -0.2115901 -0.4926193
121 0.8441302 0.2115901 0.4926193
32 -0.007734139 -0.9009327 0.43389
33 0.007734139 0.9009327 -0.43389
122 0.5286071 -0.5325468 -0.6610359
123 -0.5286071 0.5325468 0.6610359
34 0.007397523 -0.897105 0.4417553
35 -0.007397523 0.897105 -0.4417553
124 -0.8819594 -0.2275755 -0.4127434
125 0.8819594 0.2275755 0.4127434
36 -0.009324207 0.8996776 -0.4364555
37 0.009324207 -0.8996776 0.4364555
126 -0.5517942 0.1861511 0.8129396
127 0.5517942 -0.1861511 -0.8129396
38 0.007182164 0.9026559 -0.4303032
39 -0.007182164 -0.9026559 0.4303032
128 0.0006674438 -0.9028246 0.4300085
129 -0.0006674438 0.9028246 -0.4300085
40 0.8097023 0.3749115 0.4514681
41 -0.8097023 -0.3749115 -0.4514681
42 -0.752408 -0.2909541 -0.5909551
43 0.752408 0.2909541 0.5909551
44 0.9633971 0.1173906 0.2410091
45 -0.9633971 -0.1173906 -0.2410091
46 -0.5908878 -0.4069081 -0.6966185
47 0.5908878 0.4069081 0.6966185
48 -0.9913304 0.1312716 -0.005635657
49 0.9913304 -0.1312716 0.005635657
130 0.4565813 -0.8174862 -0.3510694
131 -0.4565813 0.8174862 0.3510694
50 0.826928 0.2481983 0.5045668
51 -0.826928 -0.2481983 -0.5045668
52 0.9546888 0.01717935 -0.2971095
53 -0.9546888 -0.01717935 0.2971095
132 0.5514078 -0.5424407 -0.633804
133 -0.5514078 0.5424407 0.633804
54 -0.8267903 -0.2872551 -0.4836344
55 0.8267903 0.2872551 0.4836344
134 -0.4558547 -0.2168537 0.8632328
135 0.4558547 0.2168537 -0.8632328
56 0.6462182 0.3338229 0.6862683
57 -0.6462182 -0.3338229 -0.6862683
58 -0.8149675 -0.1531195 -0.5589118
59 0.8149675 0.1531195 0.5589118
136 0.5594684 -0.3624363 -0.7454093
137 -0.5594684 0.3624363 0.7454093
60 0.5728036 -0.3589127 -0.736938
61 -0.5728036 0.3589127 0.736938
62 0.4007324 -0.3970694 -0.8256811
63 -0.4007324 0.3970694 0.8256811
64 0.8033386 -0.2717205 -0.5299199
65 -0.8033386 0.2717205 0.5299199
66 -0.8802007 0.218594 0.421264
67 0.8802007 -0.218594 -0.421264
68 0.5684779 -0.4328477 -0.6996255
69 -0.5684779 0.4328477 0.6996255
70 -0.0722875 0.9398038 -0.3339812
71 0.0722875 -0.9398038 0.3339812
72 -0.5410278 -0.3843581 -0.748036
73 0.5410278 0.3843581 0.748036
74 0.8002746 -0.2540963 -0.5431352
75 -0.8002746 0.2540963 0.5431352
76 -0.5876826 0.3495025 0.7297103
77 0.5876826 -0.3495025 -0.7297103
78 -0.5670733 0.3570095 0.742275
79 0.5670733 -0.3570095 -0.742275
138 -0.5604271 0.3592634 0.7462247
139 0.5604271 -0.3592634 -0.7462247
80 0.5737383 -0.3574158 -0.7369385
81 -0.5737383 0.3574158 0.7369385
82 -0.5727589 0.3546282 0.7390441
83 0.5727589 -0.3546282 -0.7390441
84 0.5756018 -0.3540805 -0.7370953
85 -0.5756018 0.3540805 0.7370953
86 -0.5756267 0.3560528 0.7361252
87 0.5756267 -0.3560528 -0.7361252
88 -0.5581391 0.3873063 0.7338083
89 0.5581391 -0.3873063 -0.7338083
90 -0.5591915 0.3879106 0.7326871
91 0.5591915 -0.3879106 -0.7326871
