142 184
-0.389616 0.94172 -1.08371E-13
-0.3779 0.947563 0.0117715
-0.327658 0.930747 0.0611933
-0.176882 0.846909 0.208671
0.0149289 0.682194 0.39482
0.0726912 0.611718 0.450348
0.13444 0.516376 0.509172
0.144134 0.496445 0.518269
0.154775 0.469623 0.528141
0.140605 0.348386 0.51098
0.0870117 0.147977 0.45262
0.101258 0.0574139 0.464513
0.136472 -0.0912135 0.495635
0.137564 -0.110771 0.496237
0.13651 -0.124318 0.494925
0.114964 -0.254922 0.470425
0.0857655 -0.38407 0.437691
0.110945 -0.454268 0.460969
0.148416 -0.613999 0.494297
0.172084 -0.645556 0.517009
0.25224 -0.748825 0.593877
0.284877 -0.805114 0.624723
0.292687 -0.877853 0.630378
0.26196 -0.860092 0.600323
0.230588 -0.842061 0.56958
0.0519716 -0.739694 0.394808
-0.0843585 -0.661678 0.261669
-0.12954 -0.571059 0.219326
-0.110569 -0.479541 0.240684
-0.121961 -0.427313 0.230702
-0.135463 -0.390455 0.218246
-0.183303 -0.0135257 0.180487
-0.121815 0.247139 0.248215
-0.00992145 0.486538 0.365402
-0.0155704 0.625301 0.363314
-0.1906 0.785336 0.193596
-0.347788 0.891963 0.0402554
-0.383225 0.927574 0.00598462
0.0371602 -0.391152 0.449179
-0.000180589 -0.404509 0.454261
-0.125366 -0.464613 0.540218
-0.174631 -0.457197 0.486056
-0.170236 -0.406468 0.299156
-0.397508 0.935091 0.0128024
-0.372199 0.895404 0.0645123
-0.229652 0.793125 0.235646
-0.0674656 0.652377 0.447357
-0.0634416 0.489137 0.554565
-0.235663 0.204071 0.521758
-0.282806 0.0776827 0.513642
-0.307417 -0.0685115 0.525847
-0.291611 -0.233915 0.538861
-0.228318 -0.367918 0.517342
-0.155721 -0.496609 0.471859
-0.144804 -0.530817 0.459897
-0.177123 -0.562811 0.454935
-0.262782 -0.618413 0.451271
0.100952 -0.613752 0.537562
0.0664685 -0.599177 0.515471
-0.0801795 -0.555938 0.492068
-0.151055 -0.494145 0.330775
0.0467011 -0.481528 0.499022
-0.129767 -0.671843 0.582277
0.0562744 -0.8089179 0.763401
0.0989788 -0.857896 0.80404
0.111695 -0.892258 0.815598
0.0794306 -0.8822669 0.783775
0.0432929 -0.864765 0.748238
-0.164166 -0.75369 0.544815
-0.271523 -0.686788 0.440206
-0.282874 -0.638683 0.430654
0.237588 -0.881109 0.686392
0.0607163 0.383458 0.570918
-0.0306279 0.151744 0.544244
0.00280154 0.028194 0.538351
-0.022298 0.421119 0.582984
-0.204983 0.182263 0.581275
-0.118545 0.0256819 0.560937
0.0412139 0.147917 0.49432
-0.149007 0.166919 0.592189
-0.228475 0.19607 0.547267
-0.192954 0.237354 0.350625
0.114213 -0.787897 0.714883
0.0484209 -0.832144 0.759626
0.158548 -0.849649 0.638899
-0.151468 -0.66982 0.326082
-0.027647 0.676282 0.432466
-0.0540766 0.630927 0.409521
-0.35326 0.920877 0.0739434
-0.362407 0.891824 0.0541917
0.0965801 -0.389643 0.389312
0.101451 -0.401929 0.351865
0.187915 -0.45666 0.224581
0.133201 -0.449382 0.17591
-0.0546001 -0.403532 0.182651
-0.376708 0.935619 -0.00815348
-0.323811 0.896632 0.01576
-0.149047 0.795171 0.154435
0.0674016 0.655801 0.311476
0.178716 0.495285 0.310587
0.151756 0.213907 0.131427
0.146459 0.088581 0.0811503
0.162151 -0.05659 0.0527492
0.17945 -0.221956 0.064259
0.161808 -0.358013 0.124283
0.120149 -0.489606 0.193915
0.109139 -0.52437 0.204045
0.104732 -0.555655 0.170962
0.1018 -0.609157 0.083947
0.190961 -0.611466 0.446875
0.168064 -0.596598 0.413111
0.142436 -0.550287 0.26778
-0.0206172 -0.490834 0.199357
0.148503 -0.478943 0.396455
0.235146 -0.662579 0.214622
0.421112 -0.799655 0.395821
0.463304 -0.848647 0.436976
0.475822 -0.883013 0.448733
0.443507 -0.873024 0.416961
0.407259 -0.855525 0.381535
0.199489 -0.744458 0.178425
0.0923938 -0.677549 0.0735536
0.0815449 -0.629431 0.0634961
0.347992 -0.878306 0.575158
0.198875 0.386966 0.431721
0.177153 0.15702 0.334901
0.174807 0.0325609 0.365053
0.209317 0.426999 0.349628
0.212042 0.19285 0.161116
0.19647 0.0336796 0.243553
0.128188 0.150125 0.406693
0.223775 0.176383 0.216604
0.177515 0.206377 0.138226
-0.0197743 0.241751 0.176144
0.372736 -0.781334 0.454416
0.417862 -0.822764 0.387408
0.299148 -0.84608 0.497242
-0.0206017 -0.666498 0.194232
0.0523249 0.678312 0.351893
0.0301943 0.633067 0.324617
-0.314868 0.921851 0.0352632
-0.333965 0.892546 0.0255359
0 1
1 2
0 37
36 37
0 43
43 44
0 95
95 96
2 3
3 4
2 88
44 88
2 140
96 140
35 36
34 35
36 89
44 89
36 141
96 141
44 45
45 46
96 97
97 98
4 5
5 6
4 86
46 86
4 138
98 138
33 34
32 33
34 87
46 87
34 139
98 139
46 47
47 48
98 99
99 100
6 7
7 8
6 75
75 76
6 127
127 128
31 32
30 31
32 81
48 81
32 133
100 133
48 49
49 50
50 51
51 52
41 52
48 80
76 80
100 101
101 102
102 103
103 104
93 104
100 132
128 132
8 9
9 10
8 72
72 73
8 124
124 125
76 77
14 77
76 79
73 79
128 129
14 129
128 131
125 131
29 30
28 29
30 42
41 42
30 94
93 94
40 41
39 40
41 53
53 54
92 93
91 92
93 105
105 106
10 11
11 12
10 78
73 78
10 130
125 130
73 74
12 74
125 126
12 126
13 14
12 13
14 15
15 16
27 28
26 27
28 60
54 60
28 112
106 112
38 39
16 38
39 61
58 61
54 55
55 56
54 59
58 59
90 91
16 90
91 113
110 113
106 107
107 108
106 111
110 111
16 17
17 18
25 26
24 25
26 85
69 85
26 137
121 137
57 58
18 57
56 62
62 63
56 70
69 70
109 110
18 109
108 114
114 115
108 122
121 122
18 19
19 20
23 24
22 23
24 84
67 84
24 136
119 136
68 69
67 68
120 121
119 120
63 64
64 65
63 82
20 82
63 83
67 83
115 116
116 117
115 134
20 134
115 135
119 135
20 21
21 22
22 71
65 71
22 123
117 123
66 67
65 66
118 119
117 118
