148
96 0 0 0
97 0 0 0
0 0 0.9475594 0.3195798
1 0 -0.9475594 -0.3195798
2 0 -0.8134376 0.5816522
3 0 0.8134376 -0.5816522
4 -0.943711 -0.330771 0
5 0.943711 0.330771 0
6 -0.9437056 -0.1479322 -0.2958644
7 0.9437056 0.1479322 0.2958644
98 0.6479362 -0.4004466 0.6479362
99 -0.6479362 0.4004466 -0.6479362
8 -0.9236197 0.1714216 0.3428431
9 0.9236197 -0.1714216 -0.3428431
10 -0.9221202 -0.3869036 0
11 0.9221202 0.3869036 0
100 0 0 0
101 0 0 0
12 -0.9180301 -0.177325 -0.35465
13 0.9180301 0.177325 0.35465
14 0.9222996 0.1728372 0.3456744
15 -0.9222996 -0.1728372 -0.3456744
16 -0.9448957 0.3273717 0
17 0.9448957 -0.3273717 0
18 0 0.6960636 0.7179801
19 0 -0.6960636 -0.7179801
102 -0.4653412 0.7529378 0.4653411
103 0.4653412 -0.7529378 -0.4653411
20 0 0.8061717 0.5916817
21 0 -0.8061717 -0.5916817
22 -0.9241143 -0.3821164 0
23 0.9241143 0.3821164 0
104 0 0 0
105 0 0 0
24 -0.9233389 -0.1717238 -0.3434477
25 0.9233389 0.1717238 0.3434477
26 0.9180729 0.1772806 0.3545612
27 -0.9180729 -0.1772806 -0.3545612
28 0.9453917 -0.3259365 0
29 -0.9453917 0.3259365 0
30 0 0.7183239 0.6957089
31 0 -0.7183239 -0.6957089
106 0.6479362 0.4004466 -0.6479362
107 -0.6479362 -0.4004466 0.6479362
32 0.9200012 -0.3919156 0
33 -0.9200012 0.3919156 0
34 0 -0.8122587 0.5832973
35 0 0.8122587 -0.5832973
108 0 0 0
109 0 0 0
36 0 -0.7666201 0.642101
37 0 0.7666201 -0.642101
38 -0.05959808 -0.9982225 0
39 0.05959808 0.9982225 0
40 0 0.7616392 -0.6480014
41 0 -0.7616392 0.6480014
42 -0.9444958 0.3285235 0
43 0.9444958 -0.3285235 0
110 0 0 0
111 0 0 0
44 -0.921724 -0.3878464 0
45 0.921724 0.3878464 0
46 0.9703417 -0.1081083 -0.2162165
47 -0.9703417 0.1081083 0.2162165
112 0 0 0
113 0 0 0
48 0 0.8111808 0.5847954
49 0 -0.8111808 -0.5847954
50 0.3155991 -0.4243577 -0.8487154
51 -0.3155991 0.4243577 0.8487154
114 0 0 0
115 0 0 0
52 -0.9187945 -0.3947361 0
53 0.9187945 0.3947361 0
54 0 -0.7679595 0.6404985
55 0 0.7679595 -0.6404985
56 -0.9710183 0.1068864 0.2137729
57 0.9710183 -0.1068864 -0.2137729
116 0.4653411 -0.7529378 -0.4653411
117 -0.4653411 0.7529378 0.4653411
58 0 -0.8059807 0.5919418
59 0 0.8059807 -0.5919418
118 0 0 0
119 0 0 0
60 0.9673491 0.1133452 0.2266905
61 -0.9673491 -0.1133452 -0.2266905
62 0.9209942 -0.3895765 0
63 -0.9209942 0.3895765 0
120 0 0 0
121 0 0 0
64 0.06399909 0.99795 0
65 -0.06399909 -0.99795 0
66 0 -0.764678 0.6444126
67 0 0.764678 -0.6444126
122 0 0 0
123 0 0 0
68 0 0.7212058 -0.6927209
69 0 -0.7212058 0.6927209
70 0.9187162 -0.1766129 -0.3532258
71 -0.9187162 0.1766129 0.3532258
72 -0.9193139 0.1759898 0.3519795
73 0.9193139 -0.1759898 -0.3519795
74 0.9453601 0.3260283 0
75 -0.9453601 -0.3260283 0
124 0 0 0
125 0 0 0
76 -0.3226897 -0.4232898 -0.8465797
77 0.3226897 0.4232898 0.8465797
78 -0.943877 0.1477133 0.2954266
79 0.943877 -0.1477133 -0.2954266
126 0.4653411 0.7529378 0.4653411
127 -0.4653411 -0.7529378 -0.4653411
80 0.9193521 -0.1759499 -0.3518998
81 -0.9193521 0.1759499 0.3518998
128 -0.4653412 -0.7529378 -0.4653411
129 0.4653412 0.7529378 0.4653411
82 0.9230261 -0.3847374 0
83 -0.9230261 0.3847374 0
84 0 0.8048878 0.5934271
85 0 -0.8048878 -0.5934271
130 0 0 0
131 0 0 0
86 -0.945433 -0.3258165 0
87 0.945433 0.3258165 0
88 0 -0.6942088 0.7197737
89 0 0.6942088 -0.7197737
132 -0.6479362 0.4004466 -0.6479362
133 0.6479362 -0.4004466 0.6479362
90 0 0.9133391 0.4071999
91 0 -0.9133391 -0.4071999
134 -0.6479362 -0.4004466 0.6479362
135 0.6479362 0.4004466 -0.6479362
92 -0.9217566 0.3877689 0
93 0.9217566 -0.3877689 0
136 0 0 0
137 0 0 0
138 0 0 0
139 0 0 0
94 0.9690348 0.110428 0.220856
95 -0.9690348 -0.110428 -0.220856
140 0 0 0
141 0 0 0
142 0 0 0
143 0 0 0
144 0 0 0
145 0 0 0
146 0 0 0
147 0 0 0
