26 48
0.000000 100.000000 -100.000000
-50.000000 100.000000 -100.000000
50.000000 0.000000 -50.000000
50.000000 -100.000000 -0.000000
-50.000000 0.000000 50.000000
-50.000000 -100.000000 100.000000
0.000000 -100.000000 50.000000
50.000000 -100.000000 50.000000
0.000000 -100.000000 -0.000000
-50.000000 100.000000 -50.000000
-50.000000 100.000000 -0.000000
-50.000000 -100.000000 50.000000
0.000000 100.000000 -50.000000
50.000000 0.000000 50.000000
0.000000 0.000000 50.000000
-50.000000 -100.000000 -0.000000
50.000000 100.000000 -0.000000
-50.000000 0.000000 -50.000000
50.000000 -100.000000 100.000000
50.000000 100.000000 -100.000000
-50.000000 0.000000 0.000000
50.000000 0.000000 -0.000000
0.000000 100.000000 -0.000000
0.000000 0.000000 -50.000000
50.000000 100.000000 -50.000000
0.000000 -100.000000 100.000000
0 1
2 3
4 5
6 7
8 3
9 10
11 5
9 12
13 14
8 15
4 10
13 16
17 1
13 18
2 19
0 19
9 1
11 20
13 21
8 6
22 12
4 20
8 23
22 14
2 21
9 20
2 23
7 3
24 12
25 18
14 4
24 19
17 20
17 15
11 6
0 12
0 23
7 18
24 21
24 16
6 25
22 10
25 5
25 14
11 15
22 16
17 23
7 21
