0.222222 0.000000 0.071796 0.222222 0.000000 0.060810 0.259259 0.079365 0.268326 0.222222 0.000000 0.077350 0.259259 0.074074 0.268496 0.259259 0.079365 0.262459 0.259259 0.074074 0.269475 0.407407 0.050505 0.447310 0.222222 0.000000 0.071784 0.259259 0.074074 0.269475 0.222222 0.000000 0.083088 0.259259 0.074074 0.285190 
0.259259 0.074074 0.285190 0.259259 0.074074 0.285530 0.370370 0.106173 0.400528 0.296296 0.172840 0.345704 0.296296 0.129630 0.341523 0.296296 0.132716 0.337972 0.296296 0.129630 0.343209 0.296296 0.256173 0.339484 0.259259 0.074074 0.285191 0.296296 0.064815 0.343209 0.296296 0.064815 0.337491 0.333333 0.115226 0.388428 
0.259259 0.074074 0.293431 0.333333 0.057613 0.399746 0.370370 0.155556 0.403452 0.333333 0.211248 0.385846 0.296296 0.129630 0.350520 0.333333 0.211248 0.381280 0.333333 0.392318 0.368140 0.333333 0.172839 0.371646 0.259259 0.074074 0.293431 0.296296 0.376543 0.349280 0.333333 0.282579 0.372891 0.333333 0.211248 0.385846 
0.333333 0.115226 0.376379 0.444444 0.173868 0.408454 0.370370 0.155556 0.371278 0.333333 0.172839 0.426379 0.333333 0.174211 0.420973 0.407407 0.236813 0.367274 0.333333 0.231824 0.407178 0.333333 0.429355 0.349241 0.333333 0.172839 0.384382 0.370370 0.208642 0.415710 0.370370 0.261728 0.420482 0.259259 0.195767 0.369690 
0.370370 0.208642 0.431934 0.444444 0.217078 0.404780 0.481481 0.284900 0.406273 0.259259 0.148148 0.393086 0.370370 0.245679 0.402736 0.481481 0.203229 0.406273 0.444444 0.263375 0.404461 0.370370 0.360494 0.401787 0.370370 0.207407 0.419232 0.333333 0.272977 0.395276 0.481481 0.282051 0.401480 0.259259 0.148148 0.396999 
0.407407 0.189675 0.422833 0.481481 0.244065 0.406827 0.518519 0.225750 0.391316 0.444444 0.262346 0.403383 0.481481 0.283001 0.390415 0.481481 0.243115 0.401711 0.444444 0.219136 0.379944 0.444444 0.263375 0.396304 0.407407 0.236813 0.413813 0.518519 0.224868 0.350093 0.555556 0.245268 0.347257 0.481481 0.242165 0.370481 
0.407407 0.239057 0.409943 0.444444 0.262346 0.401175 0.518519 0.263668 0.380876 0.518519 0.261905 0.334274 0.518519 0.299824 0.387343 0.481481 0.244065 0.351590 0.518519 0.299824 0.394745 0.629630 0.217139 0.330010 0.481481 0.242165 0.401618 0.444444 0.219136 0.368544 0.518519 0.225749 0.346257 0.518519 0.224868 0.298310 
0.629630 0.216412 0.295661 0.444444 0.219136 0.299289 0.555556 0.244444 0.298984 0.555556 0.210700 0.299939 0.592593 0.262346 0.289203 0.481481 0.202279 0.303211 0.481481 0.243115 0.299655 0.666667 0.261317 0.291729 0.518519 0.187831 0.303646 0.592593 0.294753 0.292200 0.629630 0.185911 0.294810 0.518519 0.187831 0.350795 
0.518519 0.187831 0.303339 0.629630 0.249092 0.351459 0.666667 0.347737 0.301238 0.666667 0.264060 0.347111 0.592593 0.229167 0.346013 0.666667 0.292867 0.351559 0.666667 0.234568 0.283636 0.666667 0.264060 0.349217 0.518519 0.224868 0.353088 0.555556 0.244444 0.301034 0.592593 0.351852 0.306253 0.666667 0.264060 0.300490 
0.629630 0.279593 0.353775 0.703704 0.252112 0.363347 0.629630 0.249092 0.340419 0.740741 0.312346 0.315661 0.629630 0.306463 0.356783 0.703704 0.306693 0.361220 0.703704 0.278103 0.307056 0.740741 0.289506 0.359399 0.666667 0.264060 0.374372 0.740741 0.290741 0.352750 0.703704 0.300195 0.357058 0.703704 0.278103 0.314200 
0.666667 0.288066 0.321758 0.592593 0.395062 0.379673 0.666667 0.295610 0.344676 0.703704 0.333983 0.316772 0.592593 0.266204 0.346791 0.703704 0.363223 0.358413 0.740741 0.290741 0.275481 0.629630 0.314452 0.292856 0.703704 0.329435 0.316969 0.740741 0.319753 0.335341 0.703704 0.306693 0.325708 0.703704 0.306043 0.294493 
0.703704 0.333983 0.300467 0.592593 0.266204 0.306854 0.777778 0.353322 0.296592 0.629630 0.341322 0.268742 0.703704 0.363223 0.254518 0.666667 0.339506 0.299383 0.666667 0.323731 0.316394 0.740741 0.345679 0.363243 0.629630 0.374001 0.372215 0.666667 0.294924 0.290068 0.592593 0.300154 0.307710 0.666667 0.325789 0.303981 
