16
27
-1.500000 58.000000 -51.500000 53.000000 52.000000 53.000000
35.369167 35.364628 -49.992073 0.500008 0.499992 0.707107 -35.356823 35.365810 -49.993484 -0.500023 0.499977 0.707107 1.004337 70.730621 0.006062 1.000000 0.000000 0.000000 
-1.500000 58.000000 -51.500000 53.000000 52.000000 53.000000
35.369167 35.364628 -49.992073 0.500008 0.499992 0.707107 -35.356823 35.365810 -49.993484 0.500023 -0.499977 -0.707107 1.004337 70.730621 0.006062 1.000000 0.000000 0.000000 
-1.500000 58.000000 2.000000 53.000000 52.000000 54.000000
1.004337 70.730621 0.006062 1.000000 0.000000 0.000000 
-1.500000 58.000000 55.500000 53.000000 52.000000 53.000000
35.367928 35.370426 50.003185 0.500006 0.499994 -0.707107 -35.359951 35.369072 50.001850 -0.499983 0.500017 -0.707107 1.004337 70.730621 0.006062 1.000000 0.000000 0.000000 
-1.500000 58.000000 55.500000 53.000000 52.000000 53.000000
35.367928 35.370426 50.003185 0.500006 0.499994 -0.707107 -35.359951 35.369072 50.001850 0.499983 -0.500017 0.707107 1.004337 70.730621 0.006062 1.000000 0.000000 0.000000 
51.500000 57.500000 -51.500000 53.000000 53.000000 53.000000
35.369167 35.364628 -49.992073 0.500008 0.499992 0.707107 
51.500000 57.500000 2.000000 53.000000 53.000000 54.000000

51.500000 57.500000 55.500000 53.000000 53.000000 53.000000
35.367928 35.370426 50.003185 0.500006 0.499994 -0.707107 
52.000000 4.000000 55.500000 52.000000 54.000000 53.000000
35.367928 35.370426 50.003185 0.500006 0.499994 -0.707107 35.371292 -35.356567 50.006088 -0.500021 0.499979 -0.707107 70.732758 0.004437 0.005051 -1.000000 -0.000000 -0.000000 
52.000000 4.000000 55.500000 52.000000 54.000000 53.000000
35.367928 35.370426 50.003185 -0.500006 -0.499994 0.707107 35.371292 -35.356567 50.006088 0.500021 -0.499979 0.707107 70.732758 0.004437 0.005051 -1.000000 -0.000000 -0.000000 
52.000000 -49.500000 55.500000 52.000000 53.000000 53.000000
35.371292 -35.356567 50.006088 0.500021 -0.499979 0.707107 
52.000000 4.000000 55.500000 52.000000 54.000000 53.000000
35.367928 35.370426 50.003185 -0.500006 -0.499994 0.707107 35.371292 -35.356567 50.006088 0.500021 -0.499979 0.707107 70.732758 0.004437 0.005051 1.000000 0.000000 0.000000 
52.000000 4.000000 55.500000 52.000000 54.000000 53.000000
35.367928 35.370426 50.003185 0.500006 0.499994 -0.707107 35.371292 -35.356567 50.006088 -0.500021 0.499979 -0.707107 70.732758 0.004437 0.005051 1.000000 0.000000 0.000000 
52.000000 4.000000 55.500000 52.000000 54.000000 53.000000
35.367928 35.370426 50.003185 0.500006 0.499994 -0.707107 35.371292 -35.356567 50.006088 0.500021 -0.499979 0.707107 70.732758 0.004437 0.005051 1.000000 0.000000 0.000000 
-1.500000 -50.000000 1.500000 53.000000 52.000000 53.000000
0.006220 -70.721268 0.006840 1.000000 0.000000 0.000000 
52.000000 4.000000 -51.500000 52.000000 54.000000 53.000000
35.369167 35.364628 -49.992073 0.500008 0.499992 0.707107 35.367683 -35.360260 -49.994198 -0.500023 0.499977 0.707107 70.732758 0.004437 0.005051 -1.000000 -0.000000 -0.000000 
52.000000 4.000000 2.000000 52.000000 54.000000 54.000000
70.732758 0.004437 0.005051 1.000000 0.000000 0.000000 
52.000000 4.000000 -51.500000 52.000000 54.000000 53.000000
35.369167 35.364628 -49.992073 0.500008 0.499992 0.707107 35.367683 -35.360260 -49.994198 -0.500023 0.499977 0.707107 70.732758 0.004437 0.005051 1.000000 0.000000 0.000000 
51.500000 -49.500000 2.000000 53.000000 53.000000 54.000000

-1.500000 -50.000000 -51.500000 53.000000 52.000000 53.000000
-35.358307 -35.359077 -49.995605 0.499998 0.500002 -0.707107 35.367683 -35.360260 -49.994198 0.500023 -0.499977 -0.707107 0.006220 -70.721268 0.006840 -1.000000 -0.000000 -0.000000 
-1.500000 -50.000000 -51.500000 53.000000 52.000000 53.000000
-35.358307 -35.359077 -49.995605 -0.499998 -0.500002 0.707107 35.367683 -35.360260 -49.994198 0.500023 -0.499977 -0.707107 0.006220 -70.721268 0.006840 -1.000000 -0.000000 -0.000000 
52.000000 4.000000 -51.500000 52.000000 54.000000 53.000000
35.369167 35.364628 -49.992073 -0.500008 -0.499992 -0.707107 35.367683 -35.360260 -49.994198 0.500023 -0.499977 -0.707107 70.732758 0.004437 0.005051 -1.000000 -0.000000 -0.000000 
51.500000 -49.500000 -51.500000 53.000000 53.000000 53.000000
35.367683 -35.360260 -49.994198 0.500023 -0.499977 -0.707107 
52.000000 4.000000 -51.500000 52.000000 54.000000 53.000000
35.369167 35.364628 -49.992073 -0.500008 -0.499992 -0.707107 35.367683 -35.360260 -49.994198 0.500023 -0.499977 -0.707107 70.732758 0.004437 0.005051 1.000000 0.000000 0.000000 
52.000000 4.000000 -51.500000 52.000000 54.000000 53.000000
35.369167 35.364628 -49.992073 0.500008 0.499992 0.707107 35.367683 -35.360260 -49.994198 0.500023 -0.499977 -0.707107 70.732758 0.004437 0.005051 1.000000 0.000000 0.000000 
-1.500000 -50.000000 -51.500000 53.000000 52.000000 53.000000
-35.358307 -35.359077 -49.995605 0.499998 0.500002 -0.707107 35.367683 -35.360260 -49.994198 0.500023 -0.499977 -0.707107 0.006220 -70.721268 0.006840 1.000000 0.000000 0.000000 
-1.500000 -50.000000 -51.500000 53.000000 52.000000 53.000000
-35.358307 -35.359077 -49.995605 -0.499998 -0.500002 0.707107 35.367683 -35.360260 -49.994198 0.500023 -0.499977 -0.707107 0.006220 -70.721268 0.006840 1.000000 0.000000 0.000000 
10
51.500000 4.500000 -52.000000 53.000000 53.000000 52.000000
34.869160 34.864635 -50.699181 -0.500008 -0.499992 -0.707107 34.867661 -34.860283 -49.287090 -0.500023 0.499977 0.707107 69.732758 0.004437 0.005051 -1.000000 -0.000000 -0.000000 
-2.500000 -49.500000 -52.000000 53.000000 53.000000 52.000000
-34.858307 -34.859077 -50.702713 0.499998 0.500002 -0.707107 34.867661 -34.860283 -49.287090 -0.500023 0.499977 0.707107 -0.993780 -70.721268 0.006840 -1.000000 -0.000000 -0.000000 
-2.000000 4.000000 1.500000 52.000000 52.000000 53.000000

-2.000000 4.000000 -51.500000 54.000000 54.000000 53.000000

-55.500000 -49.500000 -52.000000 53.000000 53.000000 52.000000
-34.858307 -34.859077 -50.702713 0.499998 0.500002 -0.707107 
-55.500000 4.000000 -52.000000 53.000000 54.000000 52.000000
-34.856800 34.865833 -50.700592 0.500023 -0.499977 -0.707107 -34.858307 -34.859077 -50.702713 0.499998 0.500002 -0.707107 -69.721115 0.004264 0.002306 1.000000 0.000000 0.000000 
-2.000000 57.500000 -52.000000 54.000000 53.000000 52.000000
34.869160 34.864635 -50.699181 -0.500008 -0.499992 -0.707107 -34.856800 34.865833 -50.700592 0.500023 -0.499977 -0.707107 0.004337 70.730621 0.006062 1.000000 0.000000 0.000000 
51.500000 57.500000 -52.000000 53.000000 53.000000 52.000000
34.869160 34.864635 -50.699181 -0.500008 -0.499992 -0.707107 
-55.500000 57.500000 -52.000000 53.000000 53.000000 52.000000
-34.856800 34.865833 -50.700592 0.500023 -0.499977 -0.707107 
-2.000000 57.500000 -52.000000 54.000000 53.000000 52.000000
34.869160 34.864635 -50.699181 -0.500008 -0.499992 -0.707107 -34.856800 34.865833 -50.700592 0.500023 -0.499977 -0.707107 0.004337 70.730621 0.006062 -1.000000 -0.000000 -0.000000 
8
-2.500000 4.000000 56.000000 53.000000 54.000000 52.000000

-2.500000 -49.500000 56.000000 53.000000 53.000000 52.000000
-34.856621 -34.857887 50.711861 0.499966 0.500034 0.707107 35.871315 -35.856544 50.713196 0.500021 -0.499979 0.707107 1.006220 -70.721268 0.006840 1.000000 0.000000 0.000000 
-55.500000 -49.500000 56.000000 53.000000 53.000000 52.000000
-34.856621 -34.857887 50.711861 0.499966 0.500034 0.707107 
-55.500000 4.000000 56.000000 53.000000 54.000000 52.000000
-34.859966 34.869057 50.708958 0.499983 -0.500017 0.707107 -34.856621 -34.857887 50.711861 0.499966 0.500034 0.707107 -69.721115 0.004264 0.002306 1.000000 0.000000 0.000000 
-55.500000 57.500000 56.000000 53.000000 53.000000 52.000000
-34.859966 34.869057 50.708958 0.499983 -0.500017 0.707107 
-2.000000 57.500000 56.000000 54.000000 53.000000 52.000000
34.867920 34.870434 50.710293 -0.500006 -0.499994 0.707107 -34.859966 34.869057 50.708958 0.499983 -0.500017 0.707107 0.004337 70.730621 0.006062 -1.000000 -0.000000 -0.000000 
-2.000000 57.500000 56.000000 54.000000 53.000000 52.000000
34.867920 34.870434 50.710293 -0.500006 -0.499994 0.707107 -34.859966 34.869057 50.708958 0.499983 -0.500017 0.707107 0.004337 70.730621 0.006062 1.000000 0.000000 0.000000 
51.500000 58.000000 56.000000 53.000000 52.000000 52.000000
34.867920 34.870434 50.710293 -0.500006 -0.499994 0.707107 
9
-2.500000 -50.000000 -52.000000 53.000000 52.000000 52.000000
-35.858307 -35.859077 -49.288498 -0.499998 -0.500002 0.707107 34.867661 -34.860283 -49.287090 -0.500023 0.499977 0.707107 -0.993780 -70.721268 0.006840 -1.000000 -0.000000 -0.000000 
-2.500000 -50.000000 56.000000 53.000000 52.000000 52.000000
-35.356586 -35.357922 50.004753 -0.499966 -0.500034 -0.707107 35.371292 -35.356567 50.006088 -0.500021 0.499979 -0.707107 -0.993780 -70.721268 0.006840 -1.000000 -0.000000 -0.000000 
-2.500000 -50.000000 56.000000 53.000000 52.000000 52.000000
-35.356586 -35.357922 50.004753 -0.499966 -0.500034 -0.707107 35.371292 -35.356567 50.006088 0.500021 -0.499979 0.707107 -0.993780 -70.721268 0.006840 -1.000000 -0.000000 -0.000000 
-2.500000 -50.000000 56.000000 53.000000 52.000000 52.000000
-35.356586 -35.357922 50.004753 0.499966 0.500034 0.707107 35.371292 -35.356567 50.006088 0.500021 -0.499979 0.707107 -0.993780 -70.721268 0.006840 -1.000000 -0.000000 -0.000000 
-56.000000 3.500000 -52.000000 52.000000 53.000000 52.000000
-34.856800 34.865833 -50.700592 0.500023 -0.499977 -0.707107 -35.858307 -35.859077 -49.288498 -0.499998 -0.500002 0.707107 -69.721115 0.004264 0.002306 1.000000 0.000000 0.000000 
-56.000000 3.500000 56.000000 52.000000 53.000000 52.000000
-34.859966 34.869057 50.708958 0.499983 -0.500017 0.707107 -35.356586 -35.357922 50.004753 -0.499966 -0.500034 -0.707107 -69.721115 0.004264 0.002306 1.000000 0.000000 0.000000 
-55.500000 -49.500000 -51.500000 53.000000 53.000000 53.000000
-35.858307 -35.859077 -49.288498 -0.499998 -0.500002 0.707107 
-56.000000 -50.000000 2.000000 52.000000 52.000000 54.000000

-55.500000 -49.500000 55.500000 53.000000 53.000000 53.000000
-35.356586 -35.357922 50.004753 -0.499966 -0.500034 -0.707107 
5
-56.000000 4.500000 -52.000000 52.000000 53.000000 52.000000
-35.856846 35.865788 -49.286377 -0.500023 0.499977 0.707107 -34.858307 -34.859077 -50.702713 0.499998 0.500002 -0.707107 -69.721115 0.004264 0.002306 1.000000 0.000000 0.000000 
-56.000000 4.500000 56.000000 52.000000 53.000000 52.000000
-35.859936 35.869087 49.294743 -0.499983 0.500017 -0.707107 -34.856621 -34.857887 50.711861 0.499966 0.500034 0.707107 -69.721115 0.004264 0.002306 1.000000 0.000000 0.000000 
-56.000000 57.500000 -51.500000 52.000000 53.000000 53.000000
-35.856846 35.865788 -49.286377 -0.500023 0.499977 0.707107 
-56.000000 58.000000 2.000000 52.000000 52.000000 54.000000

-56.000000 57.500000 55.500000 52.000000 53.000000 53.000000
-35.859936 35.869087 49.294743 -0.499983 0.500017 -0.707107 
9
-56.000000 4.000000 55.500000 52.000000 52.000000 53.000000
-35.359951 35.369072 50.001850 0.499983 -0.500017 0.707107 -35.356586 -35.357922 50.004753 0.499966 0.500034 0.707107 -71.721115 0.004264 0.002306 -1.000000 -0.000000 -0.000000 
-56.000000 4.000000 55.500000 52.000000 52.000000 53.000000
-35.359951 35.369072 50.001850 -0.499983 0.500017 -0.707107 -35.356586 -35.357922 50.004753 0.499966 0.500034 0.707107 -71.721115 0.004264 0.002306 -1.000000 -0.000000 -0.000000 
-56.000000 4.000000 55.500000 52.000000 52.000000 53.000000
-35.359951 35.369072 50.001850 -0.499983 0.500017 -0.707107 -35.356586 -35.357922 50.004753 -0.499966 -0.500034 -0.707107 -71.721115 0.004264 0.002306 -1.000000 -0.000000 -0.000000 
-56.000000 4.000000 55.500000 52.000000 52.000000 53.000000
-35.359951 35.369072 50.001850 0.499983 -0.500017 0.707107 -35.356586 -35.357922 50.004753 -0.499966 -0.500034 -0.707107 -71.721115 0.004264 0.002306 -1.000000 -0.000000 -0.000000 
-56.000000 4.000000 2.000000 52.000000 52.000000 54.000000
-71.721115 0.004264 0.002306 -1.000000 -0.000000 -0.000000 
-56.000000 4.000000 -51.500000 52.000000 52.000000 53.000000
-35.356823 35.365810 -49.993484 0.500023 -0.499977 -0.707107 -35.358307 -35.359077 -49.995605 0.499998 0.500002 -0.707107 -71.721115 0.004264 0.002306 -1.000000 -0.000000 -0.000000 
-56.000000 4.000000 -51.500000 52.000000 52.000000 53.000000
-35.356823 35.365810 -49.993484 -0.500023 0.499977 0.707107 -35.358307 -35.359077 -49.995605 0.499998 0.500002 -0.707107 -71.721115 0.004264 0.002306 -1.000000 -0.000000 -0.000000 
-56.000000 4.000000 -51.500000 52.000000 52.000000 53.000000
-35.356823 35.365810 -49.993484 0.500023 -0.499977 -0.707107 -35.358307 -35.359077 -49.995605 -0.499998 -0.500002 0.707107 -71.721115 0.004264 0.002306 -1.000000 -0.000000 -0.000000 
-56.000000 4.000000 -51.500000 52.000000 52.000000 53.000000
-35.356823 35.365810 -49.993484 -0.500023 0.499977 0.707107 -35.358307 -35.359077 -49.995605 -0.499998 -0.500002 0.707107 -71.721115 0.004264 0.002306 -1.000000 -0.000000 -0.000000 
2
-2.000000 -50.000000 56.000000 52.000000 52.000000 52.000000
-34.856621 -34.857887 50.711861 0.499966 0.500034 0.707107 34.871269 -34.856590 49.298981 -0.500021 0.499979 -0.707107 0.006220 -70.721268 0.006840 -1.000000 -0.000000 -0.000000 
-2.000000 -50.000000 56.000000 52.000000 52.000000 52.000000
-34.856621 -34.857887 50.711861 0.499966 0.500034 0.707107 34.871269 -34.856590 49.298981 -0.500021 0.499979 -0.707107 0.006220 -70.721268 0.006840 1.000000 0.000000 0.000000 
3
52.000000 -49.500000 56.000000 52.000000 53.000000 52.000000
34.871269 -34.856590 49.298981 -0.500021 0.499979 -0.707107 
52.000000 4.000000 2.500000 52.000000 52.000000 53.000000
69.732758 0.004437 0.005051 -1.000000 -0.000000 -0.000000 
52.000000 3.500000 55.500000 52.000000 53.000000 53.000000
34.867920 34.870434 50.710293 -0.500006 -0.499994 0.707107 34.871269 -34.856590 49.298981 -0.500021 0.499979 -0.707107 69.732758 0.004437 0.005051 -1.000000 -0.000000 -0.000000 
5
-2.000000 58.000000 -51.500000 52.000000 52.000000 53.000000
35.369167 35.364628 -49.992073 -0.500008 -0.499992 -0.707107 -35.856846 35.865788 -49.286377 -0.500023 0.499977 0.707107 -0.995663 70.730621 0.006062 -1.000000 -0.000000 -0.000000 
-2.000000 58.000000 -51.500000 52.000000 52.000000 53.000000
35.369167 35.364628 -49.992073 0.500008 0.499992 0.707107 -35.856846 35.865788 -49.286377 -0.500023 0.499977 0.707107 -0.995663 70.730621 0.006062 -1.000000 -0.000000 -0.000000 
-2.000000 58.000000 2.000000 52.000000 52.000000 54.000000
-0.995663 70.730621 0.006062 -1.000000 -0.000000 -0.000000 
-2.000000 58.000000 55.500000 52.000000 52.000000 53.000000
35.367928 35.370426 50.003185 -0.500006 -0.499994 0.707107 -35.859936 35.869087 49.294743 -0.499983 0.500017 -0.707107 -0.995663 70.730621 0.006062 -1.000000 -0.000000 -0.000000 
-2.000000 58.000000 55.500000 52.000000 52.000000 53.000000
35.367928 35.370426 50.003185 0.500006 0.499994 -0.707107 -35.859936 35.869087 49.294743 -0.499983 0.500017 -0.707107 -0.995663 70.730621 0.006062 -1.000000 -0.000000 -0.000000 
3
-56.000000 4.000000 55.500000 52.000000 52.000000 53.000000
-35.859936 35.869087 49.294743 -0.499983 0.500017 -0.707107 -35.856552 -35.857956 49.297646 -0.499966 -0.500034 -0.707107 -69.721115 0.004264 0.002306 1.000000 0.000000 0.000000 
-56.000000 4.000000 -51.500000 52.000000 52.000000 53.000000
-35.856846 35.865788 -49.286377 -0.500023 0.499977 0.707107 -35.858307 -35.859077 -49.288498 -0.499998 -0.500002 0.707107 -69.721115 0.004264 0.002306 1.000000 0.000000 0.000000 
-56.000000 4.000000 2.000000 52.000000 52.000000 54.000000
-69.721115 0.004264 0.002306 1.000000 0.000000 0.000000 
1
-2.000000 -50.000000 2.000000 52.000000 52.000000 52.000000
-0.993780 -70.721268 0.006840 -1.000000 -0.000000 -0.000000 
1
-2.000000 -50.000000 -52.000000 52.000000 52.000000 52.000000
-34.858307 -34.859077 -50.702713 0.499998 0.500002 -0.707107 34.867661 -34.860283 -49.287090 -0.500023 0.499977 0.707107 1.006220 -70.721268 0.006840 1.000000 0.000000 0.000000 
1
52.000000 -50.000000 -52.000000 52.000000 52.000000 52.000000
34.867661 -34.860283 -49.287090 -0.500023 0.499977 0.707107 
1
-2.000000 -50.000000 -52.000000 52.000000 52.000000 52.000000
-35.858307 -35.859077 -49.288498 -0.499998 -0.500002 0.707107 34.867661 -34.860283 -49.287090 -0.500023 0.499977 0.707107 1.006220 -70.721268 0.006840 1.000000 0.000000 0.000000 
1
-2.000000 -50.000000 56.000000 52.000000 52.000000 52.000000
-35.856552 -35.857956 49.297646 -0.499966 -0.500034 -0.707107 35.871315 -35.856544 50.713196 0.500021 -0.499979 0.707107 1.006220 -70.721268 0.006840 1.000000 0.000000 0.000000 
1
-2.000000 -50.000000 56.000000 52.000000 52.000000 52.000000
-35.856552 -35.857956 49.297646 -0.499966 -0.500034 -0.707107 34.871269 -34.856590 49.298981 -0.500021 0.499979 -0.707107 1.006220 -70.721268 0.006840 1.000000 0.000000 0.000000 
