16
1.000000 0.000000 0.000000 1
0.000000 0.000000 -1.000000 1
0.000000 0.000000 1.000000 81
0.000000 -1.000000 0.000000 81
-1.000000 0.000000 0.000000 81
-1.000000 0.000000 0.000000 81
1.000000 0.000000 0.000000 81
-1.000000 0.000000 0.000000 46
-1.000000 0.000000 0.000000 81
1.000000 0.000000 0.000000 49
-1.000000 0.000000 0.000000 81
-1.000000 0.000000 0.000000 81
0.000000 0.000000 1.000000 37
1.000000 0.000000 0.000000 81
1.000000 0.000000 0.000000 81
1.000000 0.000000 0.000000 81
2
5
8
6
11
4
9
10
3
12
7
0
1
14
15
13
