0.04781983 -0.1839222 0.9817769 
0.132733 -0.132733 0.9822239 
0.1839222 -0.04781983 0.9817769 
0.1839222 0.04781983 0.9817769 
0.132733 0.132733 0.9822239 
0.04781983 0.1839222 0.9817769 
-0.04781983 0.1839222 0.9817769 
-0.132733 0.132733 0.9822239 
-0.1839222 0.04781983 0.9817769 
-0.1839222 -0.04781983 0.9817769 
-0.132733 -0.132733 0.9822239 
-0.04781983 -0.1839222 0.9817769 
0.04781983 -0.1839222 0.9817769 
0.132733 -0.132733 0.9822239 
0.1839222 -0.04781983 0.9817769 
0.1839222 0.04781983 0.9817769 
0.132733 0.132733 0.9822239 
0.04781983 0.1839222 0.9817769 
-0.04781983 0.1839222 0.9817769 
-0.132733 0.132733 0.9822239 
-0.1839222 0.04781983 0.9817769 
-0.1839222 -0.04781983 0.9817769 
-0.132733 -0.132733 0.9822239 
