145.959991
144.600006
146.699997
150.879990
24.020000
152.330002
152.429993
152.899994
153.240005
25.889999
91.959999
93.199997
95.610001
96.360001
95.180000
121.649994
122.269997
122.659996
121.549995
57.609997
109.510002
109.689995
111.280006
114.470001
63.599998
80.320000
81.350006
84.370003
85.419998
95.199997
98.919998
122.040001
135.250000
143.460007
143.009995
135.620010
125.709999
116.279999
105.209999
92.860001
68.730003
70.019997
72.519997
73.430000
108.830002
88.260002
85.380005
83.820000
82.419998
97.669998
89.489998
87.099998
85.400002
84.350006
85.019997
0.720000
4.090000
5.980000
4.060000
176.989990
11.270000
11.520000
11.500000
10.630000
170.169998
77.629997
65.910004
40.739998
15.160001
170.690002
151.699997
135.970001
121.089996
107.790001
84.730003
83.559998
68.900002
59.440002
52.990002
51.470001
55.320000
62.940002
72.240005
81.070000
88.110001
-0.560000
-0.870000
-0.160000
-0.600000
0.540000
90.290001
87.550003
85.849998
86.000000
88.850006
87.290001
92.619995
94.599998
93.610001
88.019997
61.279999
60.920002
61.299999
63.020000
115.180000
84.820000
72.310005
66.480003
66.980003
69.119995
75.139999
81.689995
86.239998
89.199997
89.189995
92.810005
96.980003
100.300003
100.529999
79.410004
134.560013
137.990005
138.360001
137.919998
42.439999
92.860001
90.559998
90.659996
93.519997
82.119995
107.719994
130.779999
140.919998
143.729996
140.800003
130.559998
118.900002
108.570000
100.820000
87.119995
90.019997
92.540001
91.710007
92.300003
87.680000
89.080002
87.209999
92.180000
89.290001
110.040001
71.340004
40.880001
40.119999
90.010002
89.699997
155.399994
154.819992
4.550000
3.830000
35.959999
144.129990
90.750000
89.900002
89.860001
91.430000
90.759995
89.729996
93.180000
87.239998
90.970001
90.440002
90.880005
90.750000
91.610001
90.830002
92.680000
91.389999
91.149994
90.099998
86.470001
86.389999
93.300003
87.649994
77.709999
104.139999
73.059998
106.480003
109.169998
71.810005
162.009995
16.530001
71.870003
70.480003
110.649994
109.689995
13.250000
14.040000
52.329998
125.500000
103.440002
104.360001
29.700001
149.529999
27.200001
151.020004
154.490005
25.250000
163.690002
162.720001
102.559998
100.639999
9.760000
8.930000
-0.040000
0.060000
0.080000
