-0.3383951 0.9408676 -0.01602968 
-0.3384574 0.9408258 -0.01712341 
-0.3384522 0.9408293 -0.01703933 
-0.3383863 0.9408734 -0.01587509 
-0.3382607 0.9409541 -0.01360699 
-0.1884785 -0.9803287 0.05857912 
-0.1884812 -0.9803312 0.05852786 
-0.1884892 -0.9803389 0.05837267 
-0.1885022 -0.9803516 0.05811751 
-0.1885214 -0.9803703 0.05773909 
0.08456173 0.01783959 0.9962585 
0.08517038 0.01991229 0.9961674 
0.08521689 0.02043127 0.9961529 
0.08501925 0.01993188 0.9961799 
0.08456174 0.01783979 0.9962586 
0.1375566 -0.9903662 0.01590453 
0.1379444 -0.990214 0.02115368 
0.1379442 -0.9902139 0.02116389 
0.1375507 -0.9903683 0.01582327 
0.1368353 -0.9905804 0.005143993 
-0.4692702 -0.8811873 0.0573977 
-0.4690965 -0.881076 0.06044467 
-0.4690403 -0.8810381 0.06142655 
-0.4691108 -0.8810844 0.06020999 
-0.4693212 -0.8812191 0.05648443 
-0.9955002 -0.07698563 0.0552498 
-0.9954476 -0.07693476 0.05625944 
-0.9954283 -0.07691573 0.05662654 
-0.9954472 -0.07693397 0.05626909 
-0.995515 -0.07699995 0.05496257 
-0.04082837 -0.02051447 -0.9989555 
-0.0407268 -0.01747452 -0.9990175 
-0.04125103 -0.01696718 -0.9990047 
-0.03945882 -0.01893831 -0.9990417 
-0.04091659 -0.02298857 -0.998898 
-0.04194275 -0.0204174 -0.9989113 
-0.0411563 -0.0166078 -0.9990147 
-0.04070735 -0.01544421 -0.9990517 
-0.04125004 -0.01696791 -0.9990047 
-0.04507355 -0.02132374 -0.9987561 
0.4013038 0.9151358 -0.03849223 
0.4016857 0.9152042 -0.03240174 
0.4018832 0.9152216 -0.02931361 
0.4018854 0.9152167 -0.02943777 
0.4016762 0.9151924 -0.0328487 
0.07032965 0.01556108 0.9974024 
0.07041511 0.01585296 0.9973918 
0.07042534 0.0159423 0.9973897 
0.07039823 0.01587903 0.9973926 
0.0703301 0.01556286 0.9974024 
0.0544003 0.01063339 0.9984626 
0.05412297 0.00967258 0.9984874 
0.05410456 0.009432511 0.9984908 
0.05419807 0.009692344 0.9984832 
0.05439997 0.01063262 0.9984626 
-0.9052954 0.4213084 0.05421703 
-0.9055151 0.4212235 0.05111861 
-0.9056438 0.4211507 0.04941051 
-0.9056655 0.4211444 0.04906529 
-0.9055818 0.4212065 0.05006645 
0.807692 -0.5879466 -0.04418736 
0.8073862 -0.5879353 -0.04959374 
0.8072241 -0.5878915 -0.05265774 
0.8071892 -0.5878791 -0.05332649 
0.8072798 -0.5879117 -0.0515667 
-0.06320128 -0.01566653 -0.9978778 
-0.06269411 -0.01261995 -0.9979529 
-0.06407249 -0.01164303 -0.9978773 
-0.06424583 -0.01138919 -0.9978691 
-0.06409084 -0.01199739 -0.9978719 
-0.06417741 -0.01206577 -0.9978655 
-0.06411719 -0.01180805 -0.9978725 
-0.0640832 -0.01167539 -0.9978763 
-0.06407232 -0.01164303 -0.9978773 
-0.064134 -0.01171676 -0.9978726 
-0.06237451 -0.008061112 -0.9980202 
-0.05984731 0.002568747 -0.9982042 
-0.06326775 0.006747274 -0.9979737 
-0.06097756 0.003784831 -0.998132 
-0.06143088 -0.003630417 -0.9981047 
-0.06435651 -0.00197143 -0.997925 
-0.06452952 0.001888544 -0.997914 
-0.06431803 0.003824568 -0.9979221 
-0.06400333 0.005228967 -0.997936 
-0.06327168 0.00674818 -0.9979735 
0.9911234 -0.1174542 -0.06228121 
0.9913485 -0.1174538 -0.05858992 
0.9914503 -0.1174594 -0.05682926 
0.9914482 -0.1174421 -0.05690336 
0.991343 -0.1174208 -0.05874982 
0.08412819 0.01255192 0.9963759 
0.08450288 0.01389575 0.9963263 
0.08452529 0.01421155 0.99632 
0.08441144 0.01388251 0.9963343 
0.08412771 0.01254903 0.996376 
-0.968107 -0.2441163 0.05635451 
-0.968078 -0.2441241 0.05682006 
-0.9680375 -0.2441351 0.05745871 
-0.9679851 -0.2441494 0.05827424 
-0.96792 -0.244167 0.05927376 
-0.9576449 -0.2829448 0.05346501 
-0.9577816 -0.2829238 0.05107457 
-0.9578048 -0.2829215 0.05064926 
-0.9577138 -0.282939 0.05224741 
-0.9575045 -0.2829405 0.05594522 
-0.04761297 -0.01626971 -0.9987333 
-0.04700697 -0.0140512 -0.9987957 
-0.04757258 -0.01327608 -0.9987795 
-0.04568836 -0.01488456 -0.9988448 
-0.045915 -0.01818239 -0.9987799 
-0.04759534 -0.01348393 -0.9987757 
-0.04731808 -0.01205752 -0.9988071 
-0.04727676 -0.01232153 -0.9988058 
-0.04757732 -0.01327311 -0.9987794 
-0.04917184 -0.01526813 -0.9986736 
0.07436503 0.0150137 0.9971181 
0.07456339 0.0157129 0.9970924 
0.0745791 0.01589846 0.9970884 
0.07450397 0.01567307 0.9970975 
0.07436419 0.01501014 0.9971182 
-0.674691 -0.7377 0.02430749 
-0.6745982 -0.7377456 0.02546772 
-0.6745597 -0.7377644 0.02593949 
-0.6745738 -0.7377571 0.02578017 
-0.6746366 -0.7377263 0.02500627 
0.9588568 0.2775695 -0.05957199 
0.9587701 0.2775922 -0.06084801 
0.9587365 0.2776006 -0.06133713 
0.9587541 0.2775953 -0.06108455 
0.9588292 0.277576 -0.05998417 
-0.06170343 -0.01616392 -0.9979636 
-0.05945454 -0.01389694 -0.9981343 
-0.06152684 -0.01084284 -0.9980465 
-0.06114067 -0.01111149 -0.9980673 
-0.06048759 -0.01335371 -0.9980796 
-0.06165243 -0.01163284 -0.9980298 
-0.06170089 -0.01165063 -0.9980267 
-0.0616662 -0.0113008 -0.9980329 
-0.06152629 -0.01083988 -0.9980466 
-0.06113492 -0.01036173 -0.9980757 
-0.9970039 -0.001582109 0.07733478 
-0.9968969 -0.001633987 0.07870106 
-0.9968707 -0.001646721 0.07903185 
-0.9969373 -0.001614337 0.07818868 
-0.9971111 -0.001530985 0.07594109 
-0.05190104 -0.02141882 -0.9984225 
-0.0519016 -0.02141918 -0.9984225 
-0.08841925 0.01333503 -0.9959941 
-0.08841947 0.01333494 -0.995994 
-0.1638387 0.3302873 -0.9295521 
-0.1218941 0.3360239 -0.9339324 
0.125139 -0.7273108 -0.6748031 
0.03200152 -0.7404032 -0.6714007 
-0.06930628 0.009267448 -0.9975524 
-0.06930767 0.009266515 -0.9975523 
0.1278758 -0.9137704 0.3855793 
0.05605906 -0.9183805 0.3917074 
0.01704568 -0.9956198 -0.09192801 
-0.02913244 -0.9956295 -0.08873013 
0.04135677 0.7985825 0.6004629 
0.07280497 0.7977337 0.5985988 
-0.06680002 -0.0005275193 -0.9977663 
-0.06679507 -0.0005265372 -0.9977666 
-0.063072 -0.004622126 -0.9979982 
-0.0630745 -0.004623253 -0.9979981 
0.07054993 0.04034678 0.9966919 
0.070559 0.04035033 0.9966912 
0.09669995 0.009937709 0.995264 
0.0967053 0.009942999 0.9952634 
0.04522066 0.02162552 0.9987429 
0.04522822 0.02162831 0.9987425 
0.05887993 0.01427065 0.998163 
0.05887682 0.01426646 0.9981633 
0.04316382 0.01961998 0.9988753 
0.04314876 0.01961459 0.9988761 
0.08389417 -0.004189469 0.9964659 
0.08388858 -0.00419773 0.9964663 
0.06021045 0.0418667 0.9973073 
0.06021045 0.04186675 0.9973073 
-0.009021444 -0.0691568 -0.997565 
-0.006450508 -0.0637865 -0.9979427 
0.04581192 0.01653127 0.9988133 
0.04580862 0.01652986 0.9988135 
-0.1534345 0.1266029 0.9800151 
-0.1630041 0.1026452 0.9812714 
0.9987946 -0.006367923 -0.04867089 
0.9985245 -0.006613253 -0.05389863 
-0.3242565 -0.9448506 0.04599178 
-0.3237138 -0.9444667 0.05649921 
0.7650722 -0.6431887 -0.03119027 
0.7650201 -0.6432115 -0.03198684 
-0.9840742 0.1695697 0.05333031 
-0.9846251 0.1690674 0.04392674 
0.5801396 0.811366 -0.07157739 
0.5805045 0.8115503 -0.06633735 
-0.9732997 0.2202834 0.06452006 
-0.9737284 0.220106 0.05836477 
0.5982571 0.8000398 -0.04499574 
0.5984539 0.8000556 -0.04199928 
0.138656 -0.990328 -0.004985915 
0.1385015 -0.9903339 -0.007494679 
0.5866733 -0.8054023 -0.08450662 
0.5868267 -0.8054746 -0.08273495 
0.7247795 -0.6859398 -0.06466334 
0.7252007 -0.6860178 -0.05885234 
0.2972604 -0.9545146 -0.02319917 
0.2972635 -0.9545149 -0.02314863 
0.4130071 -0.9104348 -0.02310079 
0.4127974 -0.9104295 -0.02676625 
-0.9457507 -0.3195049 0.05892647 
-0.9456952 -0.3195201 0.05972934 
-0.1226518 0.9913889 0.0458762 
-0.122593 0.9913592 0.04666643 
