32
-1.000000 0.000000 0.000000 1
-1.000000 0.000000 0.000000 495
1.000000 0.000000 0.000000 495
-1.000000 0.000000 0.000000 495
0.000000 -1.000000 0.000000 1
-1.000000 0.000000 0.000000 495
0.000000 -1.000000 0.000000 495
-1.000000 0.000000 0.000000 1
0.000000 1.000000 0.000000 1
0.000000 0.000000 -1.000000 495
0.000000 0.000000 -1.000000 495
0.000000 -1.000000 0.000000 495
-1.000000 0.000000 0.000000 1
0.000000 -1.000000 0.000000 495
0.000000 0.000000 1.000000 495
0.000000 0.000000 1.000000 495
0.000000 1.000000 0.000000 1
-1.000000 0.000000 0.000000 495
0.000000 0.000000 -1.000000 495
-1.000000 0.000000 0.000000 495
0.000000 0.000000 -1.000000 495
0.000000 0.000000 -1.000000 495
0.000000 0.000000 -1.000000 495
0 0 0 0
0.000000 0.000000 1.000000 495
0 0 0 0
0 0 0 0
0 0 0 0
0.000000 0.000000 1.000000 495
0.000000 0.000000 -1.000000 495
0 0 0 0
0 0 0 0
15
14
13
16
11
12
8
7
29
25
2
27
1
23
31
0
28
24
5
6
3
4
30
26
22
21
19
20
17
18
10
9
