582
1 300
1 301
2 301
2 302
3 302
3 303
4 303
4 304
6 325
6 326
8 327
8 328
9 328
9 329
10 329
10 330
11 330
11 331
13 209
13 208
15 32
15 33
16 33
16 34
17 34
17 35
18 35
18 36
19 36
19 37
20 37
20 38
21 38
21 39
22 39
22 40
23 40
23 41
25 188
25 189
26 189
26 190
27 190
27 191
28 191
28 192
30 149
30 148
31 150
31 149
32 151
32 150
33 152
33 151
34 153
34 152
35 154
35 153
36 155
36 154
37 156
37 155
38 157
38 156
41 186
41 187
42 185
42 186
43 184
43 185
44 183
44 184
45 182
45 183
46 181
46 182
47 180
47 181
48 179
48 180
49 178
49 179
51 146
51 147
52 145
52 146
53 144
53 145
54 143
54 144
55 142
55 143
56 141
56 142
57 140
57 141
58 139
58 140
59 138
59 139
60 0
61 0
61 1
62 1
62 2
63 2
63 3
64 3
64 4
65 4
65 5
66 5
66 6
67 6
67 7
69 223
69 222
70 222
70 221
71 221
71 220
72 220
72 219
74 295
74 296
75 296
75 297
76 297
76 298
77 298
77 299
78 321
78 320
79 322
79 321
80 323
80 322
81 324
81 323
83 289
83 288
84 288
84 287
85 287
85 286
86 286
86 285
88 284
88 283
89 283
89 282
90 282
90 281
91 281
91 280
92 335
92 334
93 334
93 333
94 333
94 332
95 332
96 15
97 14
97 15
98 13
98 14
99 12
99 13
100 11
100 12
101 10
101 11
102 9
102 10
103 8
103 9
104 306
104 305
105 307
105 306
106 308
106 307
107 309
107 308
108 68
108 69
109 67
109 68
110 66
110 67
111 65
111 66
112 64
112 65
113 63
113 64
114 62
114 63
115 61
115 62
116 60
116 61
119 240
119 239
120 241
120 240
121 242
121 241
122 243
122 242
123 42
124 43
124 42
125 44
125 43
126 45
126 44
127 46
127 45
128 47
128 46
129 48
129 47
130 49
130 48
131 50
131 49
134 116
134 117
135 115
135 116
136 114
136 115
137 113
137 114
138 112
138 113
139 111
139 112
140 110
140 111
141 109
141 110
142 108
142 109
143 107
143 108
144 106
144 107
145 105
145 106
146 104
146 105
147 103
147 104
148 102
148 103
149 101
149 102
150 100
150 101
151 99
151 100
152 98
152 99
153 166
153 167
154 165
154 166
155 164
155 165
156 163
156 164
157 162
157 163
158 161
158 162
159 160
159 161
160 159
160 160
161 158
161 159
162 268
162 269
163 267
163 268
164 266
164 267
165 265
165 266
166 264
166 265
167 263
167 264
168 262
168 263
169 261
169 262
170 260
170 261
171 88
171 87
172 87
172 86
173 86
173 85
174 85
174 84
175 84
175 83
176 83
176 82
177 82
177 81
178 81
178 80
179 80
180 204
180 205
181 203
181 204
182 202
182 203
183 201
183 202
184 200
184 199
185 199
185 198
186 198
186 197
187 197
187 196
188 218
188 195
189 195
189 194
190 194
190 193
191 16
192 17
192 16
193 18
193 17
194 19
194 18
195 20
195 19
196 21
196 20
197 22
197 21
198 23
198 22
200 227
200 228
201 226
201 227
202 225
202 226
203 224
203 225
205 291
205 290
206 292
206 291
207 293
207 292
208 294
208 293
209 315
209 316
210 316
210 317
211 317
211 318
212 318
212 319
214 279
214 278
215 278
215 277
216 277
216 276
217 276
217 275
219 273
219 274
220 272
220 273
221 271
221 272
222 270
222 271
223 339
223 338
224 338
224 337
225 337
225 336
226 336
227 31
228 30
228 31
229 29
229 30
230 28
230 29
231 27
231 28
232 26
232 27
233 25
233 26
234 24
234 25
235 310
235 311
236 311
236 312
237 312
237 313
238 313
238 314
239 79
239 78
240 78
240 77
241 77
241 76
242 76
242 75
243 75
243 74
244 74
244 73
245 73
245 72
246 72
246 71
247 71
247 70
250 244
250 245
251 245
251 246
252 246
252 247
253 247
253 248
254 51
255 52
255 51
256 53
256 52
257 54
257 53
258 55
258 54
259 56
259 55
260 57
260 56
261 58
261 57
262 59
262 58
265 136
265 137
266 135
266 136
267 134
267 135
268 133
268 134
269 132
269 133
270 131
270 132
271 130
271 131
272 129
272 130
273 128
273 129
274 127
274 128
275 126
275 127
276 125
276 126
277 124
277 125
278 123
278 124
279 122
279 123
280 121
280 122
281 120
281 121
282 119
282 120
283 118
283 119
284 177
284 176
285 176
285 175
286 175
286 174
287 174
287 173
288 173
288 172
289 172
289 171
290 171
290 170
291 170
291 169
292 169
292 168
293 258
293 259
294 257
294 258
295 256
295 257
296 255
296 256
297 254
297 255
298 253
298 254
299 252
299 253
300 251
300 252
301 250
301 251
302 97
302 96
303 96
303 95
304 95
304 94
305 94
305 93
306 93
306 92
307 92
307 91
308 91
308 90
309 90
309 89
310 89
311 230
311 229
312 231
312 230
313 232
313 231
314 233
314 232
315 235
315 234
316 236
316 235
317 237
317 236
318 238
318 237
319 214
319 217
320 215
320 214
321 216
321 215
