160
108 0.4753404 -0.535951 -0.6977164
109 -0.4753404 0.535951 0.6977164
0 -0.7386157 0.1953495 -0.6452019
1 0.7386157 -0.1953495 0.6452019
110 -0.1226023 -0.9802943 -0.154893
111 0.1226023 0.9802943 0.154893
2 0.7348523 -0.2096653 0.6450059
3 -0.7348523 0.2096653 -0.6450059
112 -0.06293727 -0.9731447 -0.2214237
113 0.06293727 0.9731447 0.2214237
4 0.7359124 -0.193893 0.6487206
5 -0.7359124 0.193893 -0.6487206
114 0.3264288 -0.7343696 -0.5951012
115 -0.3264288 0.7343696 0.5951012
6 -0.7441851 0.184323 -0.6420385
7 0.7441851 -0.184323 0.6420385
116 -0.008911297 0.9546161 0.2977058
117 0.008911297 -0.9546161 -0.2977058
8 -0.7417705 0.1884715 -0.6436266
9 0.7417705 -0.1884715 0.6436266
118 -0.3049491 -0.9496005 0.07255964
119 0.3049491 0.9496005 -0.07255964
10 -0.7428312 0.1962171 -0.6400786
11 0.7428312 -0.1962171 0.6400786
120 -0.5787929 0.3051051 0.7562472
121 0.5787929 -0.3051051 -0.7562472
12 0.6474935 -0.06994874 -0.7588539
13 -0.6474935 0.06994874 0.7588539
14 -0.6437526 0.0632153 0.7626182
15 0.6437526 -0.0632153 -0.7626182
16 0.7421296 -0.1840622 0.644488
17 -0.7421296 0.1840622 -0.644488
122 -0.03574499 0.9446324 0.326178
123 0.03574499 -0.9446324 -0.326178
18 0.04417421 0.9238275 0.3802517
19 -0.04417421 -0.9238275 -0.3802517
124 -0.009357098 0.9536975 0.3006219
125 0.009357098 -0.9536975 -0.3006219
20 0.7383854 -0.1948061 0.6456295
21 -0.7383854 0.1948061 -0.6456295
126 0.6671009 0.344137 -0.6607164
127 -0.6671009 -0.344137 0.6607164
22 0.7245236 -0.1752951 0.6665862
23 -0.7245236 0.1752951 -0.6665862
24 0.6802408 0.2245962 -0.6977313
25 -0.6802408 -0.2245962 0.6977313
128 0.7147359 0.02217228 0.699043
129 -0.7147359 -0.02217228 -0.699043
26 0.7364735 -0.3048372 0.6038883
27 -0.7364735 0.3048372 -0.6038883
28 0.7090541 0.212327 -0.6724281
29 -0.7090541 -0.212327 0.6724281
130 0 0 0
131 0 0 0
30 0.6770172 0.2231089 -0.7013345
31 -0.6770172 -0.2231089 0.7013345
32 -0.6744704 -0.2384268 0.6987434
33 0.6744704 0.2384268 -0.6987434
132 -0.3449222 -0.325532 -0.8803736
133 0.3449222 0.325532 0.8803736
34 0.6743549 0.2412973 -0.6978689
35 -0.6743549 -0.2412973 0.6978689
134 0.6821651 -0.5319953 0.5016291
135 -0.6821651 0.5319953 -0.5016291
36 0.6746001 0.2409678 -0.6977459
37 -0.6746001 -0.2409678 0.6977459
38 0.6748872 0.2453209 -0.695949
39 -0.6748872 -0.2453209 0.695949
40 0.3209047 -0.66829 -0.671125
41 -0.3209047 0.66829 0.671125
42 0.01282168 -0.9462218 -0.3232644
43 -0.01282168 0.9462218 0.3232644
44 0.01413392 -0.9474627 -0.3195538
45 -0.01413392 0.9474627 0.3195538
136 0.7364948 -0.2357766 0.6340227
137 -0.7364948 0.2357766 -0.6340227
46 0.7334746 -0.1972318 0.6504726
47 -0.7334746 0.1972318 -0.6504726
138 0.02643174 0.3393626 0.9402842
139 -0.02643174 -0.3393626 -0.9402842
48 -0.6770371 -0.2363062 0.6969792
49 0.6770371 0.2363062 -0.6969792
50 0.001905657 -0.9471117 -0.3208986
51 -0.001905657 0.9471117 0.3208986
140 0.06293207 0.3137569 0.9474155
141 -0.06293207 -0.3137569 -0.9474155
142 -0.953579 0.281685 0.1064918
143 0.953579 -0.281685 -0.1064918
52 -0.02536697 0.9493642 0.3131518
53 0.02536697 -0.9493642 -0.3131518
54 0.02162355 -0.9504733 -0.3100531
55 -0.02162355 0.9504733 0.3100531
56 0.03513281 0.8486464 0.5277926
57 -0.03513281 -0.8486464 -0.5277926
58 0.4893963 0.5607886 0.6678379
59 -0.4893963 -0.5607886 -0.6678379
60 0.6729686 0.2454497 -0.6977592
61 -0.6729686 -0.2454497 0.6977592
62 -0.6667583 -0.2485196 0.7026175
63 0.6667583 0.2485196 -0.7026175
64 -0.6711231 -0.2471815 0.6989242
65 0.6711231 0.2471815 -0.6989242
66 0.6659672 0.2283814 -0.7101616
67 -0.6659672 -0.2283814 0.7101616
144 -0.7268 0.4017844 -0.5570738
145 0.7268 -0.4017844 0.5570738
68 0.7323305 -0.08187522 0.6760092
69 -0.7323305 0.08187522 -0.6760092
70 0.6355568 0.2316234 -0.7364905
71 -0.6355568 -0.2316234 0.7364905
146 0 0 0
147 0 0 0
72 0.6691692 0.2252798 -0.7081396
73 -0.6691692 -0.2252798 0.7081396
74 -0.6715569 -0.2389253 0.7013744
75 0.6715569 0.2389253 -0.7013744
148 -0.7776946 0.6209429 -0.09808662
149 0.7776946 -0.6209429 0.09808662
76 -0.6713727 -0.242067 0.7004729
77 0.6713727 0.242067 -0.7004729
150 -0.6971406 -0.1569935 -0.6995342
151 0.6971406 0.1569935 0.6995342
78 0.6710395 0.2419331 -0.7008384
79 -0.6710395 -0.2419331 0.7008384
80 -0.6707715 -0.246118 0.6996366
81 0.6707715 0.246118 -0.6996366
82 -0.4173653 0.693985 0.5866781
83 0.4173653 -0.693985 -0.5866781
84 0.03521091 -0.9521005 -0.303751
85 -0.03521091 0.9521005 0.303751
86 0.0312196 -0.9519457 -0.3046716
87 -0.0312196 0.9519457 0.3046716
152 -0.7408143 0.1474387 -0.6553288
153 0.7408143 -0.1474387 0.6553288
88 0.7452587 -0.1851625 0.64055
89 -0.7452587 0.1851625 -0.64055
154 -0.8013641 0.5567424 0.2187544
155 0.8013641 -0.5567424 -0.2187544
90 -0.668802 -0.2384218 0.7041726
91 0.668802 0.2384218 -0.7041726
92 -0.03378833 0.9555829 0.2927792
93 0.03378833 -0.9555829 -0.2927792
156 -0.8290201 0.5313994 0.174185
157 0.8290201 -0.5313994 -0.174185
158 0.06869075 0.01325941 0.9975498
159 -0.06869075 -0.01325941 -0.9975498
94 0.02347139 -0.9488693 -0.3147953
95 -0.02347139 0.9488693 0.3147953
96 0.02056945 -0.9501859 -0.3110044
97 -0.02056945 0.9501859 0.3110044
98 0.2626548 -0.9268537 -0.2682438
99 -0.2626548 0.9268537 0.2682438
100 0.5214319 -0.8262309 0.2131932
101 -0.5214319 0.8262309 -0.2131932
102 -0.6726118 -0.2455501 0.6980677
103 0.6726118 0.2455501 -0.6980677
104 -0.6787024 -0.2453788 0.6922083
105 0.6787024 0.2453788 -0.6922083
106 -0.6744162 -0.2463985 0.6960248
107 0.6744162 0.2463985 -0.6960248
