0 0.7071068 0.7071067 -0.5773503 0.5773503 0.5773503 0.5773503 -0.5773503 -0.5773503
0.7071066 0 -0.7071069 0.5773503 -0.5773503 -0.5773503 -0.5773503 0.5773503 0.5773503
0 0.7071067 -0.7071068 -0.5773503 0.5773503 -0.5773503 0.5773503 -0.5773503 0.5773503
0.7071066 0 0.7071069 0.5773503 -0.5773503 0.5773503 -0.5773503 0.5773503 -0.5773503
-0.7071068 -0.7071068 0 -0.5773503 -0.5773503 0.5773503 0.5773503 0.5773503 -0.5773503
-0.7071068 0.7071068 0 -0.5773503 0.5773503 0.5773503 0.5773503 -0.5773503 -0.5773503
-0.7071044 -0.7071091 0 -0.5773503 -0.5773503 -0.5773503 0.5773503 0.5773503 0.5773503
-0.7071068 0.7071068 0 -0.5773503 0.5773503 -0.5773503 0.5773503 -0.5773503 0.5773503
0 -0.7071069 0.7071066 -0.5773503 -0.5773503 0.5773503 0.5773503 0.5773503 -0.5773503
0.7071068 0 0.7071068 0.5773503 0.5773503 0.5773503 -0.5773503 -0.5773503 -0.5773503
0 0.7071066 0.7071069 0.5773503 0.5773503 0.5773503 -0.5773503 -0.5773503 -0.5773503
0.7071067 0 -0.7071068 0.5773503 0.5773503 -0.5773503 -0.5773503 -0.5773503 0.5773503
