300
180 0.6964232 0.4998543 -0.5149179
181 -0.6964232 -0.4998543 0.5149179
0 -0.7123699 -0.3264699 0.621246
1 0.7123699 0.3264699 -0.621246
2 -0.5495201 -0.6384826 0.5388577
3 0.5495201 0.6384826 -0.5388577
4 0.8027357 0.489332 -0.3408368
5 -0.8027357 -0.489332 0.3408368
182 0.6681912 0.1577385 -0.7270758
183 -0.6681912 -0.1577385 0.7270758
6 -0.5159461 -0.1022494 0.8504968
7 0.5159461 0.1022494 -0.8504968
8 -0.7854935 -0.0302459 0.6181304
9 0.7854935 0.0302459 -0.6181304
184 -0.05646444 -0.6842316 0.7270756
185 0.05646444 0.6842316 -0.7270756
10 -0.2366702 -0.7280684 0.6433535
11 0.2366702 0.7280684 -0.6433535
12 -0.01510533 -0.5260619 0.8503121
13 0.01510533 0.5260619 -0.8503121
14 0.09243689 -0.7765697 0.6232135
15 -0.09243689 0.7765697 -0.6232135
186 -0.3905597 -0.7631007 0.5149179
187 0.3905597 0.7631007 -0.5149179
16 0.3594353 0.8678359 -0.3430263
17 -0.3594353 -0.8678359 0.3430263
18 -0.5644713 -0.6558543 0.5012258
19 0.5644713 0.6558543 -0.5012258
188 -0.6332945 0.2651397 -0.7270757
189 0.6332945 -0.2651397 0.7270757
20 0.7574699 -0.1302721 0.6397411
21 -0.7574699 0.1302721 -0.6397411
22 -0.6576555 0.4354685 -0.6147003
23 0.6576555 -0.4354685 0.6147003
24 -0.4817185 0.2106902 -0.8506215
25 0.4817185 -0.2106902 0.8506215
190 -0.8572251 0.004956498 -0.514918
191 0.8572251 -0.004956498 0.514918
26 0.8175799 0.1930044 0.5425057
27 -0.8175799 -0.1930044 -0.5425057
28 0.9347505 -0.08514464 0.3449521
29 -0.9347505 0.08514464 -0.3449521
192 0.8572252 -0.004956564 0.5149179
193 -0.8572252 0.004956564 -0.5149179
30 -0.8379005 -0.1978013 -0.5087215
31 0.8379005 0.1978013 0.5087215
32 -0.9262705 0.1160406 -0.3585492
33 0.9262705 -0.1160406 0.3585492
34 0.7542399 -0.123265 0.6449248
35 -0.7542399 0.123265 -0.6449248
194 0.764509 0.3877959 0.5149179
195 -0.764509 -0.3877959 -0.5149179
36 -0.6179608 -0.4820174 -0.6211149
37 0.6179608 0.4820174 0.6211149
38 -0.803525 -0.4877387 -0.3412604
39 0.803525 0.4877387 0.3412604
196 0.4478618 0.5203659 0.7270758
197 -0.4478618 -0.5203659 -0.7270758
40 0.321696 0.4164932 0.8503206
41 -0.321696 -0.4164932 -0.8503206
42 -0.3932838 -0.6835915 -0.6148419
43 0.3932838 0.6835915 0.6148419
198 0.3565006 -0.5867437 -0.7270758
199 -0.3565006 0.5867437 0.7270758
44 0.5364589 -0.549508 -0.6405099
45 -0.5364589 0.549508 0.6405099
46 -0.2491549 0.4635438 0.8503229
47 0.2491549 -0.4635438 -0.8503229
48 -0.2655294 0.7361635 0.6225411
49 0.2655294 -0.7361635 -0.6225411
200 0.690596 -0.5078745 -0.514918
201 -0.690596 0.5078745 0.514918
50 0.7060064 -0.6184618 -0.3450506
51 -0.7060064 0.6184618 0.3450506
52 0.775317 -0.3246005 -0.5417732
53 -0.775317 0.3246005 0.5417732
202 -0.7819571 -0.5992352 -0.1716394
203 0.7819571 0.5992352 0.1716394
54 0.8459601 0.5331503 -0.01011586
55 -0.8459601 -0.5331503 0.01011586
56 -0.7995676 -0.4923615 -0.3439067
57 0.7995676 0.4923615 0.3439067
58 -0.6395549 -0.7430928 -0.1969334
59 0.6395549 0.7430928 0.1969334
204 -0.8921221 -0.4179213 0.1716392
205 0.8921221 0.4179213 -0.1716392
60 0.9525682 0.2248707 -0.2050535
61 -0.9525682 -0.2248707 0.2050535
62 0.8039142 0.4864377 -0.3421993
63 -0.8039142 -0.4864377 0.3421993
206 -0.3166472 0.1325698 -0.9392337
207 0.3166472 -0.1325698 0.9392337
64 0.2433406 0.05744491 0.9682384
65 -0.2433406 -0.05744491 -0.9682384
66 -0.1581301 0.2602568 -0.9525027
67 0.1581301 -0.2602568 0.9525027
208 -0.2239309 -0.2601829 -0.9392337
209 0.2239309 0.2601829 0.9392337
68 -0.3342472 -0.4059148 -0.8505951
69 0.3342472 0.4059148 0.8505951
70 0.0214996 0.2605291 0.9652266
71 -0.0214996 -0.2605291 -0.9652266
210 -0.3282683 0.9288595 0.171639
211 0.3282683 -0.9288595 -0.171639
72 0.5127801 -0.8439558 -0.1574647
73 -0.5127801 0.8439558 0.1574647
74 -0.2532096 0.9672959 -0.01495475
75 0.2532096 -0.9672959 0.01495475
76 -0.2573336 0.8964898 0.3606737
77 0.2573336 -0.8964898 -0.3606737
212 -0.6731477 0.7193136 0.1716394
213 0.6731477 -0.7193136 -0.1716394
78 0.7100292 -0.6151095 -0.3427812
79 -0.7100292 0.6151095 0.3427812
80 0.7625563 -0.6469069 -0.004402784
81 -0.7625563 0.6469069 0.004402784
214 -0.7645089 -0.3877959 -0.5149179
215 0.7645089 0.3877959 0.5149179
82 -0.61954 -0.4456109 -0.6462207
83 0.61954 0.4456109 0.6462207
216 -0.4478619 -0.5203658 -0.7270758
217 0.4478619 0.5203658 0.7270758
84 0.3462598 0.6787324 0.6476315
85 -0.3462598 -0.6787324 -0.6476315
218 -0.8464415 0.1356332 0.5149178
219 0.8464415 -0.1356332 -0.5149178
86 -0.7881305 -0.03444215 0.6145439
87 0.7881305 0.03444215 -0.6145439
88 0.7749322 -0.3244393 -0.5424198
89 -0.7749322 0.3244393 0.5424198
90 -0.9358196 0.06644909 0.3461594
91 0.9358196 -0.06644909 -0.3461594
220 -0.668191 -0.1577384 0.7270759
221 0.668191 0.1577384 -0.7270759
92 -0.7117334 -0.3268502 0.6217753
93 0.7117334 0.3268502 -0.6217753
94 -0.5076196 -0.1375929 0.8505237
95 0.5076196 0.1375929 -0.8505237
222 0.121786 -0.9776033 0.1716392
223 -0.121786 0.9776033 -0.1716392
96 0.08045591 0.9749637 -0.2072987
97 -0.08045591 -0.9749637 0.2072987
98 0.2114478 -0.9150768 0.3434011
99 -0.2114478 0.9150768 -0.3434011
100 -0.2524903 0.9674909 -0.01449441
101 0.2524903 -0.9674909 0.01449441
224 -0.2803951 -0.9444144 0.1716393
225 0.2803951 0.9444144 -0.1716393
102 -0.3645483 -0.9310731 -0.01440182
103 0.3645483 0.9310731 0.01440182
226 0.3905597 0.7631007 -0.5149179
227 -0.3905597 -0.7631007 0.5149179
104 -0.2369924 -0.7276515 0.6437065
105 0.2369924 0.7276515 -0.6437065
106 0.3153386 0.8771758 -0.3621108
107 -0.3153386 -0.8771758 0.3621108
228 0.2696116 0.8137378 0.5149179
229 -0.2696116 -0.8137378 -0.5149179
108 -0.3997592 -0.8429052 -0.3601438
109 0.3997592 0.8429052 0.3601438
110 -0.0706927 -0.8566484 -0.5110344
111 0.0706927 0.8566484 0.5110344
230 0.4760938 0.8624817 0.1716394
231 -0.4760938 -0.8624817 -0.1716394
112 -0.4034699 -0.9149189 0.01164246
113 0.4034699 0.9149189 -0.01164246
114 -0.637984 -0.7412676 -0.2085639
115 0.637984 0.7412676 0.2085639
232 -0.4760938 -0.8624817 -0.1716393
233 0.4760938 0.8624817 0.1716393
116 -0.4008816 -0.8421302 -0.3607086
117 0.4008816 0.8421302 0.3607086
234 -0.2696115 -0.8137378 -0.5149179
235 0.2696115 0.8137378 0.5149179
118 -0.06943664 -0.8414305 -0.5358856
119 0.06943664 0.8414305 0.5358856
236 0.02823215 0.3421157 -0.9392337
237 -0.02823215 -0.3421157 0.9392337
120 -0.02883139 -0.5250841 0.8505619
121 0.02883139 0.5250841 -0.8505619
122 0.1992161 0.2314669 -0.9522269
123 -0.1992161 -0.2314669 0.9522269
238 0.05646432 0.6842316 -0.7270756
239 -0.05646432 -0.6842316 0.7270756
124 0.1155179 -0.7557157 0.6446313
125 -0.1155179 0.7557157 -0.6446313
240 0.3282683 -0.9288595 -0.1716392
241 -0.3282683 0.9288595 0.1716392
126 -0.2213739 0.9125024 0.3439957
127 0.2213739 -0.9125024 -0.3439957
128 0.5081353 -0.8363109 -0.2058702
129 -0.5081353 0.8363109 0.2058702
242 0.1325698 -0.8469267 -0.5149179
243 -0.1325698 0.8469267 0.5149179
244 0.280395 0.9444144 -0.1716391
245 -0.280395 -0.9444144 0.1716391
130 0.08064422 0.9772486 -0.1961676
131 -0.08064422 -0.9772486 0.1961676
246 -0.1217862 0.9776033 -0.1716392
247 0.1217862 -0.9776033 0.1716392
132 0.1695294 -0.9169558 0.3611812
133 -0.1695294 0.9169558 -0.3611812
248 0.8921221 0.4179214 -0.1716392
249 -0.8921221 -0.4179214 0.1716392
134 0.9613529 0.2269445 -0.1558743
135 -0.9613529 -0.2269445 0.1558743
136 -0.842171 -0.5390176 0.01443084
137 0.842171 0.5390176 -0.01443084
250 0.9673899 -0.1862705 0.1716393
251 -0.9673899 0.1862705 -0.1716393
138 -0.995299 0.0964477 0.008816607
139 0.995299 -0.0964477 -0.008816607
140 -0.9044101 0.3786475 -0.1966428
141 0.9044101 -0.3786475 0.1966428
252 -0.02823213 -0.3421156 0.9392337
253 0.02823213 0.3421156 -0.9392337
142 0.167292 0.1943742 -0.9665568
143 -0.167292 -0.1943742 0.9665568
144 -0.1589683 0.261636 -0.9519852
145 0.1589683 -0.261636 0.9519852
254 0.8115446 -0.5585116 0.1716394
255 -0.8115446 0.5585116 -0.1716394
146 -0.7318245 0.5799872 -0.3578376
147 0.7318245 -0.5799872 0.3578376
148 -0.7727804 0.6345116 0.01433106
149 0.7727804 -0.6345116 -0.01433106
256 0.6050623 -0.6072556 0.5149177
257 -0.6050623 0.6072556 -0.5149177
150 0.4371636 -0.7195021 0.5396339
151 -0.4371636 0.7195021 -0.5396339
152 -0.6523716 0.437584 -0.6188147
153 0.6523716 -0.437584 0.6188147
258 -0.2601829 0.8168014 -0.5149177
259 0.2601829 -0.8168014 0.5149177
154 0.436916 -0.7190945 0.5403774
155 -0.436916 0.7190945 -0.5403774
260 0.1782502 -0.2933717 -0.9392337
261 -0.1782502 0.2933717 0.9392337
156 -0.2316527 0.09698523 0.9679519
157 0.2316527 -0.09698523 -0.9679519
262 -0.1782502 0.2933717 0.9392337
263 0.1782502 -0.2933717 -0.9392337
158 0.0209242 0.2535536 0.967095
159 -0.0209242 -0.2535536 -0.967095
160 0.2740912 -0.1147526 -0.9548329
161 -0.2740912 0.1147526 0.9548329
162 0.25431 -0.460503 -0.850449
163 -0.25431 0.460503 0.850449
264 0.223931 0.2601828 0.9392337
265 -0.223931 -0.2601828 -0.9392337
164 0.2458983 0.05804871 0.9675559
165 -0.2458983 -0.05804871 -0.9675559
266 -0.6050623 0.6072556 -0.5149178
267 0.6050623 -0.6072556 0.5149178
166 -0.7346322 0.5749251 -0.3602454
167 0.7346322 -0.5749251 0.3602454
268 -0.6905961 0.5078744 0.514918
269 0.6905961 -0.5078744 -0.514918
168 0.5374595 -0.5444816 -0.6439543
169 -0.5374595 0.5444816 0.6439543
270 -0.3565008 0.5867437 0.7270758
271 0.3565008 -0.5867437 -0.7270758
170 -0.2357821 0.7279273 0.643839
171 0.2357821 -0.7279273 -0.643839
272 0.7819573 0.5992352 0.1716394
273 -0.7819573 -0.5992352 -0.1716394
274 -0.1325698 0.8469267 0.5149179
275 0.1325698 -0.8469267 -0.5149179
276 -0.3340959 -0.07886928 0.9392335
277 0.3340959 0.07886928 -0.9392335
278 0.9848383 0.02516871 -0.1716393
279 -0.9848383 -0.02516871 0.1716393
172 0.9360547 -0.06913754 -0.3449952
173 -0.9360547 0.06913754 0.3449952
280 0.3166471 -0.1325696 0.9392337
281 -0.3166471 0.1325696 -0.9392337
174 -0.4793441 0.2162673 -0.8505632
175 0.4793441 -0.2162673 0.8505632
282 0.6731478 -0.7193136 -0.1716393
283 -0.6731478 0.7193136 0.1716393
284 0.2601829 -0.8168014 0.5149177
285 -0.2601829 0.8168014 -0.5149177
286 -0.6964232 -0.4998541 0.514918
287 0.6964232 0.4998541 -0.514918
288 -0.9848382 -0.02516902 0.1716395
289 0.9848382 0.02516902 -0.1716395
176 -0.9956775 0.0926532 0.006460999
177 0.9956775 -0.0926532 -0.006460999
290 -0.96739 0.1862703 -0.1716391
291 0.96739 -0.1862703 0.1716391
178 -0.911213 0.3814957 -0.155409
179 0.911213 -0.3814957 0.155409
292 -0.8115445 0.5585117 -0.1716395
293 0.8115445 -0.5585117 0.1716395
294 0.3340958 0.07886928 -0.9392335
295 -0.3340958 -0.07886928 0.9392335
296 0.6332944 -0.2651397 0.7270758
297 -0.6332944 0.2651397 -0.7270758
298 0.8464414 -0.1356335 -0.5149179
299 -0.8464414 0.1356335 0.5149179
