-0.7123699 -0.3264699 0.621246
-0.2366702 -0.7280684 0.6433535
0.7574699 -0.1302721 0.639741
-0.8379003 -0.1978013 -0.5087215
-0.6179608 -0.4820174 -0.6211149
0.5364588 -0.5495079 -0.6405099
0.8459601 0.5331503 -0.01011587
0.2433406 0.0574449 0.9682383
0.5127801 -0.8439559 -0.1574647
-0.61954 -0.4456109 -0.6462207
-0.7881305 -0.03444218 0.6145439
0.8175799 0.1930044 0.5425057
0.08045591 0.9749637 -0.2072987
-0.5495202 -0.6384826 0.5388577
-0.3997592 -0.8429052 -0.3601438
-0.4008816 -0.8421302 -0.3607086
-0.02883139 -0.5250841 0.8505619
-0.2213739 0.9125024 0.3439957
-0.4034699 -0.9149189 0.01164248
-0.3645483 -0.9310731 -0.0144018
-0.2532096 0.9672958 -0.01495474
0.8027357 0.489332 -0.3408368
-0.9262705 0.1160406 -0.3585492
-0.01510533 -0.5260619 0.8503122
-0.7318245 0.5799872 -0.3578376
0.1695294 -0.9169558 0.3611812
-0.2491549 0.4635437 0.8503228
0.0209242 0.2535536 0.967095
-0.2369924 -0.7276515 0.6437065
-0.6576555 0.4354685 -0.6147003
0.321696 0.4164932 0.8503206
-0.1581301 0.2602568 -0.9525026
0.5374596 -0.5444816 -0.6439543
-0.803525 -0.4877387 -0.3412604
-0.2357821 0.7279274 0.643839
0.167292 0.1943742 -0.9665568
-0.2655294 0.7361635 0.6225412
-0.0706927 -0.8566484 -0.5110344
0.9613529 0.2269444 -0.1558743
-0.842171 -0.5390176 0.01443082
0.3594353 0.867836 -0.3430263
0.3153386 0.8771758 -0.3621108
-0.1589683 0.261636 -0.9519852
0.5081353 -0.836311 -0.2058702
-0.995299 0.09644769 0.008816604
0.2114478 -0.9150768 0.3434012
0.2740912 -0.1147526 -0.9548329
0.25431 -0.4605031 -0.850449
-0.7117335 -0.3268502 0.6217753
0.4371636 -0.7195022 0.5396339
0.9525682 0.2248707 -0.2050535
-0.9956775 0.09265321 0.006460997
-0.911213 0.3814957 -0.155409
-0.3342472 -0.4059148 -0.8505951
0.7100292 -0.6151094 -0.3427813
0.1992161 0.2314669 -0.9522269
0.2458983 0.05804873 0.9675559
-0.4793442 0.2162673 -0.8505632
0.1155179 -0.7557157 0.6446313
0.7749322 -0.3244393 -0.5424198
-0.2573336 0.8964898 0.3606737
0.7060064 -0.6184618 -0.3450506
-0.9044102 0.3786475 -0.1966428
-0.2316527 0.09698524 0.967952
-0.06943664 -0.8414305 -0.5358856
0.7542399 -0.123265 0.6449249
-0.5644713 -0.6558543 0.5012258
-0.6523715 0.437584 -0.6188146
-0.2524903 0.9674909 -0.0144944
0.775317 -0.3246004 -0.5417732
0.9347505 -0.08514464 0.3449521
0.02149961 0.2605291 0.9652266
-0.3932837 -0.6835915 -0.6148419
-0.5159462 -0.1022494 0.8504967
-0.5076196 -0.1375929 0.8505237
0.09243692 -0.7765697 0.6232135
-0.7995676 -0.4923615 -0.3439067
-0.9358195 0.06644909 0.3461594
0.7625563 -0.646907 -0.00440276
-0.7854935 -0.03024587 0.6181304
0.9360546 -0.06913754 -0.3449952
0.3462598 0.6787324 0.6476315
-0.637984 -0.7412676 -0.2085639
-0.4817185 0.2106902 -0.8506215
-0.7346322 0.5749251 -0.3602454
-0.6395549 -0.7430927 -0.1969334
0.436916 -0.7190945 0.5403774
0.8039142 0.4864377 -0.3421993
-0.7727804 0.6345117 0.01433103
0.08064421 0.9772486 -0.1961676
