2
7
-5.000000 53.000000 3.000000 60.000000 60.000000 60.000000
0.000000 50.000000 0.000000 -0.707107 0.000000 0.707107 
-5.000000 113.000000 3.000000 60.000000 60.000000 60.000000
0.000000 50.000000 0.000000 -0.707107 0.000000 0.707107 
-5.000000 -7.000000 3.000000 60.000000 60.000000 60.000000
0.000000 50.000000 0.000000 -0.707107 0.000000 0.707107 50.000000 0.000000 0.000000 -0.000000 0.707107 -0.707107 
115.000000 -7.000000 3.000000 60.000000 60.000000 60.000000
50.000000 0.000000 0.000000 0.000000 -0.707107 0.707107 
55.000000 -7.000000 3.000000 60.000000 60.000000 60.000000
50.000000 0.000000 0.000000 0.000000 -0.707107 0.707107 
-5.000000 -7.000000 3.000000 60.000000 60.000000 60.000000
0.000000 50.000000 0.000000 -0.707107 0.000000 0.707107 50.000000 0.000000 0.000000 0.000000 -0.707107 0.707107 
-5.000000 -7.000000 3.000000 60.000000 60.000000 60.000000
0.000000 50.000000 0.000000 0.707107 -0.000000 -0.707107 50.000000 0.000000 0.000000 0.000000 -0.707107 0.707107 
9
-5.000000 -7.000000 3.000000 60.000000 60.000000 60.000000
0.000000 50.000000 0.000000 0.707107 -0.000000 -0.707107 50.000000 0.000000 0.000000 -0.000000 0.707107 -0.707107 
55.000000 -7.000000 3.000000 60.000000 60.000000 60.000000
50.000000 0.000000 0.000000 -0.000000 0.707107 -0.707107 
115.000000 -7.000000 3.000000 60.000000 60.000000 60.000000
50.000000 0.000000 0.000000 -0.000000 0.707107 -0.707107 
-5.000000 53.000000 3.000000 60.000000 60.000000 60.000000
0.000000 50.000000 0.000000 0.707107 -0.000000 -0.707107 
-5.000000 113.000000 3.000000 60.000000 60.000000 60.000000
0.000000 50.000000 0.000000 0.707107 -0.000000 -0.707107 
55.000000 53.000000 3.000000 60.000000 60.000000 60.000000

115.000000 53.000000 3.000000 60.000000 60.000000 60.000000

55.000000 113.000000 3.000000 60.000000 60.000000 60.000000

115.000000 113.000000 3.000000 60.000000 60.000000 60.000000

