19
30
-59.992783 60.003761 -59.494255 22.000000 22.000000 23.000000

-59.992783 59.503761 -35.994255 22.000000 23.000000 24.000000
-50.992859 50.002495 0.004040 -1.000000 -0.000000 -0.000000 
-59.992783 59.503761 36.005745 22.000000 23.000000 24.000000
-50.992859 50.002495 0.004040 -1.000000 -0.000000 -0.000000 
-59.992783 60.003761 59.505745 22.000000 22.000000 23.000000

-59.992783 36.503761 -35.494255 22.000000 23.000000 23.000000
-49.991859 0.003439 -48.994061 0.000000 0.000000 1.000000 -50.992859 50.002495 0.004040 -1.000000 -0.000000 -0.000000 
-59.992783 36.003761 -11.994255 22.000000 24.000000 24.000000
-50.992859 50.002495 0.004040 -1.000000 -0.000000 -0.000000 
-59.992783 59.503761 -11.994255 22.000000 23.000000 24.000000
-50.992859 50.002495 0.004040 -1.000000 -0.000000 -0.000000 
-59.992783 59.503761 12.005745 22.000000 23.000000 24.000000
-50.992859 50.002495 0.004040 -1.000000 -0.000000 -0.000000 
-59.992783 36.003761 12.005745 22.000000 24.000000 24.000000
-50.992859 50.002495 0.004040 -1.000000 -0.000000 -0.000000 
-59.992783 36.503761 35.505745 22.000000 23.000000 23.000000
-50.992859 50.002495 0.004040 -1.000000 -0.000000 -0.000000 -49.993290 0.004375 49.001930 -0.000000 -0.000000 -1.000000 
11.507217 12.003761 -11.994255 23.000000 22.000000 22.000000

-11.992783 12.003761 -11.994255 24.000000 22.000000 22.000000

-59.492783 12.003761 -11.494255 23.000000 24.000000 23.000000

-35.992783 11.503761 -11.494255 24.000000 23.000000 23.000000

-36.492783 11.503761 11.505745 23.000000 23.000000 23.000000

-36.492783 -11.496239 11.505745 23.000000 23.000000 23.000000

-59.492783 -11.996239 11.505745 23.000000 24.000000 23.000000

-59.492783 12.003761 11.505745 23.000000 24.000000 23.000000

-59.992783 -35.996239 12.005745 22.000000 24.000000 24.000000
-50.992294 -49.994682 0.003832 -1.000000 -0.000000 -0.000000 
-59.992783 -36.496239 35.505745 22.000000 23.000000 23.000000
-50.992294 -49.994682 0.003832 -1.000000 -0.000000 -0.000000 -49.993290 0.004375 49.001930 -0.000000 -0.000000 -1.000000 
-36.492783 -11.496239 -11.494255 23.000000 23.000000 23.000000

-59.992783 -35.996239 -11.994255 22.000000 24.000000 24.000000
-50.992294 -49.994682 0.003832 -1.000000 -0.000000 -0.000000 
-59.492783 -11.996239 -11.494255 23.000000 24.000000 23.000000

-59.992783 -36.496239 -35.494255 22.000000 23.000000 23.000000
-50.992294 -49.994682 0.003832 -1.000000 -0.000000 -0.000000 -49.991859 0.003439 -48.994061 0.000000 0.000000 1.000000 
-59.992783 -59.996239 -59.494255 22.000000 22.000000 23.000000

-59.992783 -59.496239 -35.994255 22.000000 23.000000 24.000000
-50.992294 -49.994682 0.003832 -1.000000 -0.000000 -0.000000 
-59.992783 -59.496239 36.005745 22.000000 23.000000 24.000000
-50.992294 -49.994682 0.003832 -1.000000 -0.000000 -0.000000 
-59.992783 -59.996239 59.505745 22.000000 22.000000 23.000000

-59.992783 -59.496239 -11.994255 22.000000 23.000000 24.000000
-50.992294 -49.994682 0.003832 -1.000000 -0.000000 -0.000000 
-59.992783 -59.496239 12.005745 22.000000 23.000000 24.000000
-50.992294 -49.994682 0.003832 -1.000000 -0.000000 -0.000000 
40
35.507217 -59.496239 60.005745 23.000000 23.000000 22.000000
0.003929 -49.997009 51.003906 0.000000 0.000000 1.000000 
36.007217 -35.996239 60.005745 24.000000 24.000000 22.000000
0.003929 -49.997009 51.003906 0.000000 0.000000 1.000000 50.002983 0.003759 51.003899 0.000000 0.000000 1.000000 
12.007217 -59.496239 60.005745 24.000000 23.000000 22.000000
0.003929 -49.997009 51.003906 0.000000 0.000000 1.000000 
12.007217 -35.996239 60.005745 24.000000 24.000000 22.000000
0.003929 -49.997009 51.003906 0.000000 0.000000 1.000000 
12.007217 -11.496239 12.505745 22.000000 23.000000 23.000000

11.507217 -11.496239 36.005745 23.000000 23.000000 24.000000

12.007217 -11.996239 59.505745 24.000000 24.000000 23.000000

11.507217 11.503761 12.505745 23.000000 23.000000 23.000000

11.507217 11.503761 36.005745 23.000000 23.000000 24.000000

12.007217 12.003761 59.505745 24.000000 24.000000 23.000000

12.007217 59.503761 60.005745 24.000000 23.000000 22.000000
0.005762 50.005146 51.001923 0.000000 0.000000 1.000000 
36.007217 59.503761 60.005745 24.000000 23.000000 22.000000
0.005762 50.005146 51.001923 0.000000 0.000000 1.000000 
12.007217 36.003761 60.005745 24.000000 24.000000 22.000000
0.005762 50.005146 51.001923 0.000000 0.000000 1.000000 
36.007217 36.003761 60.005745 24.000000 24.000000 22.000000
0.005762 50.005146 51.001923 0.000000 0.000000 1.000000 50.002983 0.003759 51.003899 0.000000 0.000000 1.000000 
59.507217 59.503761 60.005745 23.000000 23.000000 22.000000

59.507217 12.003761 60.005745 23.000000 24.000000 22.000000
50.002983 0.003759 51.003899 0.000000 0.000000 1.000000 
59.507217 36.003761 60.005745 23.000000 24.000000 22.000000
50.002983 0.003759 51.003899 0.000000 0.000000 1.000000 
59.507217 -35.496239 60.005745 23.000000 23.000000 22.000000
50.002983 0.003759 51.003899 0.000000 0.000000 1.000000 
59.507217 -11.996239 60.005745 23.000000 24.000000 22.000000
50.002983 0.003759 51.003899 0.000000 0.000000 1.000000 
36.007217 -11.996239 60.005745 24.000000 24.000000 22.000000
50.002983 0.003759 51.003899 0.000000 0.000000 1.000000 
36.007217 12.003761 60.005745 24.000000 24.000000 22.000000
50.002983 0.003759 51.003899 0.000000 0.000000 1.000000 
-11.492783 12.003761 12.505745 23.000000 22.000000 23.000000

-11.492783 11.503761 36.005745 23.000000 23.000000 24.000000

-11.992783 12.003761 59.505745 24.000000 24.000000 23.000000

-59.492783 -11.996239 60.005745 23.000000 24.000000 22.000000
-49.993290 0.004375 51.001930 0.000000 0.000000 1.000000 
-59.492783 12.003761 60.005745 23.000000 24.000000 22.000000
-49.993290 0.004375 51.001930 0.000000 0.000000 1.000000 
-35.992783 -11.996239 60.005745 24.000000 24.000000 22.000000
-49.993290 0.004375 51.001930 0.000000 0.000000 1.000000 
-35.992783 12.003761 60.005745 24.000000 24.000000 22.000000
-49.993290 0.004375 51.001930 0.000000 0.000000 1.000000 
-11.492783 -11.496239 36.505745 23.000000 23.000000 23.000000

-11.992783 -35.996239 60.005745 24.000000 24.000000 22.000000
0.003929 -49.997009 51.003906 0.000000 0.000000 1.000000 
-11.992783 -11.996239 59.505745 24.000000 24.000000 23.000000

-59.492783 -35.496239 60.005745 23.000000 23.000000 22.000000
-49.993290 0.004375 51.001930 0.000000 0.000000 1.000000 
-35.992783 -35.996239 60.005745 24.000000 24.000000 22.000000
-49.993290 0.004375 51.001930 0.000000 0.000000 1.000000 0.003929 -49.997009 51.003906 0.000000 0.000000 1.000000 
-35.492783 -59.496239 60.005745 23.000000 23.000000 22.000000
0.003929 -49.997009 51.003906 0.000000 0.000000 1.000000 
-11.992783 -59.496239 60.005745 24.000000 23.000000 22.000000
0.003929 -49.997009 51.003906 0.000000 0.000000 1.000000 
-11.992783 36.003761 60.005745 24.000000 24.000000 22.000000
0.005762 50.005146 51.001923 0.000000 0.000000 1.000000 
-11.992783 59.503761 60.005745 24.000000 23.000000 22.000000
0.005762 50.005146 51.001923 0.000000 0.000000 1.000000 
-59.492783 35.503761 60.005745 23.000000 23.000000 22.000000
-49.993290 0.004375 51.001930 0.000000 0.000000 1.000000 
-35.992783 36.003761 60.005745 24.000000 24.000000 22.000000
-49.993290 0.004375 51.001930 0.000000 0.000000 1.000000 0.005762 50.005146 51.001923 0.000000 0.000000 1.000000 
-35.492783 59.503761 60.005745 23.000000 23.000000 22.000000
0.005762 50.005146 51.001923 0.000000 0.000000 1.000000 
25
60.007217 -35.996239 12.005745 22.000000 24.000000 24.000000
51.005417 -49.997662 0.005743 1.000000 0.000000 0.000000 
60.007217 -36.496239 35.505745 22.000000 23.000000 23.000000
51.005417 -49.997662 0.005743 1.000000 0.000000 0.000000 50.002983 0.003759 49.003899 -0.000000 -0.000000 -1.000000 
60.007217 -59.996239 59.505745 22.000000 22.000000 23.000000

60.007217 -59.496239 12.005745 22.000000 23.000000 24.000000
51.005417 -49.997662 0.005743 1.000000 0.000000 0.000000 
60.007217 -59.496239 36.005745 22.000000 23.000000 24.000000
51.005417 -49.997662 0.005743 1.000000 0.000000 0.000000 
36.507217 -11.496239 11.505745 23.000000 23.000000 23.000000

36.507217 -11.496239 -11.494255 23.000000 23.000000 23.000000

59.507217 -11.996239 -11.494255 23.000000 24.000000 23.000000

59.507217 -11.996239 11.505745 23.000000 24.000000 23.000000

60.007217 -36.496239 -35.494255 22.000000 23.000000 23.000000
51.005417 -49.997662 0.005743 1.000000 0.000000 0.000000 50.007324 0.002401 -48.993965 0.000000 0.000000 1.000000 
60.007217 -35.996239 -11.994255 22.000000 24.000000 24.000000
51.005417 -49.997662 0.005743 1.000000 0.000000 0.000000 
60.007217 -59.496239 -35.494255 22.000000 23.000000 23.000000
51.005417 -49.997662 0.005743 1.000000 0.000000 0.000000 
60.007217 -59.496239 -11.994255 22.000000 23.000000 24.000000
51.005417 -49.997662 0.005743 1.000000 0.000000 0.000000 
36.507217 11.503761 11.505745 23.000000 23.000000 23.000000

36.507217 11.503761 -11.494255 23.000000 23.000000 23.000000

59.507217 12.003761 -11.494255 23.000000 24.000000 23.000000

59.507217 12.003761 11.505745 23.000000 24.000000 23.000000

60.007217 36.503761 35.505745 22.000000 23.000000 23.000000
51.004890 50.003822 0.004187 1.000000 0.000000 0.000000 50.002983 0.003759 49.003899 -0.000000 -0.000000 -1.000000 
60.007217 36.003761 -11.994255 22.000000 24.000000 24.000000
51.004890 50.003822 0.004187 1.000000 0.000000 0.000000 
60.007217 36.003761 12.005745 22.000000 24.000000 24.000000
51.004890 50.003822 0.004187 1.000000 0.000000 0.000000 
60.007217 36.503761 -35.494255 22.000000 23.000000 23.000000
50.007324 0.002401 -48.993965 0.000000 0.000000 1.000000 51.004890 50.003822 0.004187 1.000000 0.000000 0.000000 
60.007217 59.503761 -35.494255 22.000000 23.000000 23.000000
51.004890 50.003822 0.004187 1.000000 0.000000 0.000000 
60.007217 59.503761 -11.994255 22.000000 23.000000 24.000000
51.004890 50.003822 0.004187 1.000000 0.000000 0.000000 
60.007217 59.503761 12.005745 22.000000 23.000000 24.000000
51.004890 50.003822 0.004187 1.000000 0.000000 0.000000 
60.007217 59.503761 35.505745 22.000000 23.000000 23.000000
51.004890 50.003822 0.004187 1.000000 0.000000 0.000000 
40
59.507217 36.003761 -59.994255 23.000000 24.000000 22.000000
50.007324 0.002401 -50.993965 -0.000000 -0.000000 -1.000000 
59.507217 59.503761 -59.994255 23.000000 23.000000 22.000000

12.007217 59.503761 -59.994255 24.000000 23.000000 22.000000
0.006271 50.001175 -50.993698 -0.000000 -0.000000 -1.000000 
36.007217 59.503761 -59.994255 24.000000 23.000000 22.000000
0.006271 50.001175 -50.993698 -0.000000 -0.000000 -1.000000 
12.007217 36.003761 -59.994255 24.000000 24.000000 22.000000
0.006271 50.001175 -50.993698 -0.000000 -0.000000 -1.000000 
36.007217 36.003761 -59.994255 24.000000 24.000000 22.000000
0.006271 50.001175 -50.993698 -0.000000 -0.000000 -1.000000 50.007324 0.002401 -50.993965 -0.000000 -0.000000 -1.000000 
-11.492783 11.503761 -36.494255 23.000000 23.000000 23.000000

-35.992783 12.003761 -59.994255 24.000000 24.000000 22.000000
-49.991859 0.003439 -50.994061 -0.000000 -0.000000 -1.000000 
-11.992783 12.003761 -59.494255 24.000000 24.000000 23.000000

11.507217 11.503761 -36.494255 23.000000 23.000000 23.000000

12.007217 12.003761 -59.494255 24.000000 24.000000 23.000000

36.007217 12.003761 -59.994255 24.000000 24.000000 22.000000
50.007324 0.002401 -50.993965 -0.000000 -0.000000 -1.000000 
59.507217 -11.996239 -59.994255 23.000000 24.000000 22.000000
50.007324 0.002401 -50.993965 -0.000000 -0.000000 -1.000000 
59.507217 12.003761 -59.994255 23.000000 24.000000 22.000000
50.007324 0.002401 -50.993965 -0.000000 -0.000000 -1.000000 
36.007217 -59.496239 -59.994255 24.000000 23.000000 22.000000
0.009195 -49.995331 -49.994331 -0.000000 -0.000000 -1.000000 
59.507217 -59.496239 -59.994255 23.000000 23.000000 22.000000

59.507217 -35.996239 -59.994255 23.000000 24.000000 22.000000
50.007324 0.002401 -50.993965 -0.000000 -0.000000 -1.000000 
36.007217 -35.996239 -59.994255 24.000000 24.000000 22.000000
0.009195 -49.995331 -49.994331 -0.000000 -0.000000 -1.000000 50.007324 0.002401 -50.993965 -0.000000 -0.000000 -1.000000 
36.007217 -35.996239 -59.994255 24.000000 24.000000 22.000000
0.009195 -49.995331 -49.994331 0.000000 0.000000 1.000000 50.007324 0.002401 -50.993965 -0.000000 -0.000000 -1.000000 
11.507217 -11.496239 -36.494255 23.000000 23.000000 23.000000

12.007217 -11.996239 -59.494255 24.000000 24.000000 23.000000

36.007217 -11.996239 -59.994255 24.000000 24.000000 22.000000
50.007324 0.002401 -50.993965 -0.000000 -0.000000 -1.000000 
-35.992783 -11.996239 -59.994255 24.000000 24.000000 22.000000
-49.991859 0.003439 -50.994061 -0.000000 -0.000000 -1.000000 
-35.992783 -35.996239 -59.994255 24.000000 24.000000 22.000000
-49.991859 0.003439 -50.994061 -0.000000 -0.000000 -1.000000 0.009195 -49.995331 -49.994331 -0.000000 -0.000000 -1.000000 
-35.992783 -35.996239 -59.994255 24.000000 24.000000 22.000000
-49.991859 0.003439 -50.994061 -0.000000 -0.000000 -1.000000 0.009195 -49.995331 -49.994331 0.000000 0.000000 1.000000 
-11.492783 -11.496239 -36.494255 23.000000 23.000000 23.000000

-11.992783 -35.996239 -59.994255 24.000000 24.000000 22.000000
0.009195 -49.995331 -49.994331 -0.000000 -0.000000 -1.000000 
-11.992783 -11.996239 -59.494255 24.000000 24.000000 23.000000

12.007217 -59.496239 -59.994255 24.000000 23.000000 22.000000
0.009195 -49.995331 -49.994331 -0.000000 -0.000000 -1.000000 
12.007217 -35.996239 -59.994255 24.000000 24.000000 22.000000
0.009195 -49.995331 -49.994331 -0.000000 -0.000000 -1.000000 
-35.492783 -59.496239 -59.994255 23.000000 23.000000 22.000000
0.009195 -49.995331 -49.994331 -0.000000 -0.000000 -1.000000 
-11.992783 -59.496239 -59.994255 24.000000 23.000000 22.000000
0.009195 -49.995331 -49.994331 -0.000000 -0.000000 -1.000000 
-35.492783 59.503761 -59.994255 23.000000 23.000000 22.000000
0.006271 50.001175 -50.993698 -0.000000 -0.000000 -1.000000 
-11.992783 59.503761 -59.994255 24.000000 23.000000 22.000000
0.006271 50.001175 -50.993698 -0.000000 -0.000000 -1.000000 
-35.992783 36.003761 -59.994255 24.000000 24.000000 22.000000
-49.991859 0.003439 -50.994061 -0.000000 -0.000000 -1.000000 0.006271 50.001175 -50.993698 -0.000000 -0.000000 -1.000000 
-11.992783 36.003761 -59.994255 24.000000 24.000000 22.000000
0.006271 50.001175 -50.993698 -0.000000 -0.000000 -1.000000 
-59.492783 12.003761 -59.994255 23.000000 24.000000 22.000000
-49.991859 0.003439 -50.994061 -0.000000 -0.000000 -1.000000 
-59.492783 35.503761 -59.994255 23.000000 23.000000 22.000000
-49.991859 0.003439 -50.994061 -0.000000 -0.000000 -1.000000 
-59.492783 -35.496239 -59.994255 23.000000 23.000000 22.000000
-49.991859 0.003439 -50.994061 -0.000000 -0.000000 -1.000000 
-59.492783 -11.996239 -59.994255 23.000000 24.000000 22.000000
-49.991859 0.003439 -50.994061 -0.000000 -0.000000 -1.000000 
8
-11.492783 36.503761 11.505745 23.000000 23.000000 23.000000

-11.492783 36.503761 -11.494255 23.000000 23.000000 23.000000

-11.492783 59.503761 -11.494255 23.000000 23.000000 23.000000

-11.492783 59.503761 11.505745 23.000000 23.000000 23.000000

11.507217 36.503761 11.505745 23.000000 23.000000 23.000000

11.507217 36.503761 -11.494255 23.000000 23.000000 23.000000

11.507217 59.503761 -11.494255 23.000000 23.000000 23.000000

11.507217 59.503761 11.505745 23.000000 23.000000 23.000000

11
11.507217 -59.496239 11.505745 23.000000 23.000000 23.000000

11.507217 -36.496239 11.505745 23.000000 23.000000 23.000000

-11.992783 -12.496239 11.505745 22.000000 23.000000 23.000000

-11.492783 -59.496239 11.505745 23.000000 23.000000 23.000000

-11.492783 -35.996239 11.505745 23.000000 24.000000 23.000000

-11.492783 -12.496239 -11.494255 23.000000 23.000000 23.000000

-11.492783 -59.496239 -11.494255 23.000000 23.000000 23.000000

-11.492783 -35.996239 -11.494255 23.000000 24.000000 23.000000

11.507217 -12.496239 -11.994255 23.000000 23.000000 22.000000

11.507217 -59.496239 -11.494255 23.000000 23.000000 23.000000

11.507217 -35.996239 -11.494255 23.000000 24.000000 23.000000

8
-59.492783 36.503761 11.505745 23.000000 23.000000 23.000000
-48.992859 50.002495 0.004040 1.000000 0.000000 0.000000 
-36.492783 36.503761 11.505745 23.000000 23.000000 23.000000
-48.992859 50.002495 0.004040 1.000000 0.000000 0.000000 
-59.492783 59.503761 11.505745 23.000000 23.000000 23.000000
-48.992859 50.002495 0.004040 1.000000 0.000000 0.000000 
-36.492783 59.503761 11.505745 23.000000 23.000000 23.000000
-48.992859 50.002495 0.004040 1.000000 0.000000 0.000000 
-59.492783 59.503761 -11.494255 23.000000 23.000000 23.000000
-48.992859 50.002495 0.004040 1.000000 0.000000 0.000000 
-36.492783 59.503761 -11.494255 23.000000 23.000000 23.000000
-48.992859 50.002495 0.004040 1.000000 0.000000 0.000000 
-59.492783 36.503761 -11.494255 23.000000 23.000000 23.000000
-48.992859 50.002495 0.004040 1.000000 0.000000 0.000000 
-36.492783 36.503761 -11.494255 23.000000 23.000000 23.000000
-48.992859 50.002495 0.004040 1.000000 0.000000 0.000000 
8
36.507217 36.503761 -11.494255 23.000000 23.000000 23.000000
49.004890 50.003822 0.004187 -1.000000 -0.000000 -0.000000 
59.507217 36.503761 -11.494255 23.000000 23.000000 23.000000
49.004890 50.003822 0.004187 -1.000000 -0.000000 -0.000000 
36.507217 59.503761 -11.494255 23.000000 23.000000 23.000000
49.004890 50.003822 0.004187 -1.000000 -0.000000 -0.000000 
59.507217 59.503761 -11.494255 23.000000 23.000000 23.000000
49.004890 50.003822 0.004187 -1.000000 -0.000000 -0.000000 
36.507217 36.503761 11.505745 23.000000 23.000000 23.000000
49.004890 50.003822 0.004187 -1.000000 -0.000000 -0.000000 
59.507217 36.503761 11.505745 23.000000 23.000000 23.000000
49.004890 50.003822 0.004187 -1.000000 -0.000000 -0.000000 
36.507217 59.503761 11.505745 23.000000 23.000000 23.000000
49.004890 50.003822 0.004187 -1.000000 -0.000000 -0.000000 
59.507217 59.503761 11.505745 23.000000 23.000000 23.000000
49.004890 50.003822 0.004187 -1.000000 -0.000000 -0.000000 
8
11.507217 36.503761 36.505745 23.000000 23.000000 23.000000
0.005762 50.005146 49.001923 -0.000000 -0.000000 -1.000000 
11.507217 36.503761 59.505745 23.000000 23.000000 23.000000
0.005762 50.005146 49.001923 -0.000000 -0.000000 -1.000000 
11.507217 59.503761 36.505745 23.000000 23.000000 23.000000
0.005762 50.005146 49.001923 -0.000000 -0.000000 -1.000000 
11.507217 59.503761 59.505745 23.000000 23.000000 23.000000
0.005762 50.005146 49.001923 -0.000000 -0.000000 -1.000000 
-11.492783 36.503761 36.505745 23.000000 23.000000 23.000000
0.005762 50.005146 49.001923 -0.000000 -0.000000 -1.000000 
-11.492783 36.503761 59.505745 23.000000 23.000000 23.000000
0.005762 50.005146 49.001923 -0.000000 -0.000000 -1.000000 
-11.492783 59.503761 36.505745 23.000000 23.000000 23.000000
0.005762 50.005146 49.001923 -0.000000 -0.000000 -1.000000 
-11.492783 59.503761 59.505745 23.000000 23.000000 23.000000
0.005762 50.005146 49.001923 -0.000000 -0.000000 -1.000000 
8
36.507217 -36.496239 11.505745 23.000000 23.000000 23.000000
49.005417 -49.997662 0.005743 -1.000000 -0.000000 -0.000000 
59.507217 -36.496239 11.505745 23.000000 23.000000 23.000000
49.005417 -49.997662 0.005743 -1.000000 -0.000000 -0.000000 
36.507217 -59.496239 11.505745 23.000000 23.000000 23.000000
49.005417 -49.997662 0.005743 -1.000000 -0.000000 -0.000000 
59.507217 -59.496239 11.505745 23.000000 23.000000 23.000000
49.005417 -49.997662 0.005743 -1.000000 -0.000000 -0.000000 
36.507217 -36.496239 -11.494255 23.000000 23.000000 23.000000
49.005417 -49.997662 0.005743 -1.000000 -0.000000 -0.000000 
59.507217 -36.496239 -11.494255 23.000000 23.000000 23.000000
49.005417 -49.997662 0.005743 -1.000000 -0.000000 -0.000000 
36.507217 -59.496239 -11.494255 23.000000 23.000000 23.000000
49.005417 -49.997662 0.005743 -1.000000 -0.000000 -0.000000 
59.507217 -59.496239 -11.494255 23.000000 23.000000 23.000000
49.005417 -49.997662 0.005743 -1.000000 -0.000000 -0.000000 
8
11.507217 -36.496239 36.505745 23.000000 23.000000 23.000000
0.003929 -49.997009 49.003906 -0.000000 -0.000000 -1.000000 
11.507217 -36.496239 59.505745 23.000000 23.000000 23.000000
0.003929 -49.997009 49.003906 -0.000000 -0.000000 -1.000000 
-11.492783 -36.496239 36.505745 23.000000 23.000000 23.000000
0.003929 -49.997009 49.003906 -0.000000 -0.000000 -1.000000 
-11.492783 -36.496239 59.505745 23.000000 23.000000 23.000000
0.003929 -49.997009 49.003906 -0.000000 -0.000000 -1.000000 
-11.492783 -59.496239 36.505745 23.000000 23.000000 23.000000
0.003929 -49.997009 49.003906 -0.000000 -0.000000 -1.000000 
-11.492783 -59.496239 59.505745 23.000000 23.000000 23.000000
0.003929 -49.997009 49.003906 -0.000000 -0.000000 -1.000000 
11.507217 -59.496239 36.505745 23.000000 23.000000 23.000000
0.003929 -49.997009 49.003906 -0.000000 -0.000000 -1.000000 
11.507217 -59.496239 59.505745 23.000000 23.000000 23.000000
0.003929 -49.997009 49.003906 -0.000000 -0.000000 -1.000000 
8
11.507217 -59.496239 -59.494255 23.000000 23.000000 23.000000
0.009195 -49.995331 -48.994331 0.000000 0.000000 1.000000 
11.507217 -59.496239 -36.494255 23.000000 23.000000 23.000000
0.009195 -49.995331 -48.994331 0.000000 0.000000 1.000000 
11.507217 -36.496239 -59.494255 23.000000 23.000000 23.000000
0.009195 -49.995331 -48.994331 0.000000 0.000000 1.000000 
11.507217 -36.496239 -36.494255 23.000000 23.000000 23.000000
0.009195 -49.995331 -48.994331 0.000000 0.000000 1.000000 
-11.492783 -59.496239 -59.494255 23.000000 23.000000 23.000000
0.009195 -49.995331 -48.994331 0.000000 0.000000 1.000000 
-11.492783 -59.496239 -36.494255 23.000000 23.000000 23.000000
0.009195 -49.995331 -48.994331 0.000000 0.000000 1.000000 
-11.492783 -36.496239 -59.494255 23.000000 23.000000 23.000000
0.009195 -49.995331 -48.994331 0.000000 0.000000 1.000000 
-11.492783 -36.496239 -36.494255 23.000000 23.000000 23.000000
0.009195 -49.995331 -48.994331 0.000000 0.000000 1.000000 
4
-11.492783 36.503761 -35.994255 23.000000 23.000000 22.000000
0.006271 50.001175 -48.993698 0.000000 0.000000 1.000000 
11.507217 36.503761 -35.994255 23.000000 23.000000 22.000000
0.006271 50.001175 -48.993698 0.000000 0.000000 1.000000 
-11.492783 59.503761 -35.994255 23.000000 23.000000 22.000000
0.006271 50.001175 -48.993698 0.000000 0.000000 1.000000 
11.507217 59.503761 -35.994255 23.000000 23.000000 22.000000
0.006271 50.001175 -48.993698 0.000000 0.000000 1.000000 
4
-35.992783 -59.496239 -11.494255 22.000000 23.000000 23.000000
-48.992294 -49.994682 0.003832 1.000000 0.000000 0.000000 
-35.992783 -59.496239 11.505745 22.000000 23.000000 23.000000
-48.992294 -49.994682 0.003832 1.000000 0.000000 0.000000 
-35.992783 -36.496239 -11.494255 22.000000 23.000000 23.000000
-48.992294 -49.994682 0.003832 1.000000 0.000000 0.000000 
-35.992783 -36.496239 11.505745 22.000000 23.000000 23.000000
-48.992294 -49.994682 0.003832 1.000000 0.000000 0.000000 
8
36.507217 -11.496239 36.505745 23.000000 23.000000 23.000000
50.002983 0.003759 49.003899 -0.000000 -0.000000 -1.000000 
36.507217 -11.496239 59.505745 23.000000 23.000000 23.000000
50.002983 0.003759 49.003899 -0.000000 -0.000000 -1.000000 
59.507217 -11.496239 36.505745 23.000000 23.000000 23.000000
50.002983 0.003759 49.003899 -0.000000 -0.000000 -1.000000 
59.507217 -11.496239 59.505745 23.000000 23.000000 23.000000
50.002983 0.003759 49.003899 -0.000000 -0.000000 -1.000000 
59.507217 11.503761 36.505745 23.000000 23.000000 23.000000
50.002983 0.003759 49.003899 -0.000000 -0.000000 -1.000000 
59.507217 11.503761 59.505745 23.000000 23.000000 23.000000
50.002983 0.003759 49.003899 -0.000000 -0.000000 -1.000000 
36.507217 11.503761 36.505745 23.000000 23.000000 23.000000
50.002983 0.003759 49.003899 -0.000000 -0.000000 -1.000000 
36.507217 11.503761 59.505745 23.000000 23.000000 23.000000
50.002983 0.003759 49.003899 -0.000000 -0.000000 -1.000000 
9
-36.492783 -11.496239 36.505745 23.000000 23.000000 23.000000
-49.993290 0.004375 49.001930 -0.000000 -0.000000 -1.000000 
-36.492783 -11.496239 59.505745 23.000000 23.000000 23.000000
-49.993290 0.004375 49.001930 -0.000000 -0.000000 -1.000000 
-36.492783 11.503761 36.505745 23.000000 23.000000 23.000000
-49.993290 0.004375 49.001930 -0.000000 -0.000000 -1.000000 
-36.492783 11.503761 59.505745 23.000000 23.000000 23.000000
-49.993290 0.004375 49.001930 -0.000000 -0.000000 -1.000000 
-59.492783 11.503761 36.505745 23.000000 23.000000 23.000000
-49.993290 0.004375 49.001930 -0.000000 -0.000000 -1.000000 
-59.492783 11.503761 59.505745 23.000000 23.000000 23.000000
-49.993290 0.004375 49.001930 -0.000000 -0.000000 -1.000000 
-59.992783 -35.496239 60.005745 22.000000 23.000000 22.000000
-49.993290 0.004375 49.001930 -0.000000 -0.000000 -1.000000 
-59.492783 -11.496239 36.505745 23.000000 23.000000 23.000000
-49.993290 0.004375 49.001930 -0.000000 -0.000000 -1.000000 
-59.492783 -11.996239 59.505745 23.000000 24.000000 23.000000
-49.993290 0.004375 49.001930 -0.000000 -0.000000 -1.000000 
4
36.507217 -11.496239 -35.994255 23.000000 23.000000 22.000000
50.007324 0.002401 -48.993965 0.000000 0.000000 1.000000 
59.507217 -11.496239 -35.994255 23.000000 23.000000 22.000000
50.007324 0.002401 -48.993965 0.000000 0.000000 1.000000 
36.507217 11.503761 -35.994255 23.000000 23.000000 22.000000
50.007324 0.002401 -48.993965 0.000000 0.000000 1.000000 
59.507217 11.503761 -35.994255 23.000000 23.000000 22.000000
50.007324 0.002401 -48.993965 0.000000 0.000000 1.000000 
4
-59.492783 -11.496239 -35.994255 23.000000 23.000000 22.000000
-49.991859 0.003439 -48.994061 0.000000 0.000000 1.000000 
-59.492783 11.503761 -35.994255 23.000000 23.000000 22.000000
-49.991859 0.003439 -48.994061 0.000000 0.000000 1.000000 
-36.492783 -11.496239 -35.994255 23.000000 23.000000 22.000000
-49.991859 0.003439 -48.994061 0.000000 0.000000 1.000000 
-36.492783 11.503761 -35.994255 23.000000 23.000000 22.000000
-49.991859 0.003439 -48.994061 0.000000 0.000000 1.000000 
41
-59.492783 36.003761 59.505745 23.000000 22.000000 23.000000
-49.993290 0.004375 49.001930 -0.000000 -0.000000 -1.000000 
-59.492783 36.503761 -35.994255 23.000000 23.000000 22.000000
-49.991859 0.003439 -48.994061 0.000000 0.000000 1.000000 -48.992859 50.002495 0.004040 1.000000 0.000000 0.000000 
-59.492783 36.503761 36.505745 23.000000 23.000000 23.000000
-48.992859 50.002495 0.004040 1.000000 0.000000 0.000000 -49.993290 0.004375 49.001930 -0.000000 -0.000000 -1.000000 
-59.492783 59.503761 -35.994255 23.000000 23.000000 22.000000
-48.992859 50.002495 0.004040 1.000000 0.000000 0.000000 
-59.492783 59.503761 36.005745 23.000000 23.000000 22.000000
-48.992859 50.002495 0.004040 1.000000 0.000000 0.000000 
-35.992783 -59.996239 -59.494255 22.000000 22.000000 23.000000
0.009195 -49.995331 -48.994331 0.000000 0.000000 1.000000 
-35.992783 -59.496239 -36.494255 22.000000 23.000000 23.000000
-48.992294 -49.994682 0.003832 1.000000 0.000000 0.000000 0.009195 -49.995331 -48.994331 0.000000 0.000000 1.000000 
-35.992783 -59.496239 36.505745 22.000000 23.000000 23.000000
-48.992294 -49.994682 0.003832 1.000000 0.000000 0.000000 0.003929 -49.997009 49.003906 -0.000000 -0.000000 -1.000000 
-35.992783 -59.496239 59.505745 22.000000 23.000000 23.000000
0.003929 -49.997009 49.003906 -0.000000 -0.000000 -1.000000 
-35.992783 -36.496239 -35.994255 22.000000 23.000000 22.000000
-48.992294 -49.994682 0.003832 1.000000 0.000000 0.000000 -49.991859 0.003439 -48.994061 0.000000 0.000000 1.000000 0.009195 -49.995331 -48.994331 0.000000 0.000000 1.000000 
-35.992783 -36.496239 36.505745 22.000000 23.000000 23.000000
-48.992294 -49.994682 0.003832 1.000000 0.000000 0.000000 -49.993290 0.004375 49.001930 -0.000000 -0.000000 -1.000000 0.003929 -49.997009 49.003906 -0.000000 -0.000000 -1.000000 
-35.992783 -36.496239 59.505745 22.000000 23.000000 23.000000
-49.993290 0.004375 49.001930 -0.000000 -0.000000 -1.000000 0.003929 -49.997009 49.003906 -0.000000 -0.000000 -1.000000 
-36.492783 36.503761 -35.994255 23.000000 23.000000 22.000000
-49.991859 0.003439 -48.994061 0.000000 0.000000 1.000000 -48.992859 50.002495 0.004040 1.000000 0.000000 0.000000 0.006271 50.001175 -48.993698 0.000000 0.000000 1.000000 
-36.492783 36.503761 36.505745 23.000000 23.000000 23.000000
-48.992859 50.002495 0.004040 1.000000 0.000000 0.000000 -49.993290 0.004375 49.001930 -0.000000 -0.000000 -1.000000 0.005762 50.005146 49.001923 -0.000000 -0.000000 -1.000000 
-36.492783 36.503761 59.505745 23.000000 23.000000 23.000000
-49.993290 0.004375 49.001930 -0.000000 -0.000000 -1.000000 0.005762 50.005146 49.001923 -0.000000 -0.000000 -1.000000 
-36.492783 59.503761 -35.994255 23.000000 23.000000 22.000000
-48.992859 50.002495 0.004040 1.000000 0.000000 0.000000 0.006271 50.001175 -48.993698 0.000000 0.000000 1.000000 
-36.492783 59.503761 36.505745 23.000000 23.000000 23.000000
-48.992859 50.002495 0.004040 1.000000 0.000000 0.000000 0.005762 50.005146 49.001923 -0.000000 -0.000000 -1.000000 
-35.992783 59.503761 59.505745 22.000000 23.000000 23.000000
0.005762 50.005146 49.001923 -0.000000 -0.000000 -1.000000 
36.007217 -59.996239 -59.494255 22.000000 22.000000 23.000000
0.009195 -49.995331 -48.994331 0.000000 0.000000 1.000000 
36.507217 -59.496239 -36.494255 23.000000 23.000000 23.000000
0.009195 -49.995331 -48.994331 0.000000 0.000000 1.000000 49.005417 -49.997662 0.005743 -1.000000 -0.000000 -0.000000 
36.507217 -59.496239 36.505745 23.000000 23.000000 23.000000
0.003929 -49.997009 49.003906 -0.000000 -0.000000 -1.000000 49.005417 -49.997662 0.005743 -1.000000 -0.000000 -0.000000 
36.007217 -59.496239 59.505745 22.000000 23.000000 23.000000
0.003929 -49.997009 49.003906 -0.000000 -0.000000 -1.000000 
36.507217 -36.496239 -35.994255 23.000000 23.000000 22.000000
0.009195 -49.995331 -48.994331 0.000000 0.000000 1.000000 49.005417 -49.997662 0.005743 -1.000000 -0.000000 -0.000000 50.007324 0.002401 -48.993965 0.000000 0.000000 1.000000 
36.507217 -36.496239 36.505745 23.000000 23.000000 23.000000
0.003929 -49.997009 49.003906 -0.000000 -0.000000 -1.000000 49.005417 -49.997662 0.005743 -1.000000 -0.000000 -0.000000 50.002983 0.003759 49.003899 -0.000000 -0.000000 -1.000000 
36.507217 -36.496239 59.505745 23.000000 23.000000 23.000000
0.003929 -49.997009 49.003906 -0.000000 -0.000000 -1.000000 50.002983 0.003759 49.003899 -0.000000 -0.000000 -1.000000 
36.507217 36.503761 -35.994255 23.000000 23.000000 22.000000
0.006271 50.001175 -48.993698 0.000000 0.000000 1.000000 50.007324 0.002401 -48.993965 0.000000 0.000000 1.000000 49.004890 50.003822 0.004187 -1.000000 -0.000000 -0.000000 
36.507217 36.503761 36.505745 23.000000 23.000000 23.000000
0.005762 50.005146 49.001923 -0.000000 -0.000000 -1.000000 49.004890 50.003822 0.004187 -1.000000 -0.000000 -0.000000 50.002983 0.003759 49.003899 -0.000000 -0.000000 -1.000000 
36.507217 36.503761 59.505745 23.000000 23.000000 23.000000
0.005762 50.005146 49.001923 -0.000000 -0.000000 -1.000000 50.002983 0.003759 49.003899 -0.000000 -0.000000 -1.000000 
36.507217 59.503761 -35.994255 23.000000 23.000000 22.000000
0.006271 50.001175 -48.993698 0.000000 0.000000 1.000000 49.004890 50.003822 0.004187 -1.000000 -0.000000 -0.000000 
36.507217 59.503761 36.505745 23.000000 23.000000 23.000000
0.005762 50.005146 49.001923 -0.000000 -0.000000 -1.000000 49.004890 50.003822 0.004187 -1.000000 -0.000000 -0.000000 
36.007217 59.503761 59.505745 22.000000 23.000000 23.000000
0.005762 50.005146 49.001923 -0.000000 -0.000000 -1.000000 
59.507217 -59.496239 -35.994255 23.000000 23.000000 22.000000
49.005417 -49.997662 0.005743 -1.000000 -0.000000 -0.000000 
59.507217 -59.496239 36.005745 23.000000 23.000000 22.000000
49.005417 -49.997662 0.005743 -1.000000 -0.000000 -0.000000 
59.507217 -36.496239 -35.994255 23.000000 23.000000 22.000000
49.005417 -49.997662 0.005743 -1.000000 -0.000000 -0.000000 50.007324 0.002401 -48.993965 0.000000 0.000000 1.000000 
59.507217 -36.496239 36.505745 23.000000 23.000000 23.000000
49.005417 -49.997662 0.005743 -1.000000 -0.000000 -0.000000 50.002983 0.003759 49.003899 -0.000000 -0.000000 -1.000000 
59.507217 -35.996239 59.505745 23.000000 22.000000 23.000000
50.002983 0.003759 49.003899 -0.000000 -0.000000 -1.000000 
59.507217 36.503761 -35.994255 23.000000 23.000000 22.000000
50.007324 0.002401 -48.993965 0.000000 0.000000 1.000000 49.004890 50.003822 0.004187 -1.000000 -0.000000 -0.000000 
59.507217 36.503761 36.505745 23.000000 23.000000 23.000000
49.004890 50.003822 0.004187 -1.000000 -0.000000 -0.000000 50.002983 0.003759 49.003899 -0.000000 -0.000000 -1.000000 
59.507217 36.003761 59.505745 23.000000 22.000000 23.000000
50.002983 0.003759 49.003899 -0.000000 -0.000000 -1.000000 
59.507217 59.503761 -35.994255 23.000000 23.000000 22.000000
49.004890 50.003822 0.004187 -1.000000 -0.000000 -0.000000 
59.507217 59.503761 36.005745 23.000000 23.000000 22.000000
49.004890 50.003822 0.004187 -1.000000 -0.000000 -0.000000 
