32.260002
18.410000
19.090000
29.930000
44.080002
148.600006
33.220001
23.389999
177.369995
147.279999
33.570000
16.630001
3.300000
174.550003
155.909988
145.190002
144.009995
139.339996
143.389999
142.349991
83.970001
94.050003
93.019997
107.149994
103.049995
81.570000
123.810005
120.889999
104.280006
95.199997
92.680000
84.010002
86.589996
87.000000
95.980003
81.720001
34.529999
5.320000
158.240005
116.400002
116.949997
128.669998
136.880005
116.610001
105.930000
65.210007
95.540001
85.959999
88.380005
86.410004
90.889999
83.610001
89.070000
89.949997
91.050003
79.800003
64.919998
72.989998
73.180000
87.070000
4.020000
77.459999
4.210000
0.880000
90.830002
97.050003
91.230003
0.480000
98.760002
94.239998
94.930000
88.619995
0.000000
-0.080000
0.000000
