33
0.000000 0.000000 1.000000 98
-1.000000 0.000000 0.000000 98
1.000000 0.000000 0.000000 98
0.000000 0.000000 -1.000000 98
0.000000 -1.000000 0.000000 98
0.000000 -1.000000 0.000000 98
0.000000 0.000000 1.000000 98
1.000000 0.000000 0.000000 98
0.000000 1.000000 0.000000 98
-1.000000 0.000000 0.000000 12
1.000000 0.000000 0.000000 3
0.000000 1.000000 0.000000 98
-1.000000 0.000000 0.000000 24
0.000000 -1.000000 0.000000 15
0.000000 0.000000 1.000000 15
0.000000 -1.000000 0.000000 98
0.000000 -1.000000 0.000000 98
-1.000000 0.000000 0.000000 98
0.000000 1.000000 0.000000 15
0.000000 0.000000 1.000000 13
-1.000000 0.000000 0.000000 98
0.000000 0.000000 1.000000 8
0.000000 0.000000 -1.000000 13
1.000000 0.000000 0.000000 98
1.000000 0.000000 0.000000 98
0.000000 -1.000000 0.000000 98
-1.000000 0.000000 0.000000 98
0.000000 0.000000 -1.000000 98
-1.000000 0.000000 0.000000 98
0.000000 -1.000000 0.000000 98
0.000000 -1.000000 0.000000 98
0.000000 0.000000 -1.000000 98
0 0 0 0
0
22
13
9
12
11
10
5
6
18
15
7
4
14
21
8
19
3
2
1
27
17
23
28
32
26
20
25
31
29
30
24
16
