0.6940534 0.7140167 -0.0920331 
0.694074 0.7139952 -0.0920437 
0.6940495 0.7140178 -0.09205414 
0.6940379 0.7140288 -0.09205631 
0.694055 0.714016 -0.09202604 
-0.6923454 -0.7155464 0.09301212 
-0.691597 -0.7163133 0.09267661 
-0.6912451 -0.7166118 0.09299319 
-0.6914306 -0.7163954 0.09328084 
-0.692345 -0.7155485 0.09299973 
0.6920255 0.7160907 -0.09118636 
0.6907718 0.7172419 -0.09164336 
0.6904289 0.7176257 -0.09122156 
0.6909041 0.7172281 -0.09074945 
0.692025 0.7160913 -0.09118471 
-0.6926706 -0.7153066 0.0924324 
-0.6923574 -0.7155075 0.09322092 
-0.6924972 -0.7153324 0.09352566 
-0.6927364 -0.7151405 0.09322169 
-0.6926586 -0.7153179 0.09243628 
0.6915007 0.7154409 -0.09985667 
0.6916017 0.7151423 -0.101285 
0.6911504 0.7155002 -0.1018358 
0.6909439 0.7157844 -0.1012386 
0.6915005 0.7154407 -0.09985794 
-0.6881289 -0.7184797 0.1013197 
-0.6869173 -0.7196993 0.1008836 
-0.6863436 -0.7201659 0.1014569 
-0.6866931 -0.7197692 0.1019064 
-0.6881288 -0.7184786 0.1013282 
0.6897761 0.7176596 -0.09577911 
0.6892948 0.7180952 -0.09597897 
0.689154 0.7182531 -0.09580792 
0.6893533 0.7180874 -0.09561663 
0.6897787 0.7176575 -0.09577582 
-0.6883859 -0.7186729 0.09815353 
-0.6883827 -0.718677 0.09814642 
-0.6883876 -0.7186717 0.09815068 
-0.6883769 -0.7186823 0.09814776 
-0.6883909 -0.7186697 0.09814218 
0.6895486 0.7169251 -0.1026695 
0.6893007 0.7169999 -0.1038072 
0.6889611 0.7173156 -0.1038799 
0.6889821 0.7173491 -0.1035087 
0.6895532 0.7169206 -0.1026707 
-0.6886443 -0.7180399 0.1009347 
-0.686787 -0.7197776 0.1012121 
-0.6863688 -0.7200094 0.1023933 
-0.6868485 -0.7195182 0.1026289 
-0.68864 -0.7180431 0.1009412 
0.6957055 0.7122552 -0.09320173 
0.697928 0.7103632 -0.09099847 
0.6984961 0.7097636 -0.09131753 
0.697964 0.7100991 -0.09276631 
0.6957169 0.7122449 -0.09319443 
-0.6932222 -0.7148803 0.09159295 
-0.6948212 -0.7136165 0.08930246 
-0.6949284 -0.7136682 0.0880472 
-0.6937796 -0.7147694 0.08817373 
-0.6932261 -0.7148786 0.09157707 
-0.6899593 -0.7182747 0.08965241 
-0.4387063 0.5256265 0.7288715 
-0.6940642 -0.7143349 0.08944527 
0.6889136 0.7185537 -0.0952815 
-0.4764156 0.552156 0.6842163 
-0.5850266 0.4800651 -0.6536678 
-0.6091504 0.494423 -0.620066 
0.6930096 0.7146279 -0.09510347 
-0.5914378 0.4935691 -0.637645 
-0.4354613 0.5237621 0.7321522 
-0.5856705 0.4845494 -0.6497708 
-0.4354806 0.519904 0.7348855 
