61 72
52.74313 -120.3086 44.45284
36.90131 -120.0671 59.08397
17.69755 -119.8019 68.06166
-3.189549 -119.5353 70.96471
-24.08136 -119.2892 67.3714
-43.299 -119.0865 56.8599
-55.29664 -118.9451 43.1173
-64.36349 -118.8025 23.97173
-68.811 -118.7033 1.901711
-66.95152 -118.6923 -20.61341
-57.09706 -118.8142 -41.09456
-38.09618 -119.0863 -58.52548
-16.64776 -119.397 -67.26236
5.383947 -119.7105 -68.51967
26.13601 -119.9927 -63.51246
43.74461 -120.2082 -53.45491
54.1105 -120.3359 -40.83609
62.07666 -120.45 -22.05041
65.75938 -120.5101 0.2163941
63.27598 -120.4764 23.27911
56.48989 -31.4094 45.67039
38.54599 -31.01014 62.16979
17.83217 -30.53712 70.21748
-3.71719 -30.04943 71.04005
-24.16827 -29.60658 65.86462
-41.58684 -29.26713 55.91741
-53.89793 -29.03584 42.66117
-63.33583 -28.83171 24.56852
-68.15847 -28.69604 3.284001
-66.62281 -28.67066 -19.54813
-56.98626 -28.79762 -42.28382
-40.16686 -29.07636 -60.48919
-20.2067 -29.44228 -69.83939
1.360475 -29.86337 -71.04005
23.0007 -30.30723 -64.79723
43.18018 -30.74178 -51.8157
54.17638 -31.02232 -39.19052
63.57715 -31.31988 -21.20867
68.811 -31.54364 0.2094133
67.30577 -31.60364 23.14262
62.11441 118.347 47.29675
47.0839 118.7041 58.07059
28.0555 119.1787 57.82064
8.210049 119.6802 50.73338
-9.271665 120.118 40.996
-21.20833 120.4019 32.79499
-29.36716 120.4724 26.6207
-42.75595 120.5101 14.44627
-55.64374 120.4923 -2.326303
-62.29927 120.3972 -22.29431
-56.99147 120.2022 -44.05556
-42.11583 119.9976 -57.04676
-23.55289 119.836 -57.92809
-3.917353 119.6982 -50.88964
14.17539 119.5649 -40.12211
28.1109 119.4164 -29.81591
36.70766 119.2126 -23.0338
50.10321 118.8388 -10.4604
62.60069 118.4601 6.433487
68.5033 118.2412 26.17618
-0.5850704 -119.891 2.837416
0 1
1 2
2 3
3 4
4 5
0 19
18 19
17 18
16 17
15 16
5 6
6 7
7 8
8 9
9 10
14 15
13 14
12 13
11 12
10 11
20 21
21 22
22 23
23 24
24 25
20 39
38 39
37 38
36 37
35 36
25 26
26 27
27 28
28 29
29 30
34 35
33 34
32 33
31 32
30 31
40 41
41 42
42 43
43 44
44 45
40 59
58 59
57 58
56 57
55 56
45 46
46 47
47 48
48 49
49 50
54 55
53 54
52 53
51 52
50 51
15 60
20 40
0 60
10 60
30 50
25 45
35 55
5 60
15 35
0 20
5 25
10 30
