3
44
105.000000 -49.000000 1.000000 52.000000 52.000000 52.000000
100.000000 -50.000000 0.000000 -0.000000 -0.000000 -1.000000 
-103.000000 -49.000000 1.000000 52.000000 52.000000 52.000000
-100.000000 -50.000000 0.000000 -0.000000 -0.000000 -1.000000 
53.000000 -101.000000 1.000000 52.000000 52.000000 52.000000
50.000000 -100.000000 0.000000 -0.000000 -0.000000 -1.000000 
-103.000000 -153.000000 1.000000 52.000000 52.000000 52.000000
-100.000000 -150.000000 0.000000 -0.000000 -0.000000 -1.000000 
-155.000000 3.000000 1.000000 52.000000 52.000000 52.000000
-150.000000 0.000000 0.000000 -0.000000 -0.000000 -1.000000 
-155.000000 -49.000000 1.000000 52.000000 52.000000 52.000000
-100.000000 -50.000000 0.000000 -0.000000 -0.000000 -1.000000 -150.000000 0.000000 0.000000 -0.000000 -0.000000 -1.000000 -150.000000 -100.000000 0.000000 -0.000000 -0.000000 -1.000000 
-155.000000 -153.000000 1.000000 52.000000 52.000000 52.000000
-100.000000 -150.000000 0.000000 -0.000000 -0.000000 -1.000000 -150.000000 -100.000000 0.000000 -0.000000 -0.000000 -1.000000 
-155.000000 -101.000000 1.000000 52.000000 52.000000 52.000000
-150.000000 -100.000000 0.000000 -0.000000 -0.000000 -1.000000 
-51.000000 -153.000000 1.000000 52.000000 52.000000 52.000000
-100.000000 -150.000000 0.000000 -0.000000 -0.000000 -1.000000 0.000000 -150.000000 0.000000 -0.000000 -0.000000 -1.000000 -50.000000 -100.000000 0.000000 -0.000000 -0.000000 -1.000000 
1.000000 -153.000000 1.000000 52.000000 52.000000 52.000000
0.000000 -150.000000 0.000000 -0.000000 -0.000000 -1.000000 
53.000000 -153.000000 1.000000 52.000000 52.000000 52.000000
0.000000 -150.000000 0.000000 -0.000000 -0.000000 -1.000000 100.000000 -150.000000 0.000000 -0.000000 -0.000000 -1.000000 50.000000 -100.000000 0.000000 -0.000000 -0.000000 -1.000000 
157.000000 55.000000 1.000000 52.000000 52.000000 52.000000
100.000000 50.000000 0.000000 -0.000000 -0.000000 -1.000000 150.000000 100.000000 0.000000 -0.000000 -0.000000 -1.000000 150.000000 0.000000 0.000000 -0.000000 -0.000000 -1.000000 
105.000000 -153.000000 1.000000 52.000000 52.000000 52.000000
100.000000 -150.000000 0.000000 -0.000000 -0.000000 -1.000000 
157.000000 3.000000 1.000000 52.000000 52.000000 52.000000
150.000000 0.000000 0.000000 -0.000000 -0.000000 -1.000000 
157.000000 -49.000000 1.000000 52.000000 52.000000 52.000000
100.000000 -50.000000 0.000000 -0.000000 -0.000000 -1.000000 150.000000 0.000000 0.000000 -0.000000 -0.000000 -1.000000 150.000000 -100.000000 0.000000 -0.000000 -0.000000 -1.000000 
157.000000 -153.000000 1.000000 52.000000 52.000000 52.000000
100.000000 -150.000000 0.000000 -0.000000 -0.000000 -1.000000 150.000000 -100.000000 0.000000 -0.000000 -0.000000 -1.000000 
157.000000 -101.000000 1.000000 52.000000 52.000000 52.000000
150.000000 -100.000000 0.000000 -0.000000 -0.000000 -1.000000 
105.000000 55.000000 1.000000 52.000000 52.000000 52.000000
100.000000 50.000000 0.000000 -0.000000 -0.000000 -1.000000 
1.000000 -49.000000 1.000000 52.000000 52.000000 52.000000
0.000000 -50.000000 0.000000 -0.000000 -0.000000 -1.000000 
1.000000 3.000000 1.000000 52.000000 52.000000 52.000000

1.000000 55.000000 1.000000 52.000000 52.000000 52.000000
0.000000 50.000000 0.000000 -0.000000 -0.000000 -1.000000 
-103.000000 55.000000 1.000000 52.000000 52.000000 52.000000
-100.000000 50.000000 0.000000 -0.000000 -0.000000 -1.000000 
-103.000000 107.000000 1.000000 52.000000 52.000000 52.000000

1.000000 107.000000 1.000000 52.000000 52.000000 52.000000

105.000000 107.000000 1.000000 52.000000 52.000000 52.000000

-51.000000 -101.000000 1.000000 52.000000 52.000000 52.000000
-50.000000 -100.000000 0.000000 -0.000000 -0.000000 -1.000000 
-51.000000 -49.000000 1.000000 52.000000 52.000000 52.000000
-100.000000 -50.000000 0.000000 -0.000000 -0.000000 -1.000000 0.000000 -50.000000 0.000000 -0.000000 -0.000000 -1.000000 -50.000000 0.000000 0.000000 -0.000000 -0.000000 -1.000000 -50.000000 -100.000000 0.000000 -0.000000 -0.000000 -1.000000 
-51.000000 3.000000 1.000000 52.000000 52.000000 52.000000
-50.000000 0.000000 0.000000 -0.000000 -0.000000 -1.000000 
-51.000000 55.000000 1.000000 52.000000 52.000000 52.000000
-100.000000 50.000000 0.000000 -0.000000 -0.000000 -1.000000 0.000000 50.000000 0.000000 -0.000000 -0.000000 -1.000000 -50.000000 100.000000 0.000000 -0.000000 -0.000000 -1.000000 -50.000000 0.000000 0.000000 -0.000000 -0.000000 -1.000000 
53.000000 -49.000000 1.000000 52.000000 52.000000 52.000000
0.000000 -50.000000 0.000000 -0.000000 -0.000000 -1.000000 100.000000 -50.000000 0.000000 -0.000000 -0.000000 -1.000000 50.000000 0.000000 0.000000 -0.000000 -0.000000 -1.000000 50.000000 -100.000000 0.000000 -0.000000 -0.000000 -1.000000 
-51.000000 107.000000 1.000000 52.000000 52.000000 52.000000
-50.000000 100.000000 0.000000 -0.000000 -0.000000 -1.000000 
53.000000 3.000000 1.000000 52.000000 52.000000 52.000000
50.000000 0.000000 0.000000 -0.000000 -0.000000 -1.000000 
-51.000000 159.000000 1.000000 52.000000 52.000000 52.000000
-100.000000 150.000000 0.000000 -0.000000 -0.000000 -1.000000 0.000000 150.000000 0.000000 -0.000000 -0.000000 -1.000000 -50.000000 100.000000 0.000000 -0.000000 -0.000000 -1.000000 
-155.000000 55.000000 1.000000 52.000000 52.000000 52.000000
-100.000000 50.000000 0.000000 -0.000000 -0.000000 -1.000000 -150.000000 100.000000 0.000000 -0.000000 -0.000000 -1.000000 -150.000000 0.000000 0.000000 -0.000000 -0.000000 -1.000000 
-103.000000 159.000000 1.000000 52.000000 52.000000 52.000000
-100.000000 150.000000 0.000000 -0.000000 -0.000000 -1.000000 
-155.000000 107.000000 1.000000 52.000000 52.000000 52.000000
-150.000000 100.000000 0.000000 -0.000000 -0.000000 -1.000000 
-155.000000 159.000000 1.000000 52.000000 52.000000 52.000000
-100.000000 150.000000 0.000000 -0.000000 -0.000000 -1.000000 -150.000000 100.000000 0.000000 -0.000000 -0.000000 -1.000000 
53.000000 55.000000 1.000000 52.000000 52.000000 52.000000
0.000000 50.000000 0.000000 -0.000000 -0.000000 -1.000000 100.000000 50.000000 0.000000 -0.000000 -0.000000 -1.000000 50.000000 100.000000 0.000000 -0.000000 -0.000000 -1.000000 50.000000 0.000000 0.000000 -0.000000 -0.000000 -1.000000 
53.000000 107.000000 1.000000 52.000000 52.000000 52.000000
50.000000 100.000000 0.000000 -0.000000 -0.000000 -1.000000 
1.000000 159.000000 1.000000 52.000000 52.000000 52.000000
0.000000 150.000000 0.000000 -0.000000 -0.000000 -1.000000 
53.000000 159.000000 1.000000 52.000000 52.000000 52.000000
0.000000 150.000000 0.000000 -0.000000 -0.000000 -1.000000 100.000000 150.000000 0.000000 -0.000000 -0.000000 -1.000000 50.000000 100.000000 0.000000 -0.000000 -0.000000 -1.000000 
105.000000 159.000000 1.000000 52.000000 52.000000 52.000000
100.000000 150.000000 0.000000 -0.000000 -0.000000 -1.000000 
157.000000 107.000000 1.000000 52.000000 52.000000 52.000000
150.000000 100.000000 0.000000 -0.000000 -0.000000 -1.000000 
157.000000 159.000000 1.000000 52.000000 52.000000 52.000000
100.000000 150.000000 0.000000 -0.000000 -0.000000 -1.000000 150.000000 100.000000 0.000000 -0.000000 -0.000000 -1.000000 
45
53.000000 107.000000 1.000000 52.000000 52.000000 52.000000
50.000000 100.000000 0.000000 0.000000 0.000000 1.000000 
53.000000 3.000000 1.000000 52.000000 52.000000 52.000000
50.000000 0.000000 0.000000 0.000000 0.000000 1.000000 
105.000000 3.000000 1.000000 52.000000 52.000000 52.000000

53.000000 -101.000000 1.000000 52.000000 52.000000 52.000000
50.000000 -100.000000 0.000000 0.000000 0.000000 1.000000 
105.000000 -101.000000 1.000000 52.000000 52.000000 52.000000

53.000000 55.000000 1.000000 52.000000 52.000000 52.000000
0.000000 50.000000 0.000000 0.000000 0.000000 1.000000 100.000000 50.000000 0.000000 0.000000 0.000000 1.000000 50.000000 100.000000 0.000000 0.000000 0.000000 1.000000 50.000000 0.000000 0.000000 0.000000 0.000000 1.000000 
53.000000 -49.000000 1.000000 52.000000 52.000000 52.000000
0.000000 -50.000000 0.000000 0.000000 0.000000 1.000000 100.000000 -50.000000 0.000000 0.000000 0.000000 1.000000 50.000000 0.000000 0.000000 0.000000 0.000000 1.000000 50.000000 -100.000000 0.000000 0.000000 0.000000 1.000000 
105.000000 -49.000000 1.000000 52.000000 52.000000 52.000000
100.000000 -50.000000 0.000000 0.000000 0.000000 1.000000 
105.000000 55.000000 1.000000 52.000000 52.000000 52.000000
100.000000 50.000000 0.000000 0.000000 0.000000 1.000000 
157.000000 107.000000 1.000000 52.000000 52.000000 52.000000
150.000000 100.000000 0.000000 0.000000 0.000000 1.000000 
157.000000 159.000000 1.000000 52.000000 52.000000 52.000000
100.000000 150.000000 0.000000 0.000000 0.000000 1.000000 150.000000 100.000000 0.000000 0.000000 0.000000 1.000000 
157.000000 55.000000 1.000000 52.000000 52.000000 52.000000
100.000000 50.000000 0.000000 0.000000 0.000000 1.000000 150.000000 100.000000 0.000000 0.000000 0.000000 1.000000 150.000000 0.000000 0.000000 0.000000 0.000000 1.000000 
157.000000 3.000000 1.000000 52.000000 52.000000 52.000000
150.000000 0.000000 0.000000 0.000000 0.000000 1.000000 
53.000000 -153.000000 1.000000 52.000000 52.000000 52.000000
0.000000 -150.000000 0.000000 0.000000 0.000000 1.000000 100.000000 -150.000000 0.000000 0.000000 0.000000 1.000000 50.000000 -100.000000 0.000000 0.000000 0.000000 1.000000 
105.000000 -153.000000 1.000000 52.000000 52.000000 52.000000
100.000000 -150.000000 0.000000 0.000000 0.000000 1.000000 
157.000000 -49.000000 1.000000 52.000000 52.000000 52.000000
100.000000 -50.000000 0.000000 0.000000 0.000000 1.000000 150.000000 0.000000 0.000000 0.000000 0.000000 1.000000 150.000000 -100.000000 0.000000 0.000000 0.000000 1.000000 
157.000000 -153.000000 1.000000 52.000000 52.000000 52.000000
100.000000 -150.000000 0.000000 0.000000 0.000000 1.000000 150.000000 -100.000000 0.000000 0.000000 0.000000 1.000000 
157.000000 -101.000000 1.000000 52.000000 52.000000 52.000000
150.000000 -100.000000 0.000000 0.000000 0.000000 1.000000 
-51.000000 107.000000 1.000000 52.000000 52.000000 52.000000
-50.000000 100.000000 0.000000 0.000000 0.000000 1.000000 
1.000000 -101.000000 1.000000 52.000000 52.000000 52.000000

-51.000000 3.000000 1.000000 52.000000 52.000000 52.000000
-50.000000 0.000000 0.000000 0.000000 0.000000 1.000000 
-51.000000 -101.000000 1.000000 52.000000 52.000000 52.000000
-50.000000 -100.000000 0.000000 0.000000 0.000000 1.000000 
-103.000000 3.000000 1.000000 52.000000 52.000000 52.000000

-103.000000 -101.000000 1.000000 52.000000 52.000000 52.000000

1.000000 55.000000 1.000000 52.000000 52.000000 52.000000
0.000000 50.000000 0.000000 0.000000 0.000000 1.000000 
1.000000 -49.000000 1.000000 52.000000 52.000000 52.000000
0.000000 -50.000000 0.000000 0.000000 0.000000 1.000000 
-51.000000 55.000000 1.000000 52.000000 52.000000 52.000000
-100.000000 50.000000 0.000000 0.000000 0.000000 1.000000 0.000000 50.000000 0.000000 0.000000 0.000000 1.000000 -50.000000 100.000000 0.000000 0.000000 0.000000 1.000000 -50.000000 0.000000 0.000000 0.000000 0.000000 1.000000 
-51.000000 -49.000000 1.000000 52.000000 52.000000 52.000000
-100.000000 -50.000000 0.000000 0.000000 0.000000 1.000000 0.000000 -50.000000 0.000000 0.000000 0.000000 1.000000 -50.000000 0.000000 0.000000 0.000000 0.000000 1.000000 -50.000000 -100.000000 0.000000 0.000000 0.000000 1.000000 
-103.000000 -49.000000 1.000000 52.000000 52.000000 52.000000
-100.000000 -50.000000 0.000000 0.000000 0.000000 1.000000 
-103.000000 55.000000 1.000000 52.000000 52.000000 52.000000
-100.000000 50.000000 0.000000 0.000000 0.000000 1.000000 
1.000000 -153.000000 1.000000 52.000000 52.000000 52.000000
0.000000 -150.000000 0.000000 0.000000 0.000000 1.000000 
-51.000000 -153.000000 1.000000 52.000000 52.000000 52.000000
-100.000000 -150.000000 0.000000 0.000000 0.000000 1.000000 0.000000 -150.000000 0.000000 0.000000 0.000000 1.000000 -50.000000 -100.000000 0.000000 0.000000 0.000000 1.000000 
-103.000000 -153.000000 1.000000 52.000000 52.000000 52.000000
-100.000000 -150.000000 0.000000 0.000000 0.000000 1.000000 
-155.000000 -49.000000 1.000000 52.000000 52.000000 52.000000
-100.000000 -50.000000 0.000000 0.000000 0.000000 1.000000 -150.000000 0.000000 0.000000 0.000000 0.000000 1.000000 -150.000000 -100.000000 0.000000 0.000000 0.000000 1.000000 
-155.000000 -153.000000 1.000000 52.000000 52.000000 52.000000
-100.000000 -150.000000 0.000000 0.000000 0.000000 1.000000 -150.000000 -100.000000 0.000000 0.000000 0.000000 1.000000 
-155.000000 -101.000000 1.000000 52.000000 52.000000 52.000000
-150.000000 -100.000000 0.000000 0.000000 0.000000 1.000000 
105.000000 159.000000 1.000000 52.000000 52.000000 52.000000
100.000000 150.000000 0.000000 0.000000 0.000000 1.000000 
53.000000 159.000000 1.000000 52.000000 52.000000 52.000000
0.000000 150.000000 0.000000 0.000000 0.000000 1.000000 100.000000 150.000000 0.000000 0.000000 0.000000 1.000000 50.000000 100.000000 0.000000 0.000000 0.000000 1.000000 
1.000000 159.000000 1.000000 52.000000 52.000000 52.000000
0.000000 150.000000 0.000000 0.000000 0.000000 1.000000 
-51.000000 159.000000 1.000000 52.000000 52.000000 52.000000
-100.000000 150.000000 0.000000 0.000000 0.000000 1.000000 0.000000 150.000000 0.000000 0.000000 0.000000 1.000000 -50.000000 100.000000 0.000000 0.000000 0.000000 1.000000 
-155.000000 3.000000 1.000000 52.000000 52.000000 52.000000
-150.000000 0.000000 0.000000 0.000000 0.000000 1.000000 
-103.000000 159.000000 1.000000 52.000000 52.000000 52.000000
-100.000000 150.000000 0.000000 0.000000 0.000000 1.000000 
-155.000000 55.000000 1.000000 52.000000 52.000000 52.000000
-100.000000 50.000000 0.000000 0.000000 0.000000 1.000000 -150.000000 100.000000 0.000000 0.000000 0.000000 1.000000 -150.000000 0.000000 0.000000 0.000000 0.000000 1.000000 
-155.000000 107.000000 1.000000 52.000000 52.000000 52.000000
-150.000000 100.000000 0.000000 0.000000 0.000000 1.000000 
-155.000000 159.000000 1.000000 52.000000 52.000000 52.000000
-100.000000 150.000000 0.000000 0.000000 0.000000 1.000000 -150.000000 100.000000 0.000000 0.000000 0.000000 1.000000 
0
