0.166667 0.000000 0.071506 0.166667 0.000000 0.059293 0.142857 0.000000 0.280859 0.142857 0.000000 0.286645 0.142857 0.000000 0.279870 0.142857 0.000000 0.280859 0.142857 0.000000 0.280352 0.090909 12050975.000000 0.445724 0.166667 0.000000 0.071506 0.142857 0.000000 0.280352 0.142857 0.000000 0.291633 0.142857 0.000000 0.286612 
0.142857 0.000000 0.286612 0.142857 0.000000 0.287843 0.111111 5891587.500000 0.387915 0.111111 2945794.250000 0.391111 0.125000 0.000000 0.349603 0.125000 0.000000 0.345201 0.125000 0.000000 0.352152 0.111111 2945794.250000 0.384796 0.142857 0.000000 0.286610 0.125000 0.000000 0.352152 0.111111 2945794.250000 0.404369 0.125000 0.000000 0.331240 
0.100000 7953643.500000 0.388057 0.111111 8837381.000000 0.372334 0.100000 7953643.500000 0.381260 0.090909 9640781.000000 0.382636 0.090909 7230585.500000 0.376412 0.090909 9640781.000000 0.389161 0.090909 7230585.500000 0.377450 0.100000 7953644.000000 0.382116 0.125000 0.000000 0.331238 0.090909 7230585.500000 0.377450 0.090909 9640781.000000 0.381447 0.100000 7953644.000000 0.387865 
0.100000 7953644.000000 0.387865 0.083333 13256073.000000 0.386294 0.083333 11046728.000000 0.375279 0.100000 13256073.000000 0.414635 0.100000 13256073.000000 0.410441 0.083333 11046728.000000 0.375279 0.100000 13256073.000000 0.411226 0.090909 9640780.000000 0.374204 0.100000 7953644.000000 0.387863 0.100000 13256073.000000 0.411226 0.100000 13256073.000000 0.413214 0.100000 13256073.000000 0.414629 
0.100000 13256073.000000 0.414629 0.090909 12050976.000000 0.401844 0.083333 11046728.000000 0.380911 0.090909 12050976.000000 0.407428 0.090909 12050976.000000 0.394494 0.083333 11046728.000000 0.380911 0.090909 12050976.000000 0.396984 0.076923 16315167.000000 0.395401 0.100000 13256073.000000 0.414633 0.090909 12050976.000000 0.396984 0.090909 12050976.000000 0.399755 0.090909 12050976.000000 0.407360 
0.090909 12050976.000000 0.407360 0.083333 11046728.000000 0.359122 0.083333 11046728.000000 0.388143 0.083333 11046728.000000 0.373652 0.083333 11046728.000000 0.385680 0.083333 11046728.000000 0.388143 0.083333 11046728.000000 0.385358 0.083333 11046728.000000 0.383789 0.090909 12050976.000000 0.407360 0.083333 11046728.000000 0.385358 0.083333 11046728.000000 0.392847 0.083333 11046728.000000 0.373648 
0.083333 11046728.000000 0.373648 0.076923 10196979.000000 0.355656 0.076923 10196979.000000 0.358326 0.066667 10604859.000000 0.288164 0.076923 10196979.000000 0.364481 0.076923 10196979.000000 0.358326 0.071429 9468624.000000 0.323177 0.062500 13256073.000000 0.277476 0.083333 11046728.000000 0.373667 0.071429 9468624.000000 0.323177 0.076923 10196979.000000 0.364588 0.071429 9468624.000000 0.283472 
0.071429 9468624.000000 0.283472 0.058824 14035842.000000 0.280169 0.066667 10604859.000000 0.283546 0.066667 10604859.000000 0.285529 0.066667 10604859.000000 0.280762 0.066667 10604859.000000 0.283546 0.066667 10604859.000000 0.281706 0.058824 12476304.000000 0.277164 0.071429 9468624.000000 0.283483 0.066667 10604859.000000 0.281706 0.062500 11599064.000000 0.279273 0.066667 10604859.000000 0.285533 
0.066667 10604859.000000 0.285533 0.058824 14035842.000000 0.291742 0.062500 13256073.000000 0.295566 0.062500 14913082.000000 0.309980 0.062500 11599064.000000 0.275775 0.062500 13256073.000000 0.295566 0.062500 11599064.000000 0.275803 0.062500 13256073.000000 0.347767 0.066667 10604859.000000 0.316199 0.062500 11599064.000000 0.275803 0.062500 13256073.000000 0.322457 0.062500 14913082.000000 0.305694 
0.062500 14913082.000000 0.305694 0.062500 16570091.000000 0.357237 0.058824 17154920.000000 0.345327 0.055556 17674764.000000 0.280219 0.055556 16201868.000000 0.283782 0.058824 17154920.000000 0.345327 0.055556 16201868.000000 0.283435 0.058824 17154920.000000 0.293663 0.062500 14913082.000000 0.305703 0.055556 16201868.000000 0.283435 0.055556 16201868.000000 0.281991 0.055556 17674764.000000 0.327175 
0.055556 17674764.000000 0.327175 0.055556 19147660.000000 0.256494 0.058824 18714456.000000 0.260858 0.055556 19147660.000000 0.271084 0.052632 16744513.000000 0.306255 0.058824 18714456.000000 0.260858 0.052632 16744513.000000 0.306420 0.055556 19147660.000000 0.270738 0.055556 16201868.000000 0.325504 0.052632 16744513.000000 0.306420 0.052632 16744513.000000 0.307012 0.050000 18558500.000000 0.297098 
0.050000 18558500.000000 0.297098 0.055556 17674764.000000 0.372910 0.055556 17674764.000000 0.371961 0.052632 19535264.000000 0.257533 0.050000 18558500.000000 0.323550 0.055556 17674764.000000 0.371961 0.055556 19147660.000000 0.285306 0.045455 20486656.000000 0.303867 0.052632 18139888.000000 0.304188 0.055556 19147660.000000 0.285306 0.047619 18937244.000000 0.282999 0.047619 18937244.000000 0.301502 
