6
14
-1.500000 4.000000 2.000000 53.000000 52.000000 52.000000

52.000000 4.000000 -51.500000 52.000000 54.000000 53.000000
50.709988 0.000746 -49.289986 0.707354 0.000012 0.706860 
52.000000 57.500000 -51.500000 52.000000 53.000000 53.000000
0.001797 50.002148 -49.995594 0.000022 0.707230 0.706983 50.709988 0.000746 -49.289986 0.707354 0.000012 0.706860 50.706985 49.295582 0.003713 0.705748 -0.708463 0.000081 
52.000000 57.500000 -51.500000 52.000000 53.000000 53.000000
0.001797 50.002148 -49.995594 -0.000022 -0.707230 -0.706983 50.709988 0.000746 -49.289986 0.707354 0.000012 0.706860 50.706985 49.295582 0.003713 0.705748 -0.708463 0.000081 
52.000000 -49.500000 2.000000 52.000000 53.000000 54.000000
50.709301 -49.291683 0.001492 0.706613 0.707600 0.000010 
52.000000 -49.500000 -51.500000 52.000000 53.000000 53.000000
0.003170 -49.997211 -49.997425 -0.000033 -0.707600 0.706613 50.709301 -49.291683 0.001492 0.706613 0.707600 0.000010 50.709988 0.000746 -49.289986 0.707354 0.000012 0.706860 
52.000000 -49.500000 -51.500000 52.000000 53.000000 53.000000
0.003170 -49.997211 -49.997425 0.000033 0.707600 -0.706613 50.709301 -49.291683 0.001492 0.706613 0.707600 0.000010 50.709988 0.000746 -49.289986 0.707354 0.000012 0.706860 
51.500000 4.000000 2.000000 53.000000 54.000000 54.000000

52.000000 57.500000 2.000000 52.000000 53.000000 54.000000
50.706985 49.295582 0.003713 0.705748 -0.708463 0.000081 
52.000000 57.500000 55.500000 52.000000 53.000000 53.000000
0.001955 50.007683 50.005886 0.000023 0.707107 -0.707107 50.706985 49.295582 0.003713 0.705748 -0.708463 0.000081 50.707901 0.004075 49.294361 0.706613 0.000049 -0.707600 
52.000000 57.500000 55.500000 52.000000 53.000000 53.000000
0.001955 50.007683 50.005886 -0.000023 -0.707107 0.707107 50.706985 49.295582 0.003713 0.705748 -0.708463 0.000081 50.707901 0.004075 49.294361 0.706613 0.000049 -0.707600 
52.000000 4.000000 55.500000 52.000000 54.000000 53.000000
50.707901 0.004075 49.294361 0.706613 0.000049 -0.707600 
52.000000 -49.500000 55.500000 52.000000 53.000000 53.000000
0.003845 -49.996323 50.000683 -0.000031 -0.707107 -0.707107 50.709301 -49.291683 0.001492 0.706613 0.707600 0.000010 50.707901 0.004075 49.294361 0.706613 0.000049 -0.707600 
52.000000 -49.500000 55.500000 52.000000 53.000000 53.000000
0.003845 -49.996323 50.000683 0.000031 0.707107 0.707107 50.709301 -49.291683 0.001492 0.706613 0.707600 0.000010 50.707901 0.004075 49.294361 0.706613 0.000049 -0.707600 
17
-56.000000 4.000000 2.000000 52.000000 54.000000 54.000000

-56.000000 -49.500000 2.000000 52.000000 53.000000 54.000000
-50.702656 -49.287025 0.001758 -0.706983 0.707230 -0.000018 
-56.000000 4.000000 55.500000 52.000000 54.000000 53.000000
-49.995491 0.007330 50.004608 -0.707354 -0.000036 -0.706860 
-56.000000 -49.500000 55.500000 52.000000 53.000000 53.000000
-50.702656 -49.287025 0.001758 -0.706983 0.707230 -0.000018 -49.995491 0.007330 50.004608 -0.707354 -0.000036 -0.706860 0.003845 -49.996323 50.000683 0.000031 0.707107 0.707107 
-56.000000 -49.500000 55.500000 52.000000 53.000000 53.000000
-50.702656 -49.287025 0.001758 -0.706983 0.707230 -0.000018 -49.995491 0.007330 50.004608 -0.707354 -0.000036 -0.706860 0.003845 -49.996323 50.000683 -0.000031 -0.707107 -0.707107 
-56.000000 -49.500000 55.500000 52.000000 53.000000 53.000000
-50.702656 -49.287025 0.001758 -0.706983 0.707230 -0.000018 -49.995491 0.007330 50.004608 0.707354 0.000036 0.706860 0.003845 -49.996323 50.000683 -0.000031 -0.707107 -0.707107 
-56.000000 4.000000 -51.500000 52.000000 54.000000 53.000000
-49.997669 0.004202 -49.996174 -0.707477 -0.000037 0.706737 
-56.000000 -49.500000 -51.500000 52.000000 53.000000 53.000000
-50.702656 -49.287025 0.001758 -0.706983 0.707230 -0.000018 -49.997669 0.004202 -49.996174 -0.707477 -0.000037 0.706737 0.003170 -49.997211 -49.997425 0.000033 0.707600 -0.706613 
-56.000000 -49.500000 -51.500000 52.000000 53.000000 53.000000
-50.702656 -49.287025 0.001758 -0.706983 0.707230 -0.000018 -49.997669 0.004202 -49.996174 -0.707477 -0.000037 0.706737 0.003170 -49.997211 -49.997425 -0.000033 -0.707600 0.706613 
-56.000000 -49.500000 -51.500000 52.000000 53.000000 53.000000
-50.702656 -49.287025 0.001758 -0.706983 0.707230 -0.000018 -49.997669 0.004202 -49.996174 0.707477 0.000037 -0.706737 0.003170 -49.997211 -49.997425 -0.000033 -0.707600 0.706613 
-56.000000 57.500000 -51.500000 52.000000 53.000000 53.000000
-49.997669 0.004202 -49.996174 -0.707477 -0.000037 0.706737 -49.997482 50.005783 0.006660 -0.866025 -0.500000 0.000020 0.001797 50.002148 -49.995594 0.000022 0.707230 0.706983 
-56.000000 57.500000 -51.500000 52.000000 53.000000 53.000000
-49.997669 0.004202 -49.996174 -0.707477 -0.000037 0.706737 -49.997482 50.005783 0.006660 -0.866025 -0.500000 0.000020 0.001797 50.002148 -49.995594 -0.000022 -0.707230 -0.706983 
-56.000000 57.500000 -51.500000 52.000000 53.000000 53.000000
-49.997669 0.004202 -49.996174 -0.707477 -0.000037 0.706737 -49.997482 50.005783 0.006660 0.866025 0.500000 -0.000020 0.001797 50.002148 -49.995594 -0.000022 -0.707230 -0.706983 
-56.000000 57.500000 2.000000 52.000000 53.000000 54.000000
-49.997482 50.005783 0.006660 -0.866025 -0.500000 0.000020 
-56.000000 57.500000 55.500000 52.000000 53.000000 53.000000
-49.997482 50.005783 0.006660 -0.866025 -0.500000 0.000020 -49.995491 0.007330 50.004608 -0.707354 -0.000036 -0.706860 0.001955 50.007683 50.005886 0.000023 0.707107 -0.707107 
-56.000000 57.500000 55.500000 52.000000 53.000000 53.000000
-49.997482 50.005783 0.006660 -0.866025 -0.500000 0.000020 -49.995491 0.007330 50.004608 -0.707354 -0.000036 -0.706860 0.001955 50.007683 50.005886 -0.000023 -0.707107 0.707107 
-56.000000 57.500000 55.500000 52.000000 53.000000 53.000000
-49.997482 50.005783 0.006660 0.866025 0.500000 -0.000020 -49.995491 0.007330 50.004608 -0.707354 -0.000036 -0.706860 0.001955 50.007683 50.005886 -0.000023 -0.707107 0.707107 
14
51.500000 58.000000 2.000000 53.000000 52.000000 54.000000
49.295486 50.712505 0.003550 -0.705748 0.708463 -0.000081 
51.500000 58.000000 -51.500000 53.000000 52.000000 53.000000
0.001797 50.002148 -49.995594 0.000022 0.707230 0.706983 50.002636 0.000734 -49.996845 -0.707354 -0.000012 -0.706860 49.295486 50.712505 0.003550 -0.705748 0.708463 -0.000081 
51.500000 58.000000 -51.500000 53.000000 52.000000 53.000000
0.001797 50.002148 -49.995594 0.000022 0.707230 0.706983 50.002636 0.000734 -49.996845 0.707354 0.000012 0.706860 49.295486 50.712505 0.003550 -0.705748 0.708463 -0.000081 
51.500000 58.000000 -51.500000 53.000000 52.000000 53.000000
0.001797 50.002148 -49.995594 -0.000022 -0.707230 -0.706983 50.002636 0.000734 -49.996845 0.707354 0.000012 0.706860 49.295486 50.712505 0.003550 -0.705748 0.708463 -0.000081 
-2.000000 58.000000 55.500000 54.000000 52.000000 53.000000
0.001978 50.714790 49.298779 0.000023 0.707107 -0.707107 
51.500000 58.000000 55.500000 53.000000 52.000000 53.000000
0.001978 50.714790 49.298779 0.000023 0.707107 -0.707107 49.295486 50.712505 0.003550 -0.705748 0.708463 -0.000081 50.001289 0.004026 50.001961 -0.706613 -0.000049 0.707600 
51.500000 58.000000 55.500000 53.000000 52.000000 53.000000
0.001978 50.714790 49.298779 0.000023 0.707107 -0.707107 49.295486 50.712505 0.003550 -0.705748 0.708463 -0.000081 50.001289 0.004026 50.001961 0.706613 0.000049 -0.707600 
-2.000000 58.000000 2.000000 54.000000 52.000000 54.000000

-55.500000 58.000000 2.000000 53.000000 52.000000 54.000000
-49.131458 50.505783 0.006641 0.866025 0.500000 -0.000020 
-55.500000 58.000000 55.500000 53.000000 52.000000 53.000000
-49.131458 50.505783 0.006641 0.866025 0.500000 -0.000020 -49.995491 0.007330 50.004608 -0.707354 -0.000036 -0.706860 0.001978 50.714790 49.298779 0.000023 0.707107 -0.707107 
-55.500000 58.000000 55.500000 53.000000 52.000000 53.000000
-49.131458 50.505783 0.006641 0.866025 0.500000 -0.000020 -49.995491 0.007330 50.004608 0.707354 0.000036 0.706860 0.001978 50.714790 49.298779 0.000023 0.707107 -0.707107 
-2.000000 58.000000 -51.500000 54.000000 52.000000 53.000000
0.001797 50.002148 -49.995594 0.000022 0.707230 0.706983 
-55.500000 58.000000 -51.500000 53.000000 52.000000 53.000000
-49.997669 0.004202 -49.996174 0.707477 0.000037 -0.706737 -49.131458 50.505783 0.006641 0.866025 0.500000 -0.000020 0.001797 50.002148 -49.995594 0.000022 0.707230 0.706983 
-55.500000 58.000000 -51.500000 53.000000 52.000000 53.000000
-49.997669 0.004202 -49.996174 -0.707477 -0.000037 0.706737 -49.131458 50.505783 0.006641 0.866025 0.500000 -0.000020 0.001797 50.002148 -49.995594 0.000022 0.707230 0.706983 
13
51.500000 -50.000000 2.000000 53.000000 52.000000 54.000000
49.296078 -50.706882 0.001472 -0.706613 -0.707600 -0.000010 
51.500000 -50.000000 -51.500000 53.000000 52.000000 53.000000
0.003137 -50.704811 -49.290813 -0.000033 -0.707600 0.706613 49.296078 -50.706882 0.001472 -0.706613 -0.707600 -0.000010 50.002636 0.000734 -49.996845 -0.707354 -0.000012 -0.706860 
51.500000 -50.000000 -51.500000 53.000000 52.000000 53.000000
0.003137 -50.704811 -49.290813 -0.000033 -0.707600 0.706613 49.296078 -50.706882 0.001472 -0.706613 -0.707600 -0.000010 50.002636 0.000734 -49.996845 0.707354 0.000012 0.706860 
-2.000000 -50.000000 55.500000 54.000000 52.000000 53.000000
0.003814 -50.703430 49.293575 -0.000031 -0.707107 -0.707107 
51.500000 -50.000000 55.500000 53.000000 52.000000 53.000000
0.003814 -50.703430 49.293575 -0.000031 -0.707107 -0.707107 49.296078 -50.706882 0.001472 -0.706613 -0.707600 -0.000010 50.001289 0.004026 50.001961 -0.706613 -0.000049 0.707600 
51.500000 -50.000000 55.500000 53.000000 52.000000 53.000000
0.003814 -50.703430 49.293575 -0.000031 -0.707107 -0.707107 49.296078 -50.706882 0.001472 -0.706613 -0.707600 -0.000010 50.001289 0.004026 50.001961 0.706613 0.000049 -0.707600 
-2.000000 -50.000000 2.000000 54.000000 52.000000 54.000000

-55.500000 -50.000000 2.000000 53.000000 52.000000 54.000000
-49.288692 -50.701485 0.001794 0.706983 -0.707230 0.000018 
-55.500000 -50.000000 55.500000 53.000000 52.000000 53.000000
-49.288692 -50.701485 0.001794 0.706983 -0.707230 0.000018 -49.995491 0.007330 50.004608 -0.707354 -0.000036 -0.706860 0.003814 -50.703430 49.293575 -0.000031 -0.707107 -0.707107 
-55.500000 -50.000000 55.500000 53.000000 52.000000 53.000000
-49.288692 -50.701485 0.001794 0.706983 -0.707230 0.000018 -49.995491 0.007330 50.004608 0.707354 0.000036 0.706860 0.003814 -50.703430 49.293575 -0.000031 -0.707107 -0.707107 
-2.000000 -50.000000 -51.500000 54.000000 52.000000 53.000000
0.003137 -50.704811 -49.290813 -0.000033 -0.707600 0.706613 
-55.500000 -50.000000 -51.500000 53.000000 52.000000 53.000000
-49.288692 -50.701485 0.001794 0.706983 -0.707230 0.000018 -49.997669 0.004202 -49.996174 -0.707477 -0.000037 0.706737 0.003137 -50.704811 -49.290813 -0.000033 -0.707600 0.706613 
-55.500000 -50.000000 -51.500000 53.000000 52.000000 53.000000
-49.288692 -50.701485 0.001794 0.706983 -0.707230 0.000018 -49.997669 0.004202 -49.996174 0.707477 0.000037 -0.706737 0.003137 -50.704811 -49.290813 -0.000033 -0.707600 0.706613 
15
-2.000000 -49.500000 56.000000 54.000000 53.000000 52.000000
0.003876 -49.289215 50.707790 0.000031 0.707107 0.707107 
-55.500000 -49.500000 56.000000 53.000000 53.000000 52.000000
-49.995674 -49.994255 0.001776 -0.706983 0.707230 -0.000018 -49.288139 0.007366 50.711468 0.707354 0.000036 0.706860 0.003876 -49.289215 50.707790 0.000031 0.707107 0.707107 
-55.500000 -49.500000 56.000000 53.000000 53.000000 52.000000
-49.995674 -49.994255 0.001776 0.706983 -0.707230 0.000018 -49.288139 0.007366 50.711468 0.707354 0.000036 0.706860 0.003876 -49.289215 50.707790 0.000031 0.707107 0.707107 
51.500000 4.000000 56.000000 53.000000 54.000000 52.000000
50.001289 0.004026 50.001961 -0.706613 -0.000049 0.707600 
51.500000 -49.500000 56.000000 53.000000 53.000000 52.000000
0.003876 -49.289215 50.707790 0.000031 0.707107 0.707107 50.002689 -49.999283 0.001482 -0.706613 -0.707600 -0.000010 50.001289 0.004026 50.001961 -0.706613 -0.000049 0.707600 
51.500000 -49.500000 56.000000 53.000000 53.000000 52.000000
0.003876 -49.289215 50.707790 0.000031 0.707107 0.707107 50.002689 -49.999283 0.001482 0.706613 0.707600 0.000010 50.001289 0.004026 50.001961 -0.706613 -0.000049 0.707600 
-2.000000 4.000000 56.000000 54.000000 54.000000 52.000000

-55.500000 4.000000 56.000000 53.000000 54.000000 52.000000
-49.288139 0.007366 50.711468 0.707354 0.000036 0.706860 
-55.500000 57.500000 56.000000 53.000000 53.000000 52.000000
-49.997482 50.005783 0.006660 0.866025 0.500000 -0.000020 -49.288139 0.007366 50.711468 0.707354 0.000036 0.706860 0.001955 50.007683 50.005886 -0.000023 -0.707107 0.707107 
-55.500000 57.500000 56.000000 53.000000 53.000000 52.000000
-49.997482 50.005783 0.006660 -0.866025 -0.500000 0.000020 -49.288139 0.007366 50.711468 0.707354 0.000036 0.706860 0.001955 50.007683 50.005886 -0.000023 -0.707107 0.707107 
-55.500000 57.500000 56.000000 53.000000 53.000000 52.000000
-49.997482 50.005783 0.006660 -0.866025 -0.500000 0.000020 -49.288139 0.007366 50.711468 0.707354 0.000036 0.706860 0.001955 50.007683 50.005886 0.000023 0.707107 -0.707107 
-2.000000 57.500000 56.000000 54.000000 53.000000 52.000000
0.001955 50.007683 50.005886 -0.000023 -0.707107 0.707107 
51.500000 57.500000 56.000000 53.000000 53.000000 52.000000
0.001955 50.007683 50.005886 -0.000023 -0.707107 0.707107 50.001236 50.004044 0.003632 -0.705748 0.708463 -0.000081 50.001289 0.004026 50.001961 0.706613 0.000049 -0.707600 
51.500000 57.500000 56.000000 53.000000 53.000000 52.000000
0.001955 50.007683 50.005886 -0.000023 -0.707107 0.707107 50.001236 50.004044 0.003632 -0.705748 0.708463 -0.000081 50.001289 0.004026 50.001961 -0.706613 -0.000049 0.707600 
51.500000 57.500000 56.000000 53.000000 53.000000 52.000000
0.001955 50.007683 50.005886 -0.000023 -0.707107 0.707107 50.001236 50.004044 0.003632 0.705748 -0.708463 0.000081 50.001289 0.004026 50.001961 -0.706613 -0.000049 0.707600 
14
-2.000000 -49.500000 -52.000000 54.000000 53.000000 52.000000
0.003203 -49.289612 -50.704037 0.000033 0.707600 -0.706613 
-55.500000 -49.500000 -52.000000 53.000000 53.000000 52.000000
-49.995674 -49.994255 0.001776 0.706983 -0.707230 0.000018 -49.290192 0.004238 -50.702911 0.707477 0.000037 -0.706737 0.003203 -49.289612 -50.704037 0.000033 0.707600 -0.706613 
-55.500000 -49.500000 -52.000000 53.000000 53.000000 52.000000
-49.995674 -49.994255 0.001776 -0.706983 0.707230 -0.000018 -49.290192 0.004238 -50.702911 0.707477 0.000037 -0.706737 0.003203 -49.289612 -50.704037 0.000033 0.707600 -0.706613 
51.500000 4.000000 -52.000000 53.000000 54.000000 52.000000
49.295284 0.000722 -50.703705 -0.707354 -0.000012 -0.706860 
51.500000 -49.500000 -52.000000 53.000000 53.000000 52.000000
0.003203 -49.289612 -50.704037 0.000033 0.707600 -0.706613 50.002689 -49.999283 0.001482 -0.706613 -0.707600 -0.000010 49.295284 0.000722 -50.703705 -0.707354 -0.000012 -0.706860 
51.500000 -49.500000 -52.000000 53.000000 53.000000 52.000000
0.003203 -49.289612 -50.704037 0.000033 0.707600 -0.706613 50.002689 -49.999283 0.001482 0.706613 0.707600 0.000010 49.295284 0.000722 -50.703705 -0.707354 -0.000012 -0.706860 
-2.000000 4.000000 -52.000000 54.000000 54.000000 52.000000

-55.500000 4.000000 -52.000000 53.000000 54.000000 52.000000
-49.290192 0.004238 -50.702911 0.707477 0.000037 -0.706737 
-55.500000 57.500000 -52.000000 53.000000 53.000000 52.000000
-49.290192 0.004238 -50.702911 0.707477 0.000037 -0.706737 -49.997482 50.005783 0.006660 0.866025 0.500000 -0.000020 0.001797 50.002148 -49.995594 -0.000022 -0.707230 -0.706983 
-55.500000 57.500000 -52.000000 53.000000 53.000000 52.000000
-49.290192 0.004238 -50.702911 0.707477 0.000037 -0.706737 -49.997482 50.005783 0.006660 -0.866025 -0.500000 0.000020 0.001797 50.002148 -49.995594 -0.000022 -0.707230 -0.706983 
-55.500000 57.500000 -52.000000 53.000000 53.000000 52.000000
-49.290192 0.004238 -50.702911 0.707477 0.000037 -0.706737 -49.997482 50.005783 0.006660 -0.866025 -0.500000 0.000020 0.001797 50.002148 -49.995594 0.000022 0.707230 0.706983 
-2.000000 57.500000 -52.000000 54.000000 53.000000 52.000000
0.001797 50.002148 -49.995594 -0.000022 -0.707230 -0.706983 
51.500000 57.500000 -52.000000 53.000000 53.000000 52.000000
0.001797 50.002148 -49.995594 -0.000022 -0.707230 -0.706983 49.295284 0.000722 -50.703705 -0.707354 -0.000012 -0.706860 50.001236 50.004044 0.003632 -0.705748 0.708463 -0.000081 
51.500000 57.500000 -52.000000 53.000000 53.000000 52.000000
0.001797 50.002148 -49.995594 -0.000022 -0.707230 -0.706983 49.295284 0.000722 -50.703705 -0.707354 -0.000012 -0.706860 50.001236 50.004044 0.003632 0.705748 -0.708463 0.000081 
