26
61
364.344208 -73.059204 -122.514313 88.000000 90.000000 89.000000
357.508667 -63.770798 -81.181824 0.000000 1.000000 0.000000 396.198792 -63.549759 -91.850555 0.000000 1.000000 0.000000 
364.844208 -73.059204 -33.014313 89.000000 90.000000 90.000000
307.883301 -63.961624 -56.223938 0.000000 1.000000 0.000000 357.508667 -63.770798 -81.181824 0.000000 1.000000 0.000000 
364.844208 16.940796 -212.514313 89.000000 88.000000 89.000000
347.876831 -17.257431 -221.341980 0.000000 0.000000 1.000000 404.434296 -33.361103 -221.231949 0.000000 0.000000 1.000000 
453.844208 16.940796 -212.514313 89.000000 88.000000 89.000000
404.434296 -33.361103 -221.231949 0.000000 0.000000 1.000000 
274.844208 16.940796 -122.514313 89.000000 88.000000 89.000000

364.344208 16.440796 -123.014313 90.000000 89.000000 90.000000

453.844208 16.940796 -123.014313 89.000000 88.000000 90.000000

274.844208 16.940796 -33.014313 89.000000 88.000000 90.000000

274.844208 16.440796 56.985687 89.000000 89.000000 90.000000

274.844208 16.440796 146.485687 89.000000 89.000000 89.000000

274.844208 -73.059204 57.485687 89.000000 90.000000 89.000000
249.525467 -64.252914 79.317001 0.000000 1.000000 0.000000 257.683746 -64.152840 29.175255 0.000000 1.000000 0.000000 
274.344208 -73.059204 146.485687 90.000000 90.000000 89.000000
230.291626 -65.395844 122.432419 0.000000 1.000000 0.000000 
364.344208 16.440796 -33.014313 90.000000 89.000000 90.000000

184.844208 -163.059204 -122.514313 89.000000 88.000000 89.000000

184.844208 -163.059204 -33.014313 89.000000 88.000000 90.000000

184.844208 -163.059204 56.985687 89.000000 88.000000 90.000000

184.344208 -162.559204 146.485687 90.000000 89.000000 89.000000

453.844208 16.440796 -33.014313 89.000000 89.000000 90.000000

364.344208 16.440796 56.985687 90.000000 89.000000 90.000000

453.844208 16.440796 56.985687 89.000000 89.000000 90.000000

364.344208 16.440796 146.485687 90.000000 89.000000 89.000000

453.844208 16.440796 146.485687 89.000000 89.000000 89.000000

274.344208 -163.059204 -122.514313 90.000000 88.000000 89.000000

274.344208 -163.059204 -33.014313 90.000000 88.000000 90.000000

274.344208 -162.559204 56.985687 90.000000 89.000000 90.000000

274.344208 -162.559204 146.485687 90.000000 89.000000 89.000000

453.844208 -73.059204 -32.514313 89.000000 90.000000 89.000000

364.344208 -73.059204 56.985687 90.000000 90.000000 90.000000

453.844208 -73.059204 56.985687 89.000000 90.000000 90.000000

364.344208 -73.059204 146.485687 90.000000 90.000000 89.000000

453.844208 -73.059204 146.485687 89.000000 90.000000 89.000000

364.344208 -162.559204 56.985687 90.000000 89.000000 90.000000

364.344208 -162.559204 146.485687 90.000000 89.000000 89.000000

453.844208 -162.559204 56.985687 89.000000 89.000000 90.000000

453.844208 -162.559204 146.485687 89.000000 89.000000 89.000000

364.344208 -162.559204 -33.014313 90.000000 89.000000 90.000000

364.344208 -162.559204 -123.014313 90.000000 89.000000 90.000000

364.844208 -163.059204 -212.514313 89.000000 88.000000 89.000000

453.844208 -162.559204 -33.014313 89.000000 89.000000 90.000000

453.844208 -163.059204 -212.514313 89.000000 88.000000 89.000000

453.844208 -163.059204 -123.014313 89.000000 88.000000 90.000000

184.344208 -73.559204 146.985687 90.000000 89.000000 88.000000
151.524017 -52.852589 152.915985 -0.000000 -0.000000 1.000000 184.081665 -65.584618 147.049316 -0.000000 -1.000000 -0.000000 230.291626 -65.395844 122.432419 -0.000000 -1.000000 -0.000000 148.030914 -64.651619 171.309998 0.000000 -1.000000 0.000000 144.533813 -82.079308 153.650665 -0.000000 -0.000000 1.000000 141.316757 -32.804108 152.846573 -0.000000 -0.000000 1.000000 
184.344208 -73.559204 146.985687 90.000000 89.000000 88.000000
151.524017 -52.852589 152.915985 0.000000 0.000000 -1.000000 184.081665 -65.584618 147.049316 0.000000 1.000000 0.000000 230.291626 -65.395844 122.432419 0.000000 1.000000 0.000000 148.030914 -64.651619 171.309998 -0.000000 1.000000 -0.000000 144.533813 -82.079308 153.650665 0.000000 0.000000 -1.000000 141.316757 -32.804108 152.846573 -0.000000 -0.000000 1.000000 
184.344208 -73.559204 146.985687 90.000000 89.000000 88.000000
151.524017 -52.852589 152.915985 -0.000000 -0.000000 1.000000 184.081665 -65.584618 147.049316 0.000000 1.000000 0.000000 230.291626 -65.395844 122.432419 0.000000 1.000000 0.000000 148.030914 -64.651619 171.309998 -0.000000 1.000000 -0.000000 144.533813 -82.079308 153.650665 -0.000000 -0.000000 1.000000 141.316757 -32.804108 152.846573 -0.000000 -0.000000 1.000000 
4.344208 16.940796 -32.514313 88.000000 88.000000 89.000000

4.344208 16.440796 56.985687 88.000000 89.000000 90.000000

3.844208 16.940796 146.485687 89.000000 90.000000 89.000000

4.844208 106.440796 146.985687 89.000000 89.000000 88.000000
3.811515 98.879242 137.413040 1.000000 0.000000 0.000000 24.228699 92.523361 149.816177 -0.000000 -0.000000 1.000000 59.950550 84.290054 148.422180 -0.000000 -0.000000 1.000000 -16.587816 92.472519 149.780548 0.000000 0.000000 1.000000 -52.513763 84.155899 148.313843 0.000000 0.000000 1.000000 3.428925 118.146965 112.875290 1.000000 0.000000 0.000000 3.887275 82.082977 188.562210 1.000000 0.000000 0.000000 
4.844208 106.440796 146.985687 89.000000 89.000000 88.000000
3.811515 98.879242 137.413040 -1.000000 -0.000000 -0.000000 24.228699 92.523361 149.816177 0.000000 0.000000 -1.000000 59.950550 84.290054 148.422180 -0.000000 -0.000000 1.000000 -16.587816 92.472519 149.780548 -0.000000 -0.000000 -1.000000 -52.513763 84.155899 148.313843 0.000000 0.000000 1.000000 3.428925 118.146965 112.875290 -1.000000 -0.000000 -0.000000 3.887275 82.082977 188.562210 -1.000000 -0.000000 -0.000000 
4.844208 106.440796 146.985687 89.000000 89.000000 88.000000
3.811515 98.879242 137.413040 -1.000000 -0.000000 -0.000000 24.228699 92.523361 149.816177 -0.000000 -0.000000 1.000000 59.950550 84.290054 148.422180 -0.000000 -0.000000 1.000000 -16.587816 92.472519 149.780548 0.000000 0.000000 1.000000 -52.513763 84.155899 148.313843 0.000000 0.000000 1.000000 3.428925 118.146965 112.875290 -1.000000 -0.000000 -0.000000 3.887275 82.082977 188.562210 -1.000000 -0.000000 -0.000000 
93.844208 106.940796 146.985687 89.000000 88.000000 88.000000
59.950550 84.290054 148.422180 -0.000000 -0.000000 1.000000 86.067398 65.153908 148.126190 0.000000 0.000000 -1.000000 
93.844208 106.940796 146.985687 89.000000 88.000000 88.000000
59.950550 84.290054 148.422180 -0.000000 -0.000000 1.000000 86.067398 65.153908 148.126190 -0.000000 -0.000000 1.000000 
-175.155792 16.440796 146.985687 89.000000 89.000000 88.000000
-134.461853 -33.130589 152.581116 0.000000 0.000000 1.000000 
-175.155792 -72.559204 146.985687 89.000000 89.000000 88.000000
-144.627411 -53.206364 153.628571 0.000000 0.000000 1.000000 -177.148193 -67.017464 146.703552 0.000000 -1.000000 0.000000 -223.307281 -66.936584 121.997902 0.000000 -1.000000 0.000000 -141.146729 -65.999390 171.030746 -0.000000 -1.000000 -0.000000 -138.008789 -82.417717 154.383698 0.000000 0.000000 1.000000 -134.461853 -33.130589 152.581116 0.000000 0.000000 1.000000 
-85.655792 16.440796 146.985687 90.000000 89.000000 88.000000
-78.887238 64.960739 148.963547 0.000000 0.000000 1.000000 -96.492188 40.045273 149.675446 0.000000 0.000000 1.000000 -106.084183 13.159883 150.356339 0.000000 0.000000 1.000000 -108.844353 -1.258979 172.466980 0.000000 -1.000000 0.000000 -116.981857 -13.103668 151.297623 0.000000 0.000000 1.000000 -134.461853 -33.130589 152.581116 0.000000 0.000000 1.000000 -108.982513 -1.346968 53.064468 0.000000 -1.000000 0.000000 
-85.655792 -72.559204 146.985687 90.000000 89.000000 88.000000
-118.531860 -107.166313 154.907745 0.000000 0.000000 1.000000 -85.070648 -122.353096 154.121521 -0.000000 -0.000000 -1.000000 -138.008789 -82.417717 154.383698 0.000000 0.000000 1.000000 -134.461853 -33.130589 152.581116 0.000000 0.000000 1.000000 
-85.655792 -72.559204 146.985687 90.000000 89.000000 88.000000
-118.531860 -107.166313 154.907745 0.000000 0.000000 1.000000 -85.070648 -122.353096 154.121521 0.000000 0.000000 1.000000 -138.008789 -82.417717 154.383698 0.000000 0.000000 1.000000 -134.461853 -33.130589 152.581116 0.000000 0.000000 1.000000 
4.344208 -72.559204 57.485687 88.000000 89.000000 89.000000

4.344208 -72.559204 146.485687 90.000000 89.000000 89.000000

94.844208 -162.559204 146.985687 89.000000 89.000000 88.000000
90.198883 -122.142090 155.295898 -0.000000 -0.000000 1.000000 35.451393 -133.026794 155.166992 -0.000000 -0.000000 1.000000 
94.344208 -73.559204 146.985687 90.000000 89.000000 88.000000
124.305878 -106.876923 155.139618 -0.000000 -0.000000 1.000000 90.198883 -122.142090 155.295898 -0.000000 -0.000000 1.000000 144.533813 -82.079308 153.650665 -0.000000 -0.000000 1.000000 141.316757 -32.804108 152.846573 -0.000000 -0.000000 1.000000 
52
-445.655792 -73.059204 -122.514313 88.000000 88.000000 89.000000
-416.324585 -64.343002 -115.861237 -0.000000 1.000000 -0.000000 -432.459595 -64.229271 -178.460541 -0.000000 1.000000 -0.000000 
3.844208 106.940796 57.485687 89.000000 88.000000 89.000000
1.895596 116.022217 53.803314 -1.000000 -0.000000 -0.000000 
3.844208 106.940796 146.485687 89.000000 88.000000 89.000000
2.811515 98.879242 137.413040 -1.000000 -0.000000 -0.000000 24.228699 92.523361 148.816177 0.000000 0.000000 -1.000000 59.950550 84.290054 146.422180 0.000000 0.000000 -1.000000 -16.587816 92.472519 148.780548 -0.000000 -0.000000 -1.000000 -52.513763 84.155899 147.313843 -0.000000 -0.000000 -1.000000 2.428925 118.146965 112.875290 -1.000000 -0.000000 -0.000000 2.887275 82.082977 188.562210 -1.000000 -0.000000 -0.000000 
3.844208 -163.059204 146.985687 89.000000 88.000000 88.000000
35.451393 -133.026794 155.166992 -0.000000 -0.000000 1.000000 -30.738287 -133.106903 155.100662 0.000000 0.000000 1.000000 2.347249 -135.815720 114.096657 1.000000 0.000000 0.000000 1.470404 -136.659073 260.034363 0.000000 1.000000 0.000000 
3.844208 -163.059204 146.985687 89.000000 88.000000 88.000000
35.451393 -133.026794 155.166992 -0.000000 -0.000000 1.000000 -30.738287 -133.106903 155.100662 0.000000 0.000000 1.000000 2.347249 -135.815720 114.096657 -1.000000 -0.000000 -0.000000 1.470404 -136.659073 260.034363 0.000000 1.000000 0.000000 
-86.155792 17.440796 146.485687 89.000000 89.000000 89.000000
-78.887238 64.960739 147.963547 0.000000 0.000000 1.000000 -96.492188 40.045273 148.675446 0.000000 0.000000 1.000000 -106.084183 13.159883 149.356339 0.000000 0.000000 1.000000 -108.844353 -0.258979 172.466980 0.000000 -1.000000 0.000000 -116.981857 -13.103668 149.297623 -0.000000 -0.000000 -1.000000 -134.461853 -33.130589 151.581116 -0.000000 -0.000000 -1.000000 -108.982513 -0.346968 53.064468 0.000000 -1.000000 0.000000 
-86.155792 17.440796 146.485687 89.000000 89.000000 89.000000
-78.887238 64.960739 147.963547 0.000000 0.000000 1.000000 -96.492188 40.045273 148.675446 -0.000000 -0.000000 -1.000000 -106.084183 13.159883 149.356339 -0.000000 -0.000000 -1.000000 -108.844353 -0.258979 172.466980 0.000000 -1.000000 0.000000 -116.981857 -13.103668 149.297623 -0.000000 -0.000000 -1.000000 -134.461853 -33.130589 151.581116 -0.000000 -0.000000 -1.000000 -108.982513 -0.346968 53.064468 0.000000 -1.000000 0.000000 
-85.655792 106.440796 57.485687 90.000000 89.000000 89.000000

-86.155792 17.440796 57.485687 89.000000 89.000000 89.000000
-108.982513 -0.346968 53.064468 -0.000000 1.000000 -0.000000 
-86.155792 17.440796 146.485687 89.000000 89.000000 89.000000
-78.887238 64.960739 147.963547 -0.000000 -0.000000 -1.000000 -96.492188 40.045273 148.675446 -0.000000 -0.000000 -1.000000 -106.084183 13.159883 149.356339 -0.000000 -0.000000 -1.000000 -108.844353 -0.258979 172.466980 -0.000000 1.000000 -0.000000 -116.981857 -13.103668 149.297623 -0.000000 -0.000000 -1.000000 -134.461853 -33.130589 151.581116 -0.000000 -0.000000 -1.000000 -108.982513 -0.346968 53.064468 -0.000000 1.000000 -0.000000 
-176.155792 -73.059204 146.985687 89.000000 90.000000 88.000000
-144.627411 -53.206364 152.628571 -0.000000 -0.000000 -1.000000 -177.148193 -65.017464 146.703552 -0.000000 1.000000 -0.000000 -223.307281 -64.936584 121.997902 -0.000000 1.000000 -0.000000 -141.146729 -63.999390 171.030746 0.000000 1.000000 0.000000 -138.008789 -82.417717 153.383698 -0.000000 -0.000000 -1.000000 -134.461853 -33.130589 151.581116 -0.000000 -0.000000 -1.000000 
-175.655792 17.440796 57.485687 90.000000 89.000000 89.000000

-175.655792 16.940796 146.485687 90.000000 90.000000 89.000000
-134.461853 -33.130589 151.581116 -0.000000 -0.000000 -1.000000 
-85.655792 106.440796 146.485687 90.000000 89.000000 89.000000
-52.513763 84.155899 147.313843 -0.000000 -0.000000 -1.000000 -78.887238 64.960739 147.963547 -0.000000 -0.000000 -1.000000 
-266.155792 -73.559204 -32.514313 89.000000 89.000000 89.000000
-250.511917 -64.762352 28.686476 -0.000000 1.000000 -0.000000 -263.408478 -64.714767 -17.035385 -0.000000 1.000000 -0.000000 -300.548828 -64.690048 -56.808983 -0.000000 1.000000 -0.000000 
-266.155792 -73.059204 56.985687 89.000000 90.000000 90.000000
-242.452301 -64.844223 78.844841 -0.000000 1.000000 -0.000000 -250.511917 -64.762352 28.686476 -0.000000 1.000000 -0.000000 
-85.655792 106.440796 146.485687 90.000000 89.000000 89.000000
-52.513763 84.155899 147.313843 0.000000 0.000000 1.000000 -78.887238 64.960739 147.963547 0.000000 0.000000 1.000000 
-175.655792 106.440796 57.485687 90.000000 89.000000 89.000000

-175.655792 106.440796 146.485687 90.000000 89.000000 89.000000

-176.155792 -73.059204 146.985687 89.000000 90.000000 88.000000
-144.627411 -53.206364 152.628571 0.000000 0.000000 1.000000 -177.148193 -65.017464 146.703552 -0.000000 1.000000 -0.000000 -223.307281 -64.936584 121.997902 -0.000000 1.000000 -0.000000 -141.146729 -63.999390 171.030746 0.000000 1.000000 0.000000 -138.008789 -82.417717 153.383698 0.000000 0.000000 1.000000 -134.461853 -33.130589 151.581116 0.000000 0.000000 1.000000 
-265.655792 106.440796 57.485687 90.000000 89.000000 89.000000

-265.655792 106.440796 146.485687 90.000000 89.000000 89.000000

-265.655792 16.940796 57.485687 90.000000 90.000000 89.000000

-265.655792 16.940796 146.485687 90.000000 90.000000 89.000000

-265.655792 -73.059204 146.485687 90.000000 90.000000 89.000000
-223.307281 -64.936584 121.997902 -0.000000 1.000000 -0.000000 
-355.655792 -73.559204 -32.514313 90.000000 89.000000 89.000000
-300.548828 -64.690048 -56.808983 -0.000000 1.000000 -0.000000 -350.132751 -64.620071 -81.859406 -0.000000 1.000000 -0.000000 
-85.655792 -163.059204 146.985687 90.000000 88.000000 88.000000
-85.070648 -122.353096 155.121521 0.000000 0.000000 1.000000 -30.738287 -133.106903 155.100662 0.000000 0.000000 1.000000 
-176.155792 -163.059204 -32.514313 89.000000 88.000000 89.000000

-176.155792 -163.059204 56.985687 89.000000 88.000000 90.000000

-175.655792 -162.559204 146.485687 90.000000 89.000000 89.000000

-265.655792 -162.559204 -32.514313 90.000000 89.000000 89.000000

-265.655792 -162.559204 56.985687 90.000000 89.000000 90.000000

-265.655792 -162.559204 146.485687 90.000000 89.000000 89.000000

-355.655792 106.440796 57.485687 90.000000 89.000000 89.000000

-355.655792 106.440796 146.485687 90.000000 89.000000 89.000000

-355.655792 16.940796 57.485687 90.000000 90.000000 89.000000

-355.655792 16.940796 146.485687 90.000000 90.000000 89.000000

-355.655792 -73.059204 56.985687 90.000000 90.000000 90.000000

-355.655792 -73.059204 146.485687 90.000000 90.000000 89.000000

-355.655792 -162.559204 -32.514313 90.000000 89.000000 89.000000

-355.655792 -162.559204 56.985687 90.000000 89.000000 90.000000

-355.655792 -162.559204 146.485687 90.000000 89.000000 89.000000

-445.155792 106.440796 57.485687 89.000000 89.000000 89.000000

-445.155792 106.440796 146.485687 89.000000 89.000000 89.000000

-445.155792 -73.559204 -33.014313 89.000000 89.000000 90.000000

-445.155792 -162.559204 -32.514313 89.000000 89.000000 89.000000

-445.155792 16.940796 57.485687 89.000000 90.000000 89.000000

-445.155792 -73.059204 56.985687 89.000000 90.000000 90.000000

-445.155792 -162.559204 56.985687 89.000000 89.000000 90.000000

-445.155792 16.940796 146.485687 89.000000 90.000000 89.000000

-445.155792 -162.559204 146.485687 89.000000 89.000000 89.000000

-445.155792 -73.059204 146.485687 89.000000 90.000000 89.000000

56
184.344208 16.440796 -213.014313 90.000000 89.000000 88.000000
171.325134 -0.900815 -223.591522 -0.000000 -0.000000 -1.000000 
274.344208 16.440796 -213.014313 90.000000 89.000000 88.000000
269.229065 -6.078408 -223.461273 -0.000000 -0.000000 -1.000000 347.876831 -17.257431 -223.341980 -0.000000 -0.000000 -1.000000 
364.344208 16.440796 -213.014313 90.000000 89.000000 88.000000
347.876831 -17.257431 -223.341980 -0.000000 -0.000000 -1.000000 404.434296 -33.361103 -222.231949 -0.000000 -0.000000 -1.000000 
453.844208 16.440796 -213.014313 89.000000 89.000000 88.000000
404.434296 -33.361103 -222.231949 -0.000000 -0.000000 -1.000000 
4.344208 -73.059204 -213.014313 90.000000 90.000000 88.000000
1.188161 -80.707214 -199.206390 1.000000 0.000000 0.000000 1.553787 -107.572495 -140.909424 -1.000000 -0.000000 -0.000000 -218.305939 -64.670731 -222.068634 -0.000000 -0.000000 1.000000 223.164978 -64.146530 -221.647430 0.000000 0.000000 1.000000 
4.344208 -163.059204 -33.514313 88.000000 88.000000 89.000000
2.971956 -123.575974 -60.497490 1.000000 0.000000 0.000000 3.287998 -131.919189 28.886496 1.000000 0.000000 0.000000 
93.844208 -163.059204 -123.514313 89.000000 88.000000 89.000000

4.344208 -163.059204 -123.014313 90.000000 88.000000 90.000000
1.553787 -107.572495 -140.909424 1.000000 0.000000 0.000000 2.971956 -123.575974 -60.497490 1.000000 0.000000 0.000000 
4.344208 -73.059204 -213.014313 90.000000 90.000000 88.000000
1.188161 -80.707214 -199.206390 1.000000 0.000000 0.000000 1.553787 -107.572495 -140.909424 -1.000000 -0.000000 -0.000000 -218.305939 -64.670731 -222.068634 -0.000000 -0.000000 1.000000 223.164978 -64.146530 -221.647430 -0.000000 -0.000000 -1.000000 
4.344208 -73.059204 -213.014313 90.000000 90.000000 88.000000
1.188161 -80.707214 -199.206390 1.000000 0.000000 0.000000 1.553787 -107.572495 -140.909424 -1.000000 -0.000000 -0.000000 -218.305939 -64.670731 -222.068634 0.000000 0.000000 -1.000000 223.164978 -64.146530 -221.647430 -0.000000 -0.000000 -1.000000 
273.844208 -162.559204 -213.014313 89.000000 89.000000 88.000000

184.344208 -162.559204 -213.014313 90.000000 89.000000 88.000000

94.344208 -162.559204 -212.514313 90.000000 89.000000 89.000000

4.344208 -162.559204 -212.514313 90.000000 89.000000 89.000000

-85.655792 -163.059204 -123.514313 90.000000 88.000000 89.000000

-85.655792 -162.559204 -212.514313 90.000000 89.000000 89.000000

-175.655792 -163.059204 -123.514313 90.000000 88.000000 89.000000

-175.655792 -162.559204 -212.514313 90.000000 89.000000 89.000000

-265.655792 -163.059204 -123.514313 90.000000 88.000000 89.000000

-265.655792 -162.559204 -212.514313 90.000000 89.000000 89.000000

-355.655792 -163.059204 -123.514313 90.000000 88.000000 89.000000

-355.655792 -162.559204 -212.514313 90.000000 89.000000 89.000000

-445.155792 -162.559204 -212.514313 89.000000 89.000000 89.000000

-445.155792 -163.059204 -123.514313 89.000000 88.000000 89.000000

4.344208 -73.059204 -213.014313 90.000000 90.000000 88.000000
1.188161 -80.707214 -199.206390 1.000000 0.000000 0.000000 1.553787 -107.572495 -140.909424 1.000000 0.000000 0.000000 -218.305939 -64.670731 -222.068634 0.000000 0.000000 -1.000000 223.164978 -64.146530 -221.647430 -0.000000 -0.000000 -1.000000 
4.344208 -73.059204 -213.014313 90.000000 90.000000 88.000000
1.188161 -80.707214 -199.206390 1.000000 0.000000 0.000000 1.553787 -107.572495 -140.909424 1.000000 0.000000 0.000000 -218.305939 -64.670731 -222.068634 -0.000000 -0.000000 1.000000 223.164978 -64.146530 -221.647430 -0.000000 -0.000000 -1.000000 
-85.655792 -73.059204 -213.014313 90.000000 90.000000 88.000000
-218.305939 -64.670731 -222.068634 0.000000 0.000000 -1.000000 
4.344208 -73.059204 -213.014313 90.000000 90.000000 88.000000
1.188161 -80.707214 -199.206390 -1.000000 -0.000000 -0.000000 1.553787 -107.572495 -140.909424 -1.000000 -0.000000 -0.000000 -218.305939 -64.670731 -222.068634 0.000000 0.000000 -1.000000 223.164978 -64.146530 -221.647430 -0.000000 -0.000000 -1.000000 
-445.155792 -73.559204 -213.014313 89.000000 89.000000 88.000000
-432.459595 -65.229271 -178.460541 0.000000 -1.000000 0.000000 -396.861023 -34.318729 -223.999084 0.000000 0.000000 -1.000000 -428.445862 -54.352180 -223.972229 0.000000 0.000000 -1.000000 -218.305939 -64.670731 -222.068634 0.000000 0.000000 -1.000000 
-445.155792 -73.559204 -213.014313 89.000000 89.000000 88.000000
-432.459595 -65.229271 -178.460541 -0.000000 1.000000 -0.000000 -396.861023 -34.318729 -223.999084 0.000000 0.000000 -1.000000 -428.445862 -54.352180 -223.972229 0.000000 0.000000 -1.000000 -218.305939 -64.670731 -222.068634 0.000000 0.000000 -1.000000 
-355.655792 -73.559204 -213.014313 90.000000 89.000000 88.000000
-340.340942 -18.078239 -224.002411 0.000000 0.000000 -1.000000 -396.861023 -34.318729 -223.999084 0.000000 0.000000 -1.000000 -218.305939 -64.670731 -222.068634 0.000000 0.000000 -1.000000 
-265.655792 -73.059204 -213.014313 90.000000 90.000000 88.000000
-218.305939 -64.670731 -222.068634 0.000000 0.000000 -1.000000 
-175.655792 -73.059204 -213.014313 90.000000 90.000000 88.000000
-218.305939 -64.670731 -222.068634 0.000000 0.000000 -1.000000 
-265.155792 16.440796 -213.014313 89.000000 89.000000 88.000000
-261.716705 -6.712893 -223.978638 0.000000 0.000000 -1.000000 -340.340942 -18.078239 -224.002411 0.000000 0.000000 -1.000000 
-175.655792 16.440796 -213.014313 90.000000 89.000000 88.000000
-163.826538 -1.302065 -223.918259 0.000000 0.000000 -1.000000 
94.344208 -73.059204 -213.014313 90.000000 90.000000 88.000000
223.164978 -64.146530 -221.647430 -0.000000 -0.000000 -1.000000 
93.844208 106.440796 -213.014313 89.000000 89.000000 88.000000
65.108742 88.309036 -223.237396 -0.000000 -0.000000 -1.000000 87.464279 77.277618 -223.393860 -0.000000 -0.000000 -1.000000 105.427551 56.004539 -223.513580 -0.000000 -0.000000 -1.000000 
94.344208 16.940796 -213.014313 90.000000 90.000000 88.000000
105.427551 56.004539 -223.513580 -0.000000 -0.000000 -1.000000 115.387810 21.227777 -223.613617 -0.000000 -0.000000 -1.000000 171.325134 -0.900815 -223.591522 -0.000000 -0.000000 -1.000000 117.026306 -0.030580 -132.997147 -0.000000 -1.000000 -0.000000 
94.344208 16.940796 -213.014313 90.000000 90.000000 88.000000
105.427551 56.004539 -223.513580 -0.000000 -0.000000 -1.000000 115.387810 21.227777 -223.613617 -0.000000 -0.000000 -1.000000 171.325134 -0.900815 -223.591522 -0.000000 -0.000000 -1.000000 117.026306 -0.030580 -132.997147 0.000000 1.000000 0.000000 
-85.155792 106.440796 -213.014313 89.000000 89.000000 88.000000
-57.827545 88.160019 -223.356766 0.000000 0.000000 -1.000000 -80.158096 77.074249 -223.554779 0.000000 0.000000 -1.000000 -98.068108 55.761024 -223.708023 0.000000 0.000000 -1.000000 
-85.655792 16.940796 -213.014313 90.000000 90.000000 88.000000
-98.068108 55.761024 -223.708023 0.000000 0.000000 -1.000000 -107.943192 20.959372 -223.825867 0.000000 0.000000 -1.000000 -163.826538 -1.302065 -223.918259 0.000000 0.000000 -1.000000 -109.708435 -0.302480 -133.214661 -0.000000 -1.000000 -0.000000 
-85.655792 16.940796 -213.014313 90.000000 90.000000 88.000000
-98.068108 55.761024 -223.708023 0.000000 0.000000 -1.000000 -107.943192 20.959372 -223.825867 0.000000 0.000000 -1.000000 -163.826538 -1.302065 -223.918259 0.000000 0.000000 -1.000000 -109.708435 -0.302480 -133.214661 0.000000 1.000000 0.000000 
4.344208 106.940796 -213.014313 90.000000 90.000000 88.000000
26.592346 148.202881 -222.948532 0.000000 0.000000 -1.000000 -21.508282 148.144012 -222.996643 -0.000000 -0.000000 -1.000000 41.958374 92.363495 -222.034790 -0.000000 -0.000000 -1.000000 -34.688122 92.275299 -222.113388 0.000000 0.000000 -1.000000 29.304605 112.462624 -222.926346 0.000000 0.000000 -1.000000 -22.804289 112.403839 -222.979431 -0.000000 -0.000000 -1.000000 
4.344208 106.940796 -213.014313 90.000000 90.000000 88.000000
26.592346 148.202881 -222.948532 0.000000 0.000000 -1.000000 -21.508282 148.144012 -222.996643 -0.000000 -0.000000 -1.000000 41.958374 92.363495 -222.034790 0.000000 0.000000 1.000000 -34.688122 92.275299 -222.113388 -0.000000 -0.000000 1.000000 29.304605 112.462624 -222.926346 0.000000 0.000000 -1.000000 -22.804289 112.403839 -222.979431 -0.000000 -0.000000 -1.000000 
4.344208 196.440796 -213.014313 88.000000 89.000000 88.000000
1.555566 200.079849 -191.151520 -1.000000 0.000000 0.000000 9.425872 197.631302 -222.979523 0.000000 0.000000 -1.000000 21.304764 178.215942 -222.979340 0.000000 0.000000 -1.000000 26.592346 148.202881 -222.948532 0.000000 0.000000 -1.000000 -6.292097 197.615173 -222.994324 -0.000000 -0.000000 -1.000000 -17.405062 178.169083 -222.017181 -0.000000 -0.000000 -1.000000 -21.508282 148.144012 -222.996643 -0.000000 -0.000000 -1.000000 
4.344208 196.440796 -213.014313 88.000000 89.000000 88.000000
1.555566 200.079849 -191.151520 -1.000000 0.000000 0.000000 9.425872 197.631302 -222.979523 0.000000 0.000000 -1.000000 21.304764 178.215942 -222.979340 0.000000 0.000000 -1.000000 26.592346 148.202881 -222.948532 0.000000 0.000000 -1.000000 -6.292097 197.615173 -222.994324 -0.000000 -0.000000 -1.000000 -17.405062 178.169083 -222.017181 0.000000 0.000000 1.000000 -21.508282 148.144012 -222.996643 -0.000000 -0.000000 -1.000000 
4.344208 196.440796 -213.014313 88.000000 89.000000 88.000000
1.555566 200.079849 -191.151520 1.000000 -0.000000 -0.000000 9.425872 197.631302 -222.979523 0.000000 0.000000 -1.000000 21.304764 178.215942 -222.979340 0.000000 0.000000 -1.000000 26.592346 148.202881 -222.948532 0.000000 0.000000 -1.000000 -6.292097 197.615173 -222.994324 -0.000000 -0.000000 -1.000000 -17.405062 178.169083 -222.017181 -0.000000 -0.000000 -1.000000 -21.508282 148.144012 -222.996643 -0.000000 -0.000000 -1.000000 
4.344208 196.440796 -213.014313 88.000000 89.000000 88.000000
1.555566 200.079849 -191.151520 1.000000 -0.000000 -0.000000 9.425872 197.631302 -222.979523 0.000000 0.000000 -1.000000 21.304764 178.215942 -222.979340 0.000000 0.000000 -1.000000 26.592346 148.202881 -222.948532 0.000000 0.000000 -1.000000 -6.292097 197.615173 -222.994324 -0.000000 -0.000000 -1.000000 -17.405062 178.169083 -222.017181 0.000000 0.000000 1.000000 -21.508282 148.144012 -222.996643 -0.000000 -0.000000 -1.000000 
364.344208 -72.559204 -213.014313 90.000000 89.000000 88.000000
404.434296 -33.361103 -222.231949 -0.000000 -0.000000 -1.000000 223.164978 -64.146530 -221.647430 -0.000000 -0.000000 -1.000000 
453.844208 -72.559204 -213.014313 89.000000 89.000000 88.000000
440.016144 -64.186264 -177.624054 0.000000 1.000000 0.000000 404.434296 -33.361103 -222.231949 -0.000000 -0.000000 -1.000000 436.064575 -53.321114 -222.143799 -0.000000 -0.000000 -1.000000 223.164978 -64.146530 -221.647430 -0.000000 -0.000000 -1.000000 
453.844208 -72.559204 -213.014313 89.000000 89.000000 88.000000
440.016144 -64.186264 -177.624054 -0.000000 -1.000000 -0.000000 404.434296 -33.361103 -222.231949 -0.000000 -0.000000 -1.000000 436.064575 -53.321114 -222.143799 -0.000000 -0.000000 -1.000000 223.164978 -64.146530 -221.647430 -0.000000 -0.000000 -1.000000 
453.844208 -72.559204 -213.014313 89.000000 89.000000 88.000000
440.016144 -64.186264 -177.624054 -0.000000 -1.000000 -0.000000 404.434296 -33.361103 -222.231949 0.000000 0.000000 1.000000 436.064575 -53.321114 -222.143799 0.000000 0.000000 1.000000 223.164978 -64.146530 -221.647430 -0.000000 -0.000000 -1.000000 
184.344208 -73.059204 -213.014313 90.000000 90.000000 88.000000
223.164978 -64.146530 -221.647430 -0.000000 -0.000000 -1.000000 
274.344208 -73.059204 -213.014313 90.000000 90.000000 88.000000
223.164978 -64.146530 -221.647430 -0.000000 -0.000000 -1.000000 
4.344208 16.940796 -212.514313 90.000000 90.000000 89.000000

4.344208 16.940796 -123.514313 88.000000 88.000000 89.000000

68
4.844208 196.940796 -212.514313 89.000000 88.000000 89.000000
2.555566 200.079849 -191.151520 1.000000 -0.000000 -0.000000 9.425872 197.631302 -220.979523 -0.000000 -0.000000 1.000000 21.304764 178.215942 -220.979340 -0.000000 -0.000000 1.000000 26.592346 148.202881 -220.948532 -0.000000 -0.000000 1.000000 -6.292097 197.615173 -220.994324 0.000000 0.000000 1.000000 -17.405062 178.169083 -221.017181 0.000000 0.000000 1.000000 -21.508282 148.144012 -220.996643 0.000000 0.000000 1.000000 
94.844208 107.440796 -33.514313 89.000000 89.000000 89.000000
60.623749 86.475372 -45.685608 -0.000000 -0.000000 -1.000000 90.377960 71.932510 -45.316818 -0.000000 -0.000000 -1.000000 
4.844208 107.440796 -123.014313 89.000000 89.000000 88.000000
3.482271 102.159981 -66.332230 1.000000 -0.000000 -0.000000 3.279831 123.899445 -98.544388 1.000000 -0.000000 -0.000000 3.036504 154.963318 -119.033524 1.000000 -0.000000 -0.000000 
4.844208 196.440796 -123.014313 89.000000 89.000000 90.000000
3.036504 154.963318 -119.033524 1.000000 -0.000000 -0.000000 2.782717 184.105713 -144.376953 1.000000 -0.000000 -0.000000 2.555566 200.079849 -191.151520 1.000000 -0.000000 -0.000000 
4.844208 196.940796 -33.014313 89.000000 88.000000 90.000000

184.844208 106.940796 146.485687 89.000000 90.000000 89.000000

274.344208 107.440796 146.485687 90.000000 89.000000 89.000000

184.844208 106.940796 56.985687 89.000000 90.000000 90.000000

274.344208 107.440796 56.985687 90.000000 89.000000 90.000000

274.344208 196.440796 56.985687 90.000000 89.000000 90.000000

274.344208 196.440796 146.485687 90.000000 89.000000 89.000000

184.344208 196.440796 56.985687 90.000000 89.000000 90.000000

184.344208 196.440796 146.485687 90.000000 89.000000 89.000000

94.344208 196.940796 56.985687 90.000000 88.000000 90.000000

94.344208 196.940796 146.485687 90.000000 88.000000 89.000000

4.344208 196.940796 56.985687 90.000000 88.000000 90.000000

4.344208 196.940796 146.485687 90.000000 88.000000 89.000000

-85.655792 196.940796 57.485687 90.000000 88.000000 89.000000

-85.655792 196.940796 146.485687 90.000000 88.000000 89.000000

-175.655792 196.940796 57.485687 90.000000 88.000000 89.000000

-175.655792 196.940796 146.485687 90.000000 88.000000 89.000000

-265.655792 196.940796 57.485687 90.000000 88.000000 89.000000

-355.655792 196.940796 57.485687 90.000000 88.000000 89.000000

-445.155792 196.940796 57.485687 89.000000 88.000000 89.000000

-265.655792 196.940796 146.485687 90.000000 88.000000 89.000000

-445.155792 196.940796 146.485687 89.000000 88.000000 89.000000

-355.655792 196.940796 146.485687 90.000000 88.000000 89.000000

94.344208 107.440796 -123.014313 90.000000 89.000000 90.000000

94.844208 107.440796 -212.514313 89.000000 89.000000 89.000000
65.108742 88.309036 -221.237396 0.000000 0.000000 1.000000 87.464279 77.277618 -221.393860 0.000000 0.000000 1.000000 105.427551 56.004539 -221.513580 0.000000 0.000000 1.000000 
94.344208 196.440796 -33.014313 90.000000 89.000000 90.000000

94.344208 196.440796 -123.014313 90.000000 89.000000 90.000000

94.344208 196.440796 -212.514313 90.000000 89.000000 89.000000

184.344208 107.440796 -33.014313 90.000000 89.000000 90.000000

184.344208 196.440796 -33.014313 90.000000 89.000000 90.000000

184.344208 107.440796 -123.014313 90.000000 89.000000 90.000000

184.344208 196.440796 -123.014313 90.000000 89.000000 90.000000

184.344208 107.440796 -212.514313 90.000000 89.000000 89.000000

184.344208 196.440796 -212.514313 90.000000 89.000000 89.000000

274.344208 107.440796 -33.014313 90.000000 89.000000 90.000000

274.344208 196.440796 -33.014313 90.000000 89.000000 90.000000

274.344208 107.440796 -123.014313 90.000000 89.000000 90.000000

274.344208 196.440796 -123.014313 90.000000 89.000000 90.000000

274.344208 107.440796 -212.514313 90.000000 89.000000 89.000000

274.344208 196.440796 -212.514313 90.000000 89.000000 89.000000

364.344208 107.440796 -123.014313 90.000000 89.000000 90.000000

364.344208 196.440796 -123.014313 90.000000 89.000000 90.000000

364.344208 107.440796 -212.514313 90.000000 89.000000 89.000000

364.344208 196.440796 -212.514313 90.000000 89.000000 89.000000

453.844208 107.440796 -123.014313 89.000000 89.000000 90.000000

453.844208 196.440796 -123.014313 89.000000 89.000000 90.000000

453.844208 107.440796 -212.514313 89.000000 89.000000 89.000000

453.844208 196.440796 -212.514313 89.000000 89.000000 89.000000

364.344208 107.440796 -33.014313 90.000000 89.000000 90.000000

364.344208 196.440796 -33.014313 90.000000 89.000000 90.000000

364.344208 107.440796 56.985687 90.000000 89.000000 90.000000

364.344208 196.440796 56.985687 90.000000 89.000000 90.000000

364.344208 107.440796 146.485687 90.000000 89.000000 89.000000

364.344208 196.440796 146.485687 90.000000 89.000000 89.000000

453.844208 107.440796 -33.014313 89.000000 89.000000 90.000000

453.844208 196.440796 -33.014313 89.000000 89.000000 90.000000

453.844208 107.440796 56.985687 89.000000 89.000000 90.000000

453.844208 196.440796 56.985687 89.000000 89.000000 90.000000

453.844208 107.440796 146.485687 89.000000 89.000000 89.000000

453.844208 196.440796 146.485687 89.000000 89.000000 89.000000

184.344208 17.440796 57.485687 88.000000 89.000000 89.000000

94.844208 16.940796 146.985687 89.000000 88.000000 88.000000
86.067398 65.153908 148.126190 0.000000 0.000000 -1.000000 103.425072 40.279015 148.868729 0.000000 0.000000 -1.000000 112.886490 13.419576 149.570023 0.000000 0.000000 -1.000000 115.580162 0.009291 172.680756 0.000000 1.000000 0.000000 123.790283 -12.815229 149.529129 0.000000 0.000000 -1.000000 141.316757 -32.804108 150.846573 0.000000 0.000000 -1.000000 115.944687 -0.076061 53.282349 0.000000 1.000000 0.000000 
94.844208 16.940796 146.985687 89.000000 88.000000 88.000000
86.067398 65.153908 148.126190 -0.000000 -0.000000 1.000000 103.425072 40.279015 148.868729 -0.000000 -0.000000 1.000000 112.886490 13.419576 149.570023 -0.000000 -0.000000 1.000000 115.580162 0.009291 172.680756 -0.000000 -1.000000 -0.000000 123.790283 -12.815229 149.529129 0.000000 0.000000 -1.000000 141.316757 -32.804108 150.846573 0.000000 0.000000 -1.000000 115.944687 -0.076061 53.282349 -0.000000 -1.000000 -0.000000 
183.844208 17.440796 146.485687 89.000000 89.000000 89.000000
141.316757 -32.804108 150.846573 0.000000 0.000000 -1.000000 
32
94.344208 16.440796 -123.014313 88.000000 89.000000 90.000000
117.026306 -1.030580 -132.997147 -0.000000 -1.000000 -0.000000 
94.344208 -72.559204 -123.014313 90.000000 89.000000 90.000000

94.344208 16.440796 -33.014313 88.000000 89.000000 90.000000
110.443359 49.664436 -43.948277 -0.000000 -0.000000 -1.000000 116.978485 18.232325 -43.549282 -0.000000 -0.000000 -1.000000 117.026306 -1.030580 -132.997147 -0.000000 -1.000000 -0.000000 115.944687 -0.076061 53.282349 0.000000 1.000000 0.000000 
94.344208 16.440796 -33.014313 88.000000 89.000000 90.000000
110.443359 49.664436 -43.948277 0.000000 0.000000 1.000000 116.978485 18.232325 -43.549282 0.000000 0.000000 1.000000 117.026306 -1.030580 -132.997147 -0.000000 -1.000000 -0.000000 115.944687 -0.076061 53.282349 -0.000000 -1.000000 -0.000000 
94.344208 16.440796 -33.014313 88.000000 89.000000 90.000000
110.443359 49.664436 -43.948277 -0.000000 -0.000000 -1.000000 116.978485 18.232325 -43.549282 -0.000000 -0.000000 -1.000000 117.026306 -1.030580 -132.997147 -0.000000 -1.000000 -0.000000 115.944687 -0.076061 53.282349 -0.000000 -1.000000 -0.000000 
94.344208 -162.559204 -32.514313 88.000000 89.000000 89.000000

94.344208 -73.059204 -33.014313 90.000000 90.000000 90.000000

4.844208 -163.059204 57.485687 89.000000 88.000000 89.000000
3.287998 -131.919189 28.886496 1.000000 0.000000 0.000000 2.347249 -135.815720 114.096657 1.000000 0.000000 0.000000 
4.344208 -163.059204 146.485687 88.000000 88.000000 89.000000
35.451393 -133.026794 154.166992 0.000000 0.000000 -1.000000 -30.738287 -133.106903 154.100662 -0.000000 -0.000000 -1.000000 2.347249 -135.815720 114.096657 1.000000 0.000000 0.000000 1.470404 -137.659073 260.034363 -0.000000 -1.000000 -0.000000 
4.344208 -163.059204 146.485687 88.000000 88.000000 89.000000
35.451393 -133.026794 154.166992 0.000000 0.000000 -1.000000 -30.738287 -133.106903 154.100662 -0.000000 -0.000000 -1.000000 2.347249 -135.815720 114.096657 1.000000 0.000000 0.000000 1.470404 -137.659073 260.034363 0.000000 1.000000 0.000000 
4.344208 -163.059204 146.485687 88.000000 88.000000 89.000000
35.451393 -133.026794 154.166992 -0.000000 -0.000000 1.000000 -30.738287 -133.106903 154.100662 0.000000 0.000000 1.000000 2.347249 -135.815720 114.096657 -1.000000 -0.000000 -0.000000 1.470404 -137.659073 260.034363 -0.000000 -1.000000 -0.000000 
4.344208 -163.059204 146.485687 88.000000 88.000000 89.000000
35.451393 -133.026794 154.166992 -0.000000 -0.000000 1.000000 -30.738287 -133.106903 154.100662 0.000000 0.000000 1.000000 2.347249 -135.815720 114.096657 1.000000 0.000000 0.000000 1.470404 -137.659073 260.034363 -0.000000 -1.000000 -0.000000 
94.344208 16.440796 56.485687 88.000000 89.000000 89.000000
115.944687 -0.076061 53.282349 -0.000000 -1.000000 -0.000000 
93.844208 -162.559204 56.485687 89.000000 89.000000 89.000000

94.844208 -73.059204 56.485687 89.000000 90.000000 89.000000

453.844208 -73.059204 -123.014313 89.000000 88.000000 88.000000
396.198792 -65.549759 -91.850555 -0.000000 -1.000000 -0.000000 423.764526 -65.337631 -115.052109 -0.000000 -1.000000 -0.000000 440.016144 -65.186264 -177.624054 -0.000000 -1.000000 -0.000000 
363.844208 -73.059204 -33.514313 89.000000 88.000000 89.000000
307.883301 -65.961624 -56.223938 -0.000000 -1.000000 -0.000000 357.508667 -65.770798 -81.181824 -0.000000 -1.000000 -0.000000 
364.344208 -73.059204 -212.514313 88.000000 88.000000 89.000000
404.434296 -33.361103 -221.231949 0.000000 0.000000 1.000000 223.164978 -64.146530 -220.647430 0.000000 0.000000 1.000000 
364.844208 -73.059204 -123.014313 89.000000 88.000000 90.000000
357.508667 -65.770798 -81.181824 -0.000000 -1.000000 -0.000000 396.198792 -65.549759 -91.850555 -0.000000 -1.000000 -0.000000 
183.844208 -73.059204 -122.514313 89.000000 88.000000 89.000000

184.344208 -73.059204 -33.014313 90.000000 88.000000 90.000000

274.344208 -73.059204 -32.514313 90.000000 88.000000 89.000000
257.683746 -66.152840 29.175255 -0.000000 -1.000000 -0.000000 270.669342 -66.078735 -16.520164 -0.000000 -1.000000 -0.000000 307.883301 -65.961624 -56.223938 -0.000000 -1.000000 -0.000000 
273.844208 -73.059204 56.985687 89.000000 88.000000 90.000000
249.525467 -66.252914 79.317001 -0.000000 -1.000000 -0.000000 257.683746 -66.152840 29.175255 -0.000000 -1.000000 -0.000000 
184.344208 -73.059204 56.985687 90.000000 88.000000 90.000000

273.844208 -73.059204 146.485687 89.000000 88.000000 89.000000
230.291626 -66.395844 122.432419 -0.000000 -1.000000 -0.000000 
184.844208 -73.059204 146.485687 89.000000 88.000000 89.000000
151.524017 -52.852589 151.915985 0.000000 0.000000 -1.000000 184.081665 -66.584618 147.049316 -0.000000 -1.000000 -0.000000 230.291626 -66.395844 122.432419 -0.000000 -1.000000 -0.000000 148.030914 -65.651619 171.309998 0.000000 -1.000000 0.000000 144.533813 -82.079308 152.650665 0.000000 0.000000 -1.000000 141.316757 -32.804108 151.846573 0.000000 0.000000 -1.000000 
184.844208 -73.059204 146.485687 89.000000 88.000000 89.000000
151.524017 -52.852589 151.915985 0.000000 0.000000 -1.000000 184.081665 -66.584618 147.049316 -0.000000 -1.000000 -0.000000 230.291626 -66.395844 122.432419 -0.000000 -1.000000 -0.000000 148.030914 -65.651619 171.309998 0.000000 -1.000000 0.000000 144.533813 -82.079308 152.650665 0.000000 0.000000 -1.000000 141.316757 -32.804108 151.846573 -0.000000 -0.000000 1.000000 
4.844208 -73.059204 -212.514313 89.000000 88.000000 89.000000
2.188161 -80.707214 -199.206390 1.000000 0.000000 0.000000 2.553787 -107.572495 -140.909424 1.000000 0.000000 0.000000 -218.305939 -64.670731 -221.068634 -0.000000 -0.000000 1.000000 223.164978 -64.146530 -220.647430 0.000000 0.000000 1.000000 
4.844208 -73.059204 -123.014313 89.000000 88.000000 90.000000
2.553787 -107.572495 -140.909424 1.000000 0.000000 0.000000 2.971956 -123.575974 -60.497490 1.000000 0.000000 0.000000 
4.844208 -73.059204 -33.514313 89.000000 88.000000 89.000000
2.971956 -123.575974 -60.497490 1.000000 0.000000 0.000000 
93.844208 -72.559204 -212.514313 89.000000 89.000000 89.000000
223.164978 -64.146530 -220.647430 0.000000 0.000000 1.000000 
94.344208 16.440796 -212.514313 88.000000 89.000000 89.000000
105.427551 56.004539 -221.513580 0.000000 0.000000 1.000000 115.387810 21.227777 -221.613617 0.000000 0.000000 1.000000 171.325134 -0.900815 -221.591522 0.000000 0.000000 1.000000 117.026306 -1.030580 -132.997147 -0.000000 -1.000000 -0.000000 
58
-175.655792 -72.559204 -33.514313 88.000000 89.000000 89.000000

-176.155792 -72.559204 -123.014313 89.000000 89.000000 90.000000

-176.155792 -72.559204 -212.514313 89.000000 89.000000 89.000000
-218.305939 -64.670731 -221.068634 -0.000000 -0.000000 1.000000 
-265.655792 -72.559204 -123.514313 90.000000 89.000000 89.000000

-265.655792 -72.559204 -212.514313 90.000000 89.000000 89.000000
-218.305939 -64.670731 -221.068634 -0.000000 -0.000000 1.000000 
-355.155792 -72.559204 -123.514313 89.000000 89.000000 89.000000
-350.132751 -64.620071 -81.859406 -0.000000 1.000000 -0.000000 -388.800903 -64.487190 -92.603638 -0.000000 1.000000 -0.000000 
-355.655792 -72.559204 -212.514313 90.000000 89.000000 89.000000
-340.340942 -18.078239 -223.002411 -0.000000 -0.000000 1.000000 -396.861023 -34.318729 -222.999084 -0.000000 -0.000000 1.000000 -218.305939 -64.670731 -221.068634 -0.000000 -0.000000 1.000000 
-445.155792 -72.559204 -213.014313 89.000000 89.000000 88.000000
-432.459595 -64.229271 -178.460541 -0.000000 1.000000 -0.000000 -396.861023 -34.318729 -222.999084 -0.000000 -0.000000 1.000000 -428.445862 -54.352180 -221.972229 -0.000000 -0.000000 1.000000 -218.305939 -64.670731 -221.068634 -0.000000 -0.000000 1.000000 
-86.155792 17.440796 -123.014313 89.000000 89.000000 88.000000
-109.708435 0.697520 -133.214661 0.000000 1.000000 0.000000 
-85.655792 107.440796 -33.514313 90.000000 89.000000 89.000000
-55.048981 86.340378 -43.797165 -0.000000 -0.000000 1.000000 -84.288437 71.723160 -43.488770 -0.000000 -0.000000 1.000000 
-176.155792 16.940796 -33.514313 89.000000 90.000000 89.000000

-175.655792 16.940796 -123.014313 90.000000 90.000000 90.000000

-176.155792 16.940796 -212.514313 89.000000 90.000000 89.000000
-163.826538 -1.302065 -221.918259 -0.000000 -0.000000 1.000000 
-265.655792 17.440796 -33.514313 90.000000 89.000000 89.000000

-265.655792 16.940796 -123.014313 90.000000 90.000000 90.000000

-265.655792 16.940796 -212.514313 90.000000 90.000000 89.000000
-261.716705 -6.712893 -221.978638 -0.000000 -0.000000 1.000000 -340.340942 -18.078239 -223.002411 -0.000000 -0.000000 1.000000 
-86.155792 106.940796 -123.014313 89.000000 90.000000 90.000000

-86.155792 107.440796 -212.514313 89.000000 89.000000 89.000000
-57.827545 88.160019 -221.356766 -0.000000 -0.000000 1.000000 -80.158096 77.074249 -221.554779 -0.000000 -0.000000 1.000000 -98.068108 55.761024 -221.708023 -0.000000 -0.000000 1.000000 
-355.655792 17.440796 -33.514313 90.000000 89.000000 89.000000

-355.655792 16.940796 -123.014313 90.000000 90.000000 90.000000

-355.655792 16.940796 -212.514313 90.000000 90.000000 89.000000
-340.340942 -18.078239 -223.002411 -0.000000 -0.000000 1.000000 -396.861023 -34.318729 -222.999084 -0.000000 -0.000000 1.000000 
-355.655792 16.940796 -212.514313 90.000000 90.000000 89.000000
-340.340942 -18.078239 -223.002411 0.000000 0.000000 -1.000000 -396.861023 -34.318729 -222.999084 0.000000 0.000000 -1.000000 
-86.155792 196.440796 -33.514313 89.000000 89.000000 89.000000

-86.155792 196.440796 -123.014313 89.000000 89.000000 90.000000

-86.155792 196.440796 -212.514313 89.000000 89.000000 89.000000

-175.655792 106.940796 -33.514313 90.000000 90.000000 89.000000

-175.655792 196.440796 -33.514313 90.000000 89.000000 89.000000

-175.655792 106.940796 -123.014313 90.000000 90.000000 90.000000

-175.655792 196.440796 -123.014313 90.000000 89.000000 90.000000

-175.655792 106.940796 -212.514313 90.000000 90.000000 89.000000

-175.655792 196.440796 -212.514313 90.000000 89.000000 89.000000

-265.655792 106.940796 -33.514313 90.000000 90.000000 89.000000

-265.655792 196.440796 -33.514313 90.000000 89.000000 89.000000

-265.655792 106.940796 -123.014313 90.000000 90.000000 90.000000

-265.655792 196.440796 -123.014313 90.000000 89.000000 90.000000

-265.655792 106.940796 -212.514313 90.000000 90.000000 89.000000

-265.655792 196.440796 -212.514313 90.000000 89.000000 89.000000

-355.655792 106.940796 -33.514313 90.000000 90.000000 89.000000

-355.655792 196.440796 -33.514313 90.000000 89.000000 89.000000

-355.655792 106.940796 -123.014313 90.000000 90.000000 90.000000

-355.655792 196.440796 -123.014313 90.000000 89.000000 90.000000

-355.655792 106.940796 -212.514313 90.000000 90.000000 89.000000

-355.655792 196.440796 -212.514313 90.000000 89.000000 89.000000

-445.155792 17.440796 -33.514313 89.000000 89.000000 89.000000

-445.155792 106.940796 -33.514313 89.000000 90.000000 89.000000

-445.155792 196.440796 -33.514313 89.000000 89.000000 89.000000

-445.155792 17.440796 -123.014313 89.000000 89.000000 90.000000

-445.155792 106.940796 -123.014313 89.000000 90.000000 90.000000

-445.155792 196.440796 -123.014313 89.000000 89.000000 90.000000

-445.155792 16.940796 -212.514313 89.000000 90.000000 89.000000

-445.155792 106.940796 -212.514313 89.000000 90.000000 89.000000

-445.155792 196.440796 -212.514313 89.000000 89.000000 89.000000

93.844208 106.940796 -33.014313 89.000000 88.000000 88.000000
60.623749 86.475372 -43.685608 0.000000 0.000000 1.000000 90.377960 71.932510 -43.316818 0.000000 0.000000 1.000000 
4.344208 106.940796 -32.514313 90.000000 88.000000 89.000000
2.482271 102.159981 -66.332230 -1.000000 0.000000 0.000000 23.065754 93.431442 -44.047192 0.000000 0.000000 1.000000 60.623749 86.475372 -43.685608 0.000000 0.000000 1.000000 -17.821724 93.384277 -44.084679 -0.000000 -0.000000 1.000000 2.631679 97.722992 -20.542120 -1.000000 -0.000000 -0.000000 2.895596 116.022217 53.803314 -1.000000 -0.000000 -0.000000 
4.344208 106.940796 -32.514313 90.000000 88.000000 89.000000
2.482271 102.159981 -66.332230 1.000000 -0.000000 -0.000000 23.065754 93.431442 -44.047192 0.000000 0.000000 1.000000 60.623749 86.475372 -43.685608 0.000000 0.000000 1.000000 -17.821724 93.384277 -44.084679 -0.000000 -0.000000 1.000000 2.631679 97.722992 -20.542120 1.000000 0.000000 0.000000 2.895596 116.022217 53.803314 1.000000 0.000000 0.000000 
4.344208 106.940796 56.985687 88.000000 88.000000 90.000000
2.895596 116.022217 53.803314 1.000000 0.000000 0.000000 
4.344208 106.940796 146.485687 88.000000 88.000000 89.000000
4.811515 98.879242 137.413040 1.000000 0.000000 0.000000 24.228699 92.523361 148.816177 0.000000 0.000000 -1.000000 59.950550 84.290054 147.422180 0.000000 0.000000 -1.000000 -16.587816 92.472519 148.780548 -0.000000 -0.000000 -1.000000 -52.513763 84.155899 147.313843 -0.000000 -0.000000 -1.000000 4.428925 118.146965 112.875290 1.000000 0.000000 0.000000 4.887275 82.082977 188.562210 1.000000 0.000000 0.000000 
4.344208 106.940796 146.485687 88.000000 88.000000 89.000000
4.811515 98.879242 137.413040 1.000000 0.000000 0.000000 24.228699 92.523361 148.816177 0.000000 0.000000 -1.000000 59.950550 84.290054 147.422180 -0.000000 -0.000000 1.000000 -16.587816 92.472519 148.780548 -0.000000 -0.000000 -1.000000 -52.513763 84.155899 147.313843 0.000000 0.000000 1.000000 4.428925 118.146965 112.875290 1.000000 0.000000 0.000000 4.887275 82.082977 188.562210 1.000000 0.000000 0.000000 
23
3.844208 -73.059204 -213.014313 89.000000 88.000000 88.000000
0.188161 -80.707214 -199.206390 -1.000000 -0.000000 -0.000000 0.553787 -107.572495 -140.909424 -1.000000 -0.000000 -0.000000 -218.305939 -64.670731 -221.068634 -0.000000 -0.000000 1.000000 223.164978 -64.146530 -221.647430 -0.000000 -0.000000 -1.000000 
3.844208 -73.059204 -213.014313 89.000000 88.000000 88.000000
0.188161 -80.707214 -199.206390 -1.000000 -0.000000 -0.000000 0.553787 -107.572495 -140.909424 -1.000000 -0.000000 -0.000000 -218.305939 -64.670731 -221.068634 -0.000000 -0.000000 1.000000 223.164978 -64.146530 -221.647430 0.000000 0.000000 1.000000 
-85.155792 -72.559204 -212.514313 89.000000 89.000000 89.000000
-218.305939 -64.670731 -221.068634 -0.000000 -0.000000 1.000000 
-85.655792 16.440796 -212.514313 88.000000 89.000000 89.000000
-98.068108 55.761024 -221.708023 -0.000000 -0.000000 1.000000 -107.943192 20.959372 -221.825867 -0.000000 -0.000000 1.000000 -163.826538 -1.302065 -221.918259 -0.000000 -0.000000 1.000000 -109.708435 -1.302480 -133.214661 -0.000000 -1.000000 -0.000000 
-85.655792 -72.559204 -123.014313 88.000000 89.000000 90.000000

-85.655792 16.440796 -123.014313 88.000000 89.000000 90.000000
-109.708435 -1.302480 -133.214661 -0.000000 -1.000000 -0.000000 
-85.655792 16.440796 -33.014313 88.000000 89.000000 90.000000
-103.814575 49.406467 -44.154530 -0.000000 -0.000000 1.000000 -109.965248 17.960779 -43.765228 -0.000000 -0.000000 1.000000 -109.708435 -1.302480 -133.214661 -0.000000 -1.000000 -0.000000 -108.982513 -1.346968 53.064468 0.000000 -1.000000 0.000000 
-85.655792 16.440796 -33.014313 88.000000 89.000000 90.000000
-103.814575 49.406467 -44.154530 0.000000 0.000000 -1.000000 -109.965248 17.960779 -43.765228 0.000000 0.000000 -1.000000 -109.708435 -1.302480 -133.214661 -0.000000 -1.000000 -0.000000 -108.982513 -1.346968 53.064468 0.000000 -1.000000 0.000000 
-85.655792 16.440796 -33.014313 88.000000 89.000000 90.000000
-103.814575 49.406467 -44.154530 -0.000000 -0.000000 1.000000 -109.965248 17.960779 -43.765228 0.000000 0.000000 -1.000000 -109.708435 -1.302480 -133.214661 -0.000000 -1.000000 -0.000000 -108.982513 -1.346968 53.064468 0.000000 -1.000000 0.000000 
-85.655792 -162.559204 -32.514313 88.000000 89.000000 89.000000

-85.655792 -73.059204 -33.014313 88.000000 90.000000 90.000000

-85.655792 16.440796 56.485687 88.000000 89.000000 89.000000
-108.982513 -1.346968 53.064468 0.000000 -1.000000 0.000000 
-85.655792 -162.559204 56.485687 88.000000 89.000000 89.000000

-86.155792 -73.059204 56.485687 89.000000 90.000000 89.000000

-355.155792 -73.059204 -33.514313 89.000000 88.000000 89.000000
-300.548828 -66.690048 -56.808983 0.000000 -1.000000 0.000000 -350.132751 -66.620071 -81.859406 0.000000 -1.000000 0.000000 
-266.155792 -73.059204 -32.514313 89.000000 88.000000 89.000000
-250.511917 -66.762352 28.686476 0.000000 -1.000000 0.000000 -263.408478 -66.714767 -17.035385 0.000000 -1.000000 0.000000 -300.548828 -66.690048 -56.808983 0.000000 -1.000000 0.000000 
-265.155792 -73.059204 56.985687 89.000000 88.000000 90.000000
-242.452301 -66.844223 78.844841 0.000000 -1.000000 0.000000 -250.511917 -66.762352 28.686476 0.000000 -1.000000 0.000000 
-175.655792 -73.059204 57.485687 90.000000 88.000000 89.000000

-265.155792 -73.059204 146.485687 89.000000 88.000000 89.000000
-223.307281 -66.936584 121.997902 0.000000 -1.000000 0.000000 
-176.155792 -73.059204 146.485687 89.000000 88.000000 89.000000
-144.627411 -53.206364 151.628571 -0.000000 -0.000000 -1.000000 -177.148193 -67.017464 146.703552 0.000000 -1.000000 0.000000 -223.307281 -66.936584 121.997902 0.000000 -1.000000 0.000000 -141.146729 -65.999390 171.030746 -0.000000 -1.000000 -0.000000 -138.008789 -82.417717 152.383698 -0.000000 -0.000000 -1.000000 -134.461853 -33.130589 150.581116 -0.000000 -0.000000 -1.000000 
-356.155792 -73.059204 -122.514313 89.000000 88.000000 89.000000
-350.132751 -66.620071 -81.859406 0.000000 -1.000000 0.000000 -388.800903 -66.487190 -92.603638 0.000000 -1.000000 0.000000 
-445.655792 -73.059204 -212.514313 88.000000 88.000000 89.000000
-432.459595 -66.229271 -178.460541 0.000000 -1.000000 0.000000 -396.861023 -34.318729 -221.999084 -0.000000 -0.000000 1.000000 -428.445862 -54.352180 -221.972229 -0.000000 -0.000000 1.000000 -218.305939 -64.670731 -221.068634 -0.000000 -0.000000 1.000000 
-445.155792 -73.059204 -123.514313 89.000000 88.000000 89.000000
-416.324585 -66.343002 -115.861237 0.000000 -1.000000 0.000000 -432.459595 -66.229271 -178.460541 0.000000 -1.000000 0.000000 
5
183.844208 16.940796 -33.514313 89.000000 88.000000 89.000000

94.844208 16.940796 -33.514313 89.000000 88.000000 89.000000
110.443359 49.664436 -42.948277 0.000000 0.000000 1.000000 116.978485 18.232325 -42.549282 0.000000 0.000000 1.000000 117.026306 -0.030580 -132.997147 -0.000000 -1.000000 -0.000000 115.944687 0.923939 53.282349 0.000000 1.000000 0.000000 
94.844208 16.940796 -33.514313 89.000000 88.000000 89.000000
110.443359 49.664436 -42.948277 0.000000 0.000000 1.000000 116.978485 18.232325 -42.549282 0.000000 0.000000 1.000000 117.026306 -0.030580 -132.997147 0.000000 1.000000 0.000000 115.944687 0.923939 53.282349 0.000000 1.000000 0.000000 
94.844208 16.940796 -122.514313 89.000000 88.000000 89.000000
117.026306 -0.030580 -132.997147 0.000000 1.000000 0.000000 
183.844208 16.940796 -122.514313 89.000000 88.000000 89.000000

5
94.344208 16.940796 57.485687 88.000000 88.000000 89.000000
115.944687 0.923939 53.282349 0.000000 1.000000 0.000000 
94.344208 16.940796 146.485687 88.000000 88.000000 89.000000
86.067398 65.153908 148.126190 0.000000 0.000000 -1.000000 103.425072 40.279015 148.868729 0.000000 0.000000 -1.000000 112.886490 13.419576 149.570023 0.000000 0.000000 -1.000000 115.580162 0.009291 172.680756 -0.000000 -1.000000 -0.000000 123.790283 -12.815229 150.529129 0.000000 0.000000 -1.000000 141.316757 -32.804108 151.846573 0.000000 0.000000 -1.000000 115.944687 0.923939 53.282349 0.000000 1.000000 0.000000 
94.344208 16.940796 146.485687 88.000000 88.000000 89.000000
86.067398 65.153908 148.126190 -0.000000 -0.000000 1.000000 103.425072 40.279015 148.868729 -0.000000 -0.000000 1.000000 112.886490 13.419576 149.570023 -0.000000 -0.000000 1.000000 115.580162 0.009291 172.680756 0.000000 1.000000 0.000000 123.790283 -12.815229 150.529129 -0.000000 -0.000000 1.000000 141.316757 -32.804108 151.846573 -0.000000 -0.000000 1.000000 115.944687 0.923939 53.282349 0.000000 1.000000 0.000000 
94.344208 16.940796 146.485687 88.000000 88.000000 89.000000
86.067398 65.153908 148.126190 -0.000000 -0.000000 1.000000 103.425072 40.279015 148.868729 -0.000000 -0.000000 1.000000 112.886490 13.419576 149.570023 -0.000000 -0.000000 1.000000 115.580162 0.009291 172.680756 -0.000000 -1.000000 -0.000000 123.790283 -12.815229 150.529129 0.000000 0.000000 -1.000000 141.316757 -32.804108 151.846573 0.000000 0.000000 -1.000000 115.944687 0.923939 53.282349 0.000000 1.000000 0.000000 
94.344208 16.940796 146.485687 88.000000 88.000000 89.000000
86.067398 65.153908 148.126190 -0.000000 -0.000000 1.000000 103.425072 40.279015 148.868729 -0.000000 -0.000000 1.000000 112.886490 13.419576 149.570023 -0.000000 -0.000000 1.000000 115.580162 0.009291 172.680756 0.000000 1.000000 0.000000 123.790283 -12.815229 150.529129 0.000000 0.000000 -1.000000 141.316757 -32.804108 151.846573 0.000000 0.000000 -1.000000 115.944687 0.923939 53.282349 0.000000 1.000000 0.000000 
2
-85.655792 -162.559204 146.985687 88.000000 89.000000 88.000000
-85.070648 -122.353096 153.121521 -0.000000 -0.000000 -1.000000 -30.738287 -133.106903 153.100662 -0.000000 -0.000000 -1.000000 
-85.655792 -73.559204 146.985687 88.000000 89.000000 88.000000
-118.531860 -107.166313 152.907745 -0.000000 -0.000000 -1.000000 -85.070648 -122.353096 153.121521 -0.000000 -0.000000 -1.000000 -138.008789 -82.417717 152.383698 -0.000000 -0.000000 -1.000000 -134.461853 -33.130589 150.581116 -0.000000 -0.000000 -1.000000 
3
94.344208 -162.559204 146.985687 88.000000 89.000000 88.000000
90.198883 -122.142090 153.295898 0.000000 0.000000 -1.000000 35.451393 -133.026794 153.166992 0.000000 0.000000 -1.000000 
94.844208 -73.559204 146.985687 89.000000 89.000000 88.000000
124.305878 -106.876923 153.139618 0.000000 0.000000 -1.000000 90.198883 -122.142090 153.295898 0.000000 0.000000 -1.000000 144.533813 -82.079308 152.650665 0.000000 0.000000 -1.000000 141.316757 -32.804108 150.846573 0.000000 0.000000 -1.000000 
183.844208 -73.059204 146.985687 89.000000 88.000000 88.000000
151.524017 -52.852589 151.915985 0.000000 0.000000 -1.000000 184.081665 -64.584618 147.049316 0.000000 1.000000 0.000000 230.291626 -64.395844 122.432419 0.000000 1.000000 0.000000 148.030914 -63.651619 171.309998 -0.000000 1.000000 -0.000000 144.533813 -82.079308 152.650665 0.000000 0.000000 -1.000000 141.316757 -32.804108 150.846573 0.000000 0.000000 -1.000000 
8
4.344208 196.940796 -212.514313 88.000000 88.000000 89.000000
0.555566 200.079849 -191.151520 -1.000000 0.000000 0.000000 9.425872 197.631302 -220.979523 -0.000000 -0.000000 1.000000 21.304764 178.215942 -220.979340 -0.000000 -0.000000 1.000000 26.592346 148.202881 -220.948532 -0.000000 -0.000000 1.000000 -6.292097 197.615173 -220.994324 0.000000 0.000000 1.000000 -17.405062 178.169083 -221.017181 0.000000 0.000000 1.000000 -21.508282 148.144012 -220.996643 0.000000 0.000000 1.000000 
4.344208 196.440796 -123.514313 88.000000 89.000000 89.000000
1.036504 154.963318 -119.033524 -1.000000 0.000000 0.000000 0.782717 184.105713 -144.376953 -1.000000 0.000000 0.000000 0.555566 200.079849 -191.151520 -1.000000 0.000000 0.000000 
4.344208 107.440796 -122.514313 88.000000 89.000000 89.000000
1.482271 102.159981 -66.332230 -1.000000 0.000000 0.000000 1.279831 123.899445 -98.544388 -1.000000 0.000000 0.000000 1.036504 154.963318 -119.033524 -1.000000 0.000000 0.000000 
-85.655792 17.440796 -33.014313 88.000000 89.000000 88.000000
-103.814575 49.406467 -44.154530 -0.000000 -0.000000 1.000000 -109.965248 17.960779 -43.765228 -0.000000 -0.000000 1.000000 -109.708435 0.697520 -133.214661 0.000000 1.000000 0.000000 -108.982513 0.653032 53.064468 -0.000000 1.000000 -0.000000 
3.844208 106.940796 -33.514313 89.000000 88.000000 89.000000
1.482271 102.159981 -66.332230 -1.000000 0.000000 0.000000 23.065754 93.431442 -46.047192 -0.000000 -0.000000 -1.000000 60.623749 86.475372 -45.685608 -0.000000 -0.000000 -1.000000 -17.821724 93.384277 -46.084679 0.000000 0.000000 -1.000000 1.631679 97.722992 -20.542120 -1.000000 -0.000000 -0.000000 1.895596 116.022217 53.803314 -1.000000 -0.000000 -0.000000 
-85.155792 106.440796 -33.014313 89.000000 89.000000 88.000000
-55.048981 86.340378 -45.797165 0.000000 0.000000 -1.000000 -84.288437 71.723160 -45.488770 0.000000 0.000000 -1.000000 
-85.655792 17.440796 -33.014313 88.000000 89.000000 88.000000
-103.814575 49.406467 -44.154530 0.000000 0.000000 -1.000000 -109.965248 17.960779 -43.765228 0.000000 0.000000 -1.000000 -109.708435 0.697520 -133.214661 0.000000 1.000000 0.000000 -108.982513 0.653032 53.064468 -0.000000 1.000000 -0.000000 
-85.655792 17.440796 -33.014313 88.000000 89.000000 88.000000
-103.814575 49.406467 -44.154530 -0.000000 -0.000000 1.000000 -109.965248 17.960779 -43.765228 0.000000 0.000000 -1.000000 -109.708435 0.697520 -133.214661 0.000000 1.000000 0.000000 -108.982513 0.653032 53.064468 -0.000000 1.000000 -0.000000 
6
274.344208 -73.059204 -123.014313 88.000000 88.000000 90.000000

274.344208 -73.059204 -33.514313 88.000000 88.000000 89.000000
257.683746 -64.152840 29.175255 0.000000 1.000000 0.000000 270.669342 -64.078735 -16.520164 0.000000 1.000000 0.000000 307.883301 -63.961624 -56.223938 0.000000 1.000000 0.000000 
273.844208 16.440796 -213.014313 89.000000 89.000000 88.000000
269.229065 -6.078408 -221.461273 0.000000 0.000000 1.000000 347.876831 -17.257431 -221.341980 0.000000 0.000000 1.000000 
184.844208 16.440796 -213.014313 89.000000 89.000000 88.000000
171.325134 -0.900815 -221.591522 0.000000 0.000000 1.000000 
184.844208 -72.559204 -213.014313 89.000000 89.000000 88.000000
223.164978 -64.146530 -220.647430 0.000000 0.000000 1.000000 
273.844208 -72.559204 -212.514313 89.000000 89.000000 89.000000
223.164978 -64.146530 -220.647430 0.000000 0.000000 1.000000 
4
454.344208 -73.059204 -123.514313 88.000000 88.000000 89.000000
396.198792 -63.549759 -91.850555 0.000000 1.000000 0.000000 423.764526 -63.337631 -115.052109 0.000000 1.000000 0.000000 440.016144 -64.186264 -177.624054 0.000000 1.000000 0.000000 
454.344208 -73.059204 -212.514313 88.000000 88.000000 89.000000
440.016144 -64.186264 -177.624054 -0.000000 -1.000000 -0.000000 404.434296 -33.361103 -221.231949 0.000000 0.000000 1.000000 436.064575 -53.321114 -221.143799 0.000000 0.000000 1.000000 223.164978 -64.146530 -221.647430 0.000000 0.000000 1.000000 
454.344208 -73.059204 -212.514313 88.000000 88.000000 89.000000
440.016144 -64.186264 -177.624054 0.000000 1.000000 0.000000 404.434296 -33.361103 -221.231949 0.000000 0.000000 1.000000 436.064575 -53.321114 -221.143799 0.000000 0.000000 1.000000 223.164978 -64.146530 -221.647430 -0.000000 -0.000000 -1.000000 
454.344208 -73.059204 -212.514313 88.000000 88.000000 89.000000
440.016144 -64.186264 -177.624054 0.000000 1.000000 0.000000 404.434296 -33.361103 -221.231949 0.000000 0.000000 1.000000 436.064575 -53.321114 -221.143799 0.000000 0.000000 1.000000 223.164978 -64.146530 -221.647430 0.000000 0.000000 1.000000 
7
4.344208 -163.059204 146.485687 88.000000 88.000000 89.000000
35.451393 -133.026794 153.166992 0.000000 0.000000 -1.000000 -30.738287 -133.106903 153.100662 -0.000000 -0.000000 -1.000000 1.347249 -135.815720 114.096657 -1.000000 -0.000000 -0.000000 1.470404 -137.659073 260.034363 -0.000000 -1.000000 -0.000000 
4.344208 -163.059204 146.485687 88.000000 88.000000 89.000000
35.451393 -133.026794 153.166992 0.000000 0.000000 -1.000000 -30.738287 -133.106903 153.100662 -0.000000 -0.000000 -1.000000 1.347249 -135.815720 114.096657 -1.000000 -0.000000 -0.000000 1.470404 -137.659073 260.034363 0.000000 1.000000 0.000000 
4.344208 -73.559204 -122.514313 88.000000 89.000000 89.000000
0.553787 -107.572495 -140.909424 -1.000000 -0.000000 -0.000000 0.971956 -123.575974 -60.497490 -1.000000 -0.000000 -0.000000 
4.344208 -73.559204 -33.514313 88.000000 89.000000 89.000000
0.971956 -123.575974 -60.497490 -1.000000 -0.000000 -0.000000 
4.344208 -163.059204 56.985687 88.000000 88.000000 90.000000
1.287998 -131.919189 28.886496 -1.000000 -0.000000 -0.000000 1.347249 -135.815720 114.096657 -1.000000 -0.000000 -0.000000 
4.344208 -162.559204 -122.514313 88.000000 89.000000 89.000000
0.553787 -107.572495 -140.909424 -1.000000 -0.000000 -0.000000 0.971956 -123.575974 -60.497490 -1.000000 -0.000000 -0.000000 
4.344208 -162.559204 -33.014313 88.000000 89.000000 90.000000
0.971956 -123.575974 -60.497490 -1.000000 -0.000000 -0.000000 1.287998 -131.919189 28.886496 -1.000000 -0.000000 -0.000000 
2
94.344208 106.940796 57.485687 88.000000 88.000000 89.000000

94.344208 106.940796 146.485687 88.000000 88.000000 89.000000
59.950550 84.290054 146.422180 0.000000 0.000000 -1.000000 86.067398 65.153908 147.126190 0.000000 0.000000 -1.000000 
3
-85.655792 16.940796 146.985687 88.000000 88.000000 88.000000
-78.887238 64.960739 148.963547 0.000000 0.000000 1.000000 -96.492188 40.045273 148.675446 0.000000 0.000000 1.000000 -106.084183 13.159883 149.356339 0.000000 0.000000 1.000000 -108.844353 0.741021 172.466980 -0.000000 1.000000 -0.000000 -116.981857 -13.103668 150.297623 0.000000 0.000000 1.000000 -134.461853 -33.130589 151.581116 0.000000 0.000000 1.000000 -108.982513 0.653032 53.064468 -0.000000 1.000000 -0.000000 
-85.655792 16.940796 146.985687 88.000000 88.000000 88.000000
-78.887238 64.960739 148.963547 0.000000 0.000000 1.000000 -96.492188 40.045273 148.675446 -0.000000 -0.000000 -1.000000 -106.084183 13.159883 149.356339 -0.000000 -0.000000 -1.000000 -108.844353 0.741021 172.466980 -0.000000 1.000000 -0.000000 -116.981857 -13.103668 150.297623 -0.000000 -0.000000 -1.000000 -134.461853 -33.130589 151.581116 -0.000000 -0.000000 -1.000000 -108.982513 0.653032 53.064468 -0.000000 1.000000 -0.000000 
-85.655792 16.940796 146.985687 88.000000 88.000000 88.000000
-78.887238 64.960739 148.963547 0.000000 0.000000 1.000000 -96.492188 40.045273 148.675446 0.000000 0.000000 1.000000 -106.084183 13.159883 149.356339 0.000000 0.000000 1.000000 -108.844353 0.741021 172.466980 -0.000000 1.000000 -0.000000 -116.981857 -13.103668 150.297623 -0.000000 -0.000000 -1.000000 -134.461853 -33.130589 151.581116 -0.000000 -0.000000 -1.000000 -108.982513 0.653032 53.064468 -0.000000 1.000000 -0.000000 
1
4.344208 106.940796 -213.014313 88.000000 88.000000 88.000000
26.592346 148.202881 -220.948532 -0.000000 -0.000000 1.000000 -21.508282 148.144012 -220.996643 0.000000 0.000000 1.000000 41.958374 92.363495 -221.034790 0.000000 0.000000 1.000000 -34.688122 92.275299 -221.113388 -0.000000 -0.000000 1.000000 29.304605 112.462624 -220.926346 -0.000000 -0.000000 1.000000 -22.804289 112.403839 -220.979431 0.000000 0.000000 1.000000 
1
184.344208 16.940796 146.985687 88.000000 88.000000 88.000000
141.316757 -32.804108 152.846573 -0.000000 -0.000000 1.000000 
1
-85.655792 16.940796 -213.014313 88.000000 88.000000 88.000000
-98.068108 55.761024 -221.708023 -0.000000 -0.000000 1.000000 -107.943192 20.959372 -221.825867 -0.000000 -0.000000 1.000000 -163.826538 -1.302065 -221.918259 -0.000000 -0.000000 1.000000 -109.708435 0.697520 -133.214661 0.000000 1.000000 0.000000 
1
94.344208 16.940796 -213.014313 88.000000 88.000000 88.000000
105.427551 56.004539 -221.513580 0.000000 0.000000 1.000000 115.387810 21.227777 -221.613617 0.000000 0.000000 1.000000 171.325134 -0.900815 -221.591522 0.000000 0.000000 1.000000 117.026306 0.969420 -132.997147 0.000000 1.000000 0.000000 
1
94.344208 16.940796 -33.014313 88.000000 88.000000 88.000000
110.443359 49.664436 -44.948277 -0.000000 -0.000000 -1.000000 116.978485 18.232325 -44.549282 -0.000000 -0.000000 -1.000000 117.026306 0.969420 -132.997147 0.000000 1.000000 0.000000 115.944687 0.923939 53.282349 0.000000 1.000000 0.000000 
1
4.344208 106.940796 -33.014313 88.000000 88.000000 88.000000
3.482271 102.159981 -66.332230 1.000000 -0.000000 -0.000000 23.065754 93.431442 -46.047192 -0.000000 -0.000000 -1.000000 60.623749 86.475372 -45.685608 -0.000000 -0.000000 -1.000000 -17.821724 93.384277 -46.084679 0.000000 0.000000 -1.000000 3.631679 97.722992 -20.542120 1.000000 0.000000 0.000000 3.895596 116.022217 53.803314 1.000000 0.000000 0.000000 
1
94.344208 16.940796 146.985687 88.000000 88.000000 88.000000
86.067398 65.153908 147.126190 0.000000 0.000000 -1.000000 103.425072 40.279015 147.868729 0.000000 0.000000 -1.000000 112.886490 13.419576 148.570023 0.000000 0.000000 -1.000000 115.580162 -0.990709 172.680756 -0.000000 -1.000000 -0.000000 123.790283 -12.815229 149.529129 0.000000 0.000000 -1.000000 141.316757 -32.804108 150.846573 0.000000 0.000000 -1.000000 115.944687 -1.076061 53.282349 -0.000000 -1.000000 -0.000000 
1
-85.655792 16.940796 146.985687 88.000000 88.000000 88.000000
-78.887238 64.960739 146.963547 -0.000000 -0.000000 -1.000000 -96.492188 40.045273 147.675446 -0.000000 -0.000000 -1.000000 -106.084183 13.159883 148.356339 -0.000000 -0.000000 -1.000000 -108.844353 -1.258979 172.466980 0.000000 -1.000000 0.000000 -116.981857 -13.103668 149.297623 -0.000000 -0.000000 -1.000000 -134.461853 -33.130589 150.581116 -0.000000 -0.000000 -1.000000 -108.982513 -1.346968 53.064468 0.000000 -1.000000 0.000000 
1
94.344208 16.940796 146.985687 88.000000 88.000000 88.000000
86.067398 65.153908 149.126190 -0.000000 -0.000000 1.000000 103.425072 40.279015 149.868729 -0.000000 -0.000000 1.000000 112.886490 13.419576 150.570023 -0.000000 -0.000000 1.000000 115.580162 -0.990709 172.680756 -0.000000 -1.000000 -0.000000 123.790283 -12.815229 151.529129 -0.000000 -0.000000 1.000000 141.316757 -32.804108 152.846573 -0.000000 -0.000000 1.000000 115.944687 -1.076061 53.282349 -0.000000 -1.000000 -0.000000 
