26
0.000000 0.000000 1.000000 1
-1.000000 0.000000 0.000000 495
0.000000 0.000000 -1.000000 495
1.000000 0.000000 0.000000 495
0.000000 -1.000000 0.000000 1
0.000000 1.000000 0.000000 1
0.000000 -1.000000 0.000000 1
1.000000 0.000000 0.000000 495
0.000000 1.000000 0.000000 495
0.000000 0.000000 -1.000000 160
0.000000 0.000000 -1.000000 160
-1.000000 0.000000 0.000000 1
0.000000 1.000000 0.000000 1
0.000000 1.000000 0.000000 1
-1.000000 0.000000 0.000000 105
1.000000 0.000000 0.000000 495
1.000000 0.000000 0.000000 1
0.000000 -1.000000 0.000000 61
0.000000 1.000000 0.000000 495
-1.000000 0.000000 0.000000 1
-1.000000 0.000000 0.000000 1
0.000000 0.000000 -1.000000 70
0.000000 0.000000 -1.000000 70
0.000000 -1.000000 0.000000 495
0.000000 -1.000000 0.000000 495
0.000000 -1.000000 0.000000 495
25
18
16
0
1
9
10
24
15
23
4
14
6
13
22
8
21
20
19
3
7
12
17
11
5
2
