2
7
-7.000000 -7.000000 5.000000 60.000000 60.000000 60.000000
50.005405 0.000962 0.001934 0.000009 -0.707107 0.707107 
53.000000 -7.000000 5.000000 60.000000 60.000000 60.000000
50.005405 0.000962 0.001934 0.000009 -0.707107 0.707107 
113.000000 -7.000000 5.000000 60.000000 60.000000 60.000000
50.005405 0.000962 0.001934 0.000009 -0.707107 0.707107 100.001816 50.001396 0.005178 -0.707107 -0.000004 -0.707107 
113.000000 113.000000 5.000000 60.000000 60.000000 60.000000
100.001816 50.001396 0.005178 0.707107 0.000004 0.707107 
113.000000 53.000000 5.000000 60.000000 60.000000 60.000000
100.001816 50.001396 0.005178 0.707107 0.000004 0.707107 
113.000000 -7.000000 5.000000 60.000000 60.000000 60.000000
50.005405 0.000962 0.001934 0.000009 -0.707107 0.707107 100.001816 50.001396 0.005178 0.707107 0.000004 0.707107 
113.000000 -7.000000 5.000000 60.000000 60.000000 60.000000
50.005405 0.000962 0.001934 -0.000009 0.707107 -0.707107 100.001816 50.001396 0.005178 0.707107 0.000004 0.707107 
9
113.000000 -7.000000 5.000000 60.000000 60.000000 60.000000
50.005405 0.000962 0.001934 -0.000009 0.707107 -0.707107 100.001816 50.001396 0.005178 -0.707107 -0.000004 -0.707107 
113.000000 53.000000 5.000000 60.000000 60.000000 60.000000
100.001816 50.001396 0.005178 -0.707107 -0.000004 -0.707107 
113.000000 113.000000 5.000000 60.000000 60.000000 60.000000
100.001816 50.001396 0.005178 -0.707107 -0.000004 -0.707107 
53.000000 -7.000000 5.000000 60.000000 60.000000 60.000000
50.005405 0.000962 0.001934 -0.000009 0.707107 -0.707107 
-7.000000 -7.000000 5.000000 60.000000 60.000000 60.000000
50.005405 0.000962 0.001934 -0.000009 0.707107 -0.707107 
53.000000 53.000000 5.000000 60.000000 60.000000 60.000000

53.000000 113.000000 5.000000 60.000000 60.000000 60.000000

-7.000000 53.000000 5.000000 60.000000 60.000000 60.000000

-7.000000 113.000000 5.000000 60.000000 60.000000 60.000000

