16
14
-2.000000 -49.500000 56.000000 54.000000 53.000000 52.000000
0.004412 -49.996006 51.002213 0.000000 0.000000 1.000000 
51.500000 -49.500000 56.000000 53.000000 53.000000 52.000000
0.004412 -49.996006 51.002213 0.000000 0.000000 1.000000 50.006104 0.001450 51.006634 0.000000 0.000000 1.000000 50.005844 -49.995255 0.002939 -0.707107 -0.707107 -0.000050 
51.500000 -49.500000 56.000000 53.000000 53.000000 52.000000
0.004412 -49.996006 51.002213 0.000000 0.000000 1.000000 50.006104 0.001450 51.006634 0.000000 0.000000 1.000000 50.005844 -49.995255 0.002939 0.707107 0.707107 0.000050 
-55.500000 4.000000 56.000000 53.000000 54.000000 52.000000
-49.997108 0.006399 51.002644 0.000000 0.000000 1.000000 
-55.500000 -49.500000 56.000000 53.000000 53.000000 52.000000
-49.997108 0.006399 51.002644 0.000000 0.000000 1.000000 0.004412 -49.996006 51.002213 0.000000 0.000000 1.000000 -49.997498 -49.992149 0.003553 -0.707107 0.707107 0.000041 
-55.500000 -49.500000 56.000000 53.000000 53.000000 52.000000
-49.997108 0.006399 51.002644 0.000000 0.000000 1.000000 0.004412 -49.996006 51.002213 0.000000 0.000000 1.000000 -49.997498 -49.992149 0.003553 0.707107 -0.707107 -0.000041 
-2.000000 4.000000 2.500000 52.000000 52.000000 53.000000

-2.000000 4.000000 55.500000 54.000000 54.000000 53.000000

-2.000000 57.500000 56.000000 54.000000 53.000000 52.000000
0.004581 50.003853 51.007065 0.000000 0.000000 1.000000 
-55.500000 57.500000 56.000000 53.000000 53.000000 52.000000
0.004581 50.003853 51.007065 0.000000 0.000000 1.000000 -49.997108 0.006399 51.002644 0.000000 0.000000 1.000000 -49.994545 50.005405 0.003204 -0.707107 -0.707107 0.000024 
-55.500000 57.500000 56.000000 53.000000 53.000000 52.000000
0.004581 50.003853 51.007065 0.000000 0.000000 1.000000 -49.997108 0.006399 51.002644 0.000000 0.000000 1.000000 -49.994545 50.005405 0.003204 0.707107 0.707107 -0.000024 
51.500000 4.000000 56.000000 53.000000 54.000000 52.000000
50.006104 0.001450 51.006634 0.000000 0.000000 1.000000 
51.500000 57.500000 56.000000 53.000000 53.000000 52.000000
0.004581 50.003853 51.007065 0.000000 0.000000 1.000000 50.006104 0.001450 51.006634 0.000000 0.000000 1.000000 50.006256 50.000740 0.008053 -0.707107 0.707107 0.000015 
51.500000 57.500000 56.000000 53.000000 53.000000 52.000000
0.004581 50.003853 51.007065 0.000000 0.000000 1.000000 50.006104 0.001450 51.006634 0.000000 0.000000 1.000000 50.006256 50.000740 0.008053 0.707107 -0.707107 -0.000015 
7
-56.000000 -50.000000 -51.500000 52.000000 52.000000 53.000000
-49.994934 0.006855 -48.995888 0.000000 0.000000 1.000000 0.003937 -49.991398 -48.995720 0.000000 0.000000 1.000000 -50.704605 -49.285042 0.003594 -0.707107 0.707107 0.000041 
-56.000000 -49.500000 2.000000 52.000000 53.000000 54.000000
-50.704605 -49.285042 0.003594 -0.707107 0.707107 0.000041 
-56.000000 -50.000000 55.500000 52.000000 52.000000 53.000000
-49.997108 0.006399 49.002644 -0.000000 -0.000000 -1.000000 0.004412 -49.996006 49.002213 -0.000000 -0.000000 -1.000000 -50.704605 -49.285042 0.003594 -0.707107 0.707107 0.000041 
-56.000000 4.000000 2.000000 52.000000 54.000000 52.000000

-56.000000 58.000000 -51.500000 52.000000 52.000000 53.000000
0.007130 50.002289 -48.995811 0.000000 0.000000 1.000000 -49.994934 0.006855 -48.995888 0.000000 0.000000 1.000000 -50.701653 49.298298 0.003229 -0.707107 -0.707107 0.000024 
-56.000000 57.500000 2.000000 52.000000 53.000000 54.000000
-50.701653 49.298298 0.003229 -0.707107 -0.707107 0.000024 
-56.000000 58.000000 55.500000 52.000000 52.000000 53.000000
0.004581 50.003853 49.007065 -0.000000 -0.000000 -1.000000 -49.997108 0.006399 49.002644 -0.000000 -0.000000 -1.000000 -50.701653 49.298298 0.003229 -0.707107 -0.707107 0.000024 
7
52.000000 -50.000000 -51.500000 52.000000 52.000000 53.000000
0.003937 -49.991398 -48.995720 0.000000 0.000000 1.000000 50.006004 0.004036 -48.995644 0.000000 0.000000 1.000000 50.712952 -49.288147 0.002989 0.707107 0.707107 0.000050 
52.000000 -49.500000 2.000000 52.000000 53.000000 54.000000
50.712952 -49.288147 0.002989 0.707107 0.707107 0.000050 
52.000000 -50.000000 55.500000 52.000000 52.000000 53.000000
0.004412 -49.996006 49.002213 -0.000000 -0.000000 -1.000000 50.006104 0.001450 49.006634 -0.000000 -0.000000 -1.000000 50.712952 -49.288147 0.002989 0.707107 0.707107 0.000050 
52.000000 4.000000 2.000000 52.000000 54.000000 52.000000

52.000000 58.000000 -51.500000 52.000000 52.000000 53.000000
0.007130 50.002289 -48.995811 0.000000 0.000000 1.000000 50.006004 0.004036 -48.995644 0.000000 0.000000 1.000000 50.713364 49.293633 0.008038 0.707107 -0.707107 -0.000015 
52.000000 57.500000 2.000000 52.000000 53.000000 54.000000
50.713364 49.293633 0.008038 0.707107 -0.707107 -0.000015 
52.000000 58.000000 55.500000 52.000000 52.000000 53.000000
0.004581 50.003853 49.007065 -0.000000 -0.000000 -1.000000 50.006104 0.001450 49.006634 -0.000000 -0.000000 -1.000000 50.713364 49.293633 0.008038 0.707107 -0.707107 -0.000015 
13
-2.000000 -49.500000 -52.000000 54.000000 53.000000 52.000000
0.003937 -49.991398 -50.995720 -0.000000 -0.000000 -1.000000 
-55.500000 -49.500000 -52.000000 53.000000 53.000000 52.000000
-49.994934 0.006855 -50.995888 -0.000000 -0.000000 -1.000000 0.003937 -49.991398 -50.995720 -0.000000 -0.000000 -1.000000 -49.997498 -49.992149 0.003553 -0.707107 0.707107 0.000041 
-55.500000 -49.500000 -52.000000 53.000000 53.000000 52.000000
-49.994934 0.006855 -50.995888 -0.000000 -0.000000 -1.000000 0.003937 -49.991398 -50.995720 -0.000000 -0.000000 -1.000000 -49.997498 -49.992149 0.003553 0.707107 -0.707107 -0.000041 
-55.500000 4.000000 -52.000000 53.000000 54.000000 52.000000
-49.994934 0.006855 -50.995888 -0.000000 -0.000000 -1.000000 
-2.000000 4.000000 -52.000000 54.000000 54.000000 52.000000

-2.000000 57.500000 -52.000000 54.000000 53.000000 52.000000
0.007130 50.002289 -50.995811 -0.000000 -0.000000 -1.000000 
-55.500000 57.500000 -52.000000 53.000000 53.000000 52.000000
0.007130 50.002289 -50.995811 -0.000000 -0.000000 -1.000000 -49.994934 0.006855 -50.995888 -0.000000 -0.000000 -1.000000 -49.994545 50.005405 0.003204 -0.707107 -0.707107 0.000024 
-55.500000 57.500000 -52.000000 53.000000 53.000000 52.000000
0.007130 50.002289 -50.995811 -0.000000 -0.000000 -1.000000 -49.994934 0.006855 -50.995888 -0.000000 -0.000000 -1.000000 -49.994545 50.005405 0.003204 0.707107 0.707107 -0.000024 
51.500000 -49.500000 -52.000000 53.000000 53.000000 52.000000
0.003937 -49.991398 -50.995720 -0.000000 -0.000000 -1.000000 50.006004 0.004036 -50.995644 -0.000000 -0.000000 -1.000000 50.005844 -49.995255 0.002939 -0.707107 -0.707107 -0.000050 
51.500000 -49.500000 -52.000000 53.000000 53.000000 52.000000
0.003937 -49.991398 -50.995720 -0.000000 -0.000000 -1.000000 50.006004 0.004036 -50.995644 -0.000000 -0.000000 -1.000000 50.005844 -49.995255 0.002939 0.707107 0.707107 0.000050 
51.500000 4.000000 -52.000000 53.000000 54.000000 52.000000
50.006004 0.004036 -50.995644 -0.000000 -0.000000 -1.000000 
51.500000 57.500000 -52.000000 53.000000 53.000000 52.000000
0.007130 50.002289 -50.995811 -0.000000 -0.000000 -1.000000 50.006004 0.004036 -50.995644 -0.000000 -0.000000 -1.000000 50.006256 50.000740 0.008053 -0.707107 0.707107 0.000015 
51.500000 57.500000 -52.000000 53.000000 53.000000 52.000000
0.007130 50.002289 -50.995811 -0.000000 -0.000000 -1.000000 50.006004 0.004036 -50.995644 -0.000000 -0.000000 -1.000000 50.006256 50.000740 0.008053 0.707107 -0.707107 -0.000015 
5
-56.000000 58.000000 -51.500000 52.000000 52.000000 53.000000
0.007130 50.002289 -48.995811 0.000000 0.000000 1.000000 -49.994934 0.006855 -48.995888 0.000000 0.000000 1.000000 -49.287437 50.712513 0.003180 0.707107 0.707107 -0.000024 
-55.500000 58.000000 2.000000 53.000000 52.000000 54.000000
-49.287437 50.712513 0.003180 0.707107 0.707107 -0.000024 
-56.000000 58.000000 55.500000 52.000000 52.000000 53.000000
0.004581 50.003853 49.007065 -0.000000 -0.000000 -1.000000 -49.997108 0.006399 49.002644 -0.000000 -0.000000 -1.000000 -49.287437 50.712513 0.003180 0.707107 0.707107 -0.000024 
-2.000000 58.000000 2.000000 54.000000 52.000000 52.000000

51.500000 58.000000 2.000000 53.000000 52.000000 52.000000
49.299149 50.707848 0.008067 -0.707107 0.707107 0.000015 
7
52.000000 -50.000000 -51.500000 52.000000 52.000000 53.000000
0.003937 -49.991398 -48.995720 0.000000 0.000000 1.000000 50.006004 0.004036 -48.995644 0.000000 0.000000 1.000000 49.298737 -50.702362 0.002889 -0.707107 -0.707107 -0.000050 
51.500000 -50.000000 2.000000 53.000000 52.000000 54.000000
49.298737 -50.702362 0.002889 -0.707107 -0.707107 -0.000050 
52.000000 -50.000000 55.500000 52.000000 52.000000 53.000000
0.004412 -49.996006 49.002213 -0.000000 -0.000000 -1.000000 50.006104 0.001450 49.006634 -0.000000 -0.000000 -1.000000 49.298737 -50.702362 0.002889 -0.707107 -0.707107 -0.000050 
-2.000000 -50.000000 2.000000 54.000000 52.000000 52.000000

-56.000000 -50.000000 -51.500000 52.000000 52.000000 53.000000
-49.994934 0.006855 -48.995888 0.000000 0.000000 1.000000 0.003937 -49.991398 -48.995720 0.000000 0.000000 1.000000 -49.290390 -50.699257 0.003512 0.707107 -0.707107 -0.000041 
-55.500000 -50.000000 2.000000 53.000000 52.000000 54.000000
-49.290390 -50.699257 0.003512 0.707107 -0.707107 -0.000041 
-56.000000 -50.000000 55.500000 52.000000 52.000000 53.000000
-49.997108 0.006399 49.002644 -0.000000 -0.000000 -1.000000 0.004412 -49.996006 49.002213 -0.000000 -0.000000 -1.000000 -49.290390 -50.699257 0.003512 0.707107 -0.707107 -0.000041 
1
-56.000000 4.000000 -52.000000 52.000000 52.000000 52.000000
-49.994934 0.006855 -48.995888 0.000000 0.000000 1.000000 
1
-2.000000 -50.000000 -52.000000 52.000000 52.000000 52.000000
0.003937 -49.991398 -48.995720 0.000000 0.000000 1.000000 
1
-2.000000 58.000000 -52.000000 52.000000 52.000000 52.000000
0.007130 50.002289 -48.995811 0.000000 0.000000 1.000000 
1
52.000000 4.000000 -52.000000 52.000000 52.000000 52.000000
50.006004 0.004036 -48.995644 0.000000 0.000000 1.000000 
1
-56.000000 4.000000 56.000000 52.000000 52.000000 52.000000
-49.997108 0.006399 49.002644 -0.000000 -0.000000 -1.000000 
1
-2.000000 -50.000000 56.000000 52.000000 52.000000 52.000000
0.004412 -49.996006 49.002213 -0.000000 -0.000000 -1.000000 
1
-2.000000 58.000000 56.000000 52.000000 52.000000 52.000000
0.004581 50.003853 49.007065 -0.000000 -0.000000 -1.000000 
1
52.000000 4.000000 56.000000 52.000000 52.000000 52.000000
50.006104 0.001450 49.006634 -0.000000 -0.000000 -1.000000 
1
52.000000 58.000000 -52.000000 52.000000 52.000000 52.000000
0.007130 50.002289 -48.995811 0.000000 0.000000 1.000000 50.006004 0.004036 -48.995644 0.000000 0.000000 1.000000 49.299149 50.707848 0.008067 -0.707107 0.707107 0.000015 
1
52.000000 58.000000 56.000000 52.000000 52.000000 52.000000
0.004581 50.003853 49.007065 -0.000000 -0.000000 -1.000000 50.006104 0.001450 49.006634 -0.000000 -0.000000 -1.000000 49.299149 50.707848 0.008067 -0.707107 0.707107 0.000015 
