16
0.000000 0.000000 1.000000 81
-1.000000 0.000000 0.000000 81
1.000000 0.000000 0.000000 81
0.000000 0.000000 -1.000000 81
0.000000 1.000000 0.000000 81
0.000000 -1.000000 0.000000 81
0.000000 0.000000 1.000000 37
0.000000 0.000000 1.000000 37
0.000000 0.000000 1.000000 37
0.000000 0.000000 1.000000 37
0.000000 0.000000 -1.000000 38
0.000000 0.000000 -1.000000 38
0.000000 0.000000 -1.000000 38
0.000000 0.000000 -1.000000 38
-1.000000 0.000000 0.000000 36
-1.000000 0.000000 0.000000 36
0
15
10
11
12
13
4
2
5
1
14
6
7
8
9
3
