15
16
-1.500000 58.000000 2.000000 53.000000 52.000000 54.000000

-2.000000 58.000000 -51.500000 54.000000 52.000000 53.000000
0.002398 50.004112 -49.998863 -0.000012 0.707107 0.707107 
-55.500000 58.000000 -52.000000 53.000000 52.000000 52.000000
-49.290768 0.005007 -49.290688 0.707107 -0.000023 0.707107 -49.995201 50.003746 0.001879 -0.707107 0.707107 0.000034 0.002398 50.004112 -49.998863 -0.000012 0.707107 0.707107 
-55.500000 58.000000 -52.000000 53.000000 52.000000 52.000000
-49.290768 0.005007 -49.290688 0.707107 -0.000023 0.707107 -49.995201 50.003746 0.001879 0.707107 -0.707107 -0.000034 0.002398 50.004112 -49.998863 -0.000012 0.707107 0.707107 
51.500000 58.000000 55.500000 53.000000 52.000000 53.000000
0.005568 50.007278 50.005905 -0.000056 0.707107 -0.707107 50.003166 50.007652 0.005161 -0.707107 -0.707107 0.000020 49.295906 0.007905 49.301079 -0.707107 0.000020 -0.707107 
51.500000 58.000000 -51.500000 53.000000 52.000000 53.000000
0.002398 50.004112 -49.998863 -0.000012 0.707107 0.707107 50.001781 0.003912 -49.994637 -0.707107 0.000021 -0.707107 50.003166 50.007652 0.005161 -0.707107 -0.707107 0.000020 
51.500000 58.000000 55.500000 53.000000 52.000000 53.000000
0.005568 50.007278 50.005905 -0.000056 0.707107 -0.707107 50.003166 50.007652 0.005161 0.707107 0.707107 -0.000020 49.295906 0.007905 49.301079 -0.707107 0.000020 -0.707107 
51.500000 58.000000 2.000000 53.000000 52.000000 54.000000
50.003166 50.007652 0.005161 0.707107 0.707107 -0.000020 
51.500000 58.000000 -51.500000 53.000000 52.000000 53.000000
0.002398 50.004112 -49.998863 0.000012 -0.707107 -0.707107 50.001781 0.003912 -49.994637 -0.707107 0.000021 -0.707107 50.003166 50.007652 0.005161 0.707107 0.707107 -0.000020 
51.500000 58.000000 -51.500000 53.000000 52.000000 53.000000
0.002398 50.004112 -49.998863 0.000012 -0.707107 -0.707107 50.001781 0.003912 -49.994637 0.707107 -0.000021 0.707107 50.003166 50.007652 0.005161 0.707107 0.707107 -0.000020 
51.500000 58.000000 -51.500000 53.000000 52.000000 53.000000
0.002398 50.004112 -49.998863 -0.000012 0.707107 0.707107 50.001781 0.003912 -49.994637 -0.707107 0.000021 -0.707107 50.003166 50.007652 0.005161 0.707107 0.707107 -0.000020 
51.500000 58.000000 -51.500000 53.000000 52.000000 53.000000
0.002398 50.004112 -49.998863 -0.000012 0.707107 0.707107 50.001781 0.003912 -49.994637 0.707107 -0.000021 0.707107 50.003166 50.007652 0.005161 0.707107 0.707107 -0.000020 
-2.000000 58.000000 55.500000 54.000000 52.000000 53.000000
0.005568 50.007278 50.005905 -0.000056 0.707107 -0.707107 
-55.500000 58.000000 56.000000 53.000000 52.000000 52.000000
-49.995201 50.003746 0.001879 0.707107 -0.707107 -0.000034 -49.285522 0.002526 50.711884 0.707107 0.000002 0.707107 0.005568 50.007278 50.005905 -0.000056 0.707107 -0.707107 
-55.500000 58.000000 56.000000 53.000000 52.000000 52.000000
-49.995201 50.003746 0.001879 -0.707107 0.707107 0.000034 -49.285522 0.002526 50.711884 0.707107 0.000002 0.707107 0.005568 50.007278 50.005905 0.000056 -0.707107 0.707107 
-55.500000 58.000000 56.000000 53.000000 52.000000 52.000000
-49.995201 50.003746 0.001879 -0.707107 0.707107 0.000034 -49.285522 0.002526 50.711884 0.707107 0.000002 0.707107 0.005568 50.007278 50.005905 -0.000056 0.707107 -0.707107 
15
-55.500000 -50.000000 55.500000 53.000000 52.000000 53.000000
-49.995300 -49.996193 0.005098 0.707107 -0.707107 -0.000028 -49.992630 0.002523 50.004776 -0.707107 -0.000002 -0.707107 0.004816 -49.996872 50.007057 -0.000040 0.707107 -0.707107 
-2.000000 -50.000000 55.500000 54.000000 52.000000 53.000000
0.004816 -49.996872 50.007057 0.000040 -0.707107 0.707107 
-55.500000 -50.000000 55.500000 53.000000 52.000000 53.000000
-49.995300 -49.996193 0.005098 -0.707107 0.707107 0.000028 -49.992630 0.002523 50.004776 -0.707107 -0.000002 -0.707107 0.004816 -49.996872 50.007057 0.000040 -0.707107 0.707107 
-55.500000 -50.000000 55.500000 53.000000 52.000000 53.000000
-49.995300 -49.996193 0.005098 0.707107 -0.707107 -0.000028 -49.992630 0.002523 50.004776 -0.707107 -0.000002 -0.707107 0.004816 -49.996872 50.007057 0.000040 -0.707107 0.707107 
-55.500000 -50.000000 55.500000 53.000000 52.000000 53.000000
-49.995300 -49.996193 0.005098 -0.707107 0.707107 0.000028 -49.992630 0.002523 50.004776 0.707107 0.000002 0.707107 0.004816 -49.996872 50.007057 0.000040 -0.707107 0.707107 
-55.500000 -50.000000 55.500000 53.000000 52.000000 53.000000
-49.995300 -49.996193 0.005098 0.707107 -0.707107 -0.000028 -49.992630 0.002523 50.004776 0.707107 0.000002 0.707107 0.004816 -49.996872 50.007057 0.000040 -0.707107 0.707107 
51.500000 -50.000000 2.000000 53.000000 52.000000 54.000000
49.294518 -50.702961 0.008395 -0.707107 -0.707107 0.000008 
51.500000 -50.000000 55.500000 53.000000 52.000000 53.000000
0.004816 -49.996872 50.007057 0.000040 -0.707107 0.707107 49.294518 -50.702961 0.008395 -0.707107 -0.707107 0.000008 49.295906 0.007905 49.301079 -0.707107 0.000020 -0.707107 
51.500000 -50.000000 55.500000 53.000000 52.000000 53.000000
0.004816 -49.996872 50.007057 -0.000040 0.707107 -0.707107 49.294518 -50.702961 0.008395 -0.707107 -0.707107 0.000008 49.295906 0.007905 49.301079 -0.707107 0.000020 -0.707107 
-2.000000 -50.000000 2.000000 54.000000 52.000000 54.000000

-55.500000 -50.000000 2.000000 53.000000 52.000000 54.000000
-49.995300 -49.996193 0.005098 0.707107 -0.707107 -0.000028 
-55.500000 -50.000000 -51.500000 53.000000 52.000000 53.000000
-49.995300 -49.996193 0.005098 0.707107 -0.707107 -0.000028 -49.290768 0.005007 -49.290688 0.707107 -0.000023 0.707107 0.001493 -50.702278 -49.286465 -0.000016 -0.707107 0.707107 
-2.000000 -50.000000 -51.500000 54.000000 52.000000 53.000000
0.001493 -50.702278 -49.286465 -0.000016 -0.707107 0.707107 
51.500000 -50.000000 -51.500000 53.000000 52.000000 53.000000
0.001493 -50.702278 -49.286465 -0.000016 -0.707107 0.707107 49.294518 -50.702961 0.008395 -0.707107 -0.707107 0.000008 50.001781 0.003912 -49.994637 -0.707107 0.000021 -0.707107 
51.500000 -50.000000 -51.500000 53.000000 52.000000 53.000000
0.001493 -50.702278 -49.286465 -0.000016 -0.707107 0.707107 49.294518 -50.702961 0.008395 -0.707107 -0.707107 0.000008 50.001781 0.003912 -49.994637 0.707107 -0.000021 0.707107 
14
52.000000 57.500000 -52.000000 52.000000 53.000000 52.000000
0.002409 49.297005 -50.705971 0.000012 -0.707107 -0.707107 50.708889 0.003891 -49.287529 0.707107 -0.000021 0.707107 50.003166 50.007652 0.005161 -0.707107 -0.707107 0.000020 
52.000000 -49.500000 55.500000 52.000000 53.000000 53.000000
0.004816 -49.996872 50.007057 -0.000040 0.707107 -0.707107 50.001625 -49.995853 0.008387 0.707107 0.707107 -0.000008 50.003014 0.007885 50.008186 -0.707107 0.000020 -0.707107 
52.000000 -49.500000 55.500000 52.000000 53.000000 53.000000
0.004816 -49.996872 50.007057 -0.000040 0.707107 -0.707107 50.001625 -49.995853 0.008387 0.707107 0.707107 -0.000008 50.003014 0.007885 50.008186 0.707107 -0.000020 0.707107 
52.000000 -49.500000 55.500000 52.000000 53.000000 53.000000
0.004816 -49.996872 50.007057 0.000040 -0.707107 0.707107 50.001625 -49.995853 0.008387 -0.707107 -0.707107 0.000008 50.003014 0.007885 50.008186 0.707107 -0.000020 0.707107 
52.000000 -49.500000 55.500000 52.000000 53.000000 53.000000
0.004816 -49.996872 50.007057 0.000040 -0.707107 0.707107 50.001625 -49.995853 0.008387 0.707107 0.707107 -0.000008 50.003014 0.007885 50.008186 0.707107 -0.000020 0.707107 
52.000000 4.000000 55.500000 52.000000 54.000000 53.000000
50.003014 0.007885 50.008186 0.707107 -0.000020 0.707107 
52.000000 57.500000 56.000000 52.000000 53.000000 52.000000
0.005568 50.007278 50.005905 0.000056 -0.707107 0.707107 50.003166 50.007652 0.005161 -0.707107 -0.707107 0.000020 50.003014 0.007885 50.008186 0.707107 -0.000020 0.707107 
52.000000 57.500000 56.000000 52.000000 53.000000 52.000000
0.005568 50.007278 50.005905 0.000056 -0.707107 0.707107 50.003166 50.007652 0.005161 0.707107 0.707107 -0.000020 50.003014 0.007885 50.008186 0.707107 -0.000020 0.707107 
52.000000 57.500000 56.000000 52.000000 53.000000 52.000000
0.005568 50.007278 50.005905 -0.000056 0.707107 -0.707107 50.003166 50.007652 0.005161 0.707107 0.707107 -0.000020 50.003014 0.007885 50.008186 0.707107 -0.000020 0.707107 
52.000000 3.500000 2.000000 52.000000 53.000000 54.000000

52.000000 -49.500000 2.000000 52.000000 53.000000 54.000000
50.001625 -49.995853 0.008387 0.707107 0.707107 -0.000008 
52.000000 4.000000 -51.500000 52.000000 54.000000 53.000000
50.708889 0.003891 -49.287529 0.707107 -0.000021 0.707107 
52.000000 -49.500000 -51.500000 52.000000 53.000000 53.000000
0.001509 -49.995171 -49.993572 0.000016 0.707107 -0.707107 50.001625 -49.995853 0.008387 0.707107 0.707107 -0.000008 50.708889 0.003891 -49.287529 0.707107 -0.000021 0.707107 
52.000000 -49.500000 -51.500000 52.000000 53.000000 53.000000
0.001509 -49.995171 -49.993572 -0.000016 -0.707107 0.707107 50.001625 -49.995853 0.008387 0.707107 0.707107 -0.000008 50.708889 0.003891 -49.287529 0.707107 -0.000021 0.707107 
9
-56.000000 57.500000 55.500000 52.000000 53.000000 53.000000
-49.995201 50.003746 0.001879 -0.707107 0.707107 0.000034 -50.699738 0.002521 49.297668 -0.707107 -0.000002 -0.707107 0.005568 50.007278 50.005905 0.000056 -0.707107 0.707107 
-56.000000 57.500000 55.500000 52.000000 53.000000 53.000000
-49.995201 50.003746 0.001879 0.707107 -0.707107 -0.000034 -50.699738 0.002521 49.297668 -0.707107 -0.000002 -0.707107 0.005568 50.007278 50.005905 0.000056 -0.707107 0.707107 
-56.000000 57.500000 55.500000 52.000000 53.000000 53.000000
-49.995201 50.003746 0.001879 0.707107 -0.707107 -0.000034 -50.699738 0.002521 49.297668 -0.707107 -0.000002 -0.707107 0.005568 50.007278 50.005905 -0.000056 0.707107 -0.707107 
-56.000000 57.500000 2.500000 52.000000 53.000000 53.000000
-49.995201 50.003746 0.001879 -0.707107 0.707107 0.000034 
-56.000000 57.500000 55.500000 52.000000 53.000000 53.000000
-49.995201 50.003746 0.001879 -0.707107 0.707107 0.000034 -50.699738 0.002521 49.297668 -0.707107 -0.000002 -0.707107 0.005568 50.007278 50.005905 -0.000056 0.707107 -0.707107 
-56.000000 4.000000 2.500000 52.000000 54.000000 53.000000

-56.000000 -49.500000 2.500000 52.000000 53.000000 53.000000
-50.702408 -49.289085 0.005126 -0.707107 0.707107 0.000028 
-56.000000 -49.500000 55.500000 52.000000 53.000000 53.000000
-50.702408 -49.289085 0.005126 -0.707107 0.707107 0.000028 -50.699738 0.002521 49.297668 -0.707107 -0.000002 -0.707107 0.004776 -49.289764 49.299950 -0.000040 0.707107 -0.707107 
-56.000000 4.000000 55.500000 52.000000 54.000000 53.000000
-50.699738 0.002521 49.297668 -0.707107 -0.000002 -0.707107 
17
-2.000000 4.000000 -52.000000 54.000000 54.000000 52.000000

51.500000 4.000000 -52.000000 53.000000 54.000000 52.000000
49.294674 0.003933 -50.701744 -0.707107 0.000021 -0.707107 
-2.000000 57.500000 -52.000000 54.000000 53.000000 52.000000
0.002398 50.004112 -49.998863 0.000012 -0.707107 -0.707107 
51.500000 57.500000 -52.000000 53.000000 53.000000 52.000000
0.002398 50.004112 -49.998863 0.000012 -0.707107 -0.707107 49.294674 0.003933 -50.701744 -0.707107 0.000021 -0.707107 49.296059 49.300545 0.005181 -0.707107 -0.707107 0.000020 
-55.500000 57.500000 -52.000000 53.000000 53.000000 52.000000
-49.997875 0.005030 -49.997795 0.707107 -0.000023 0.707107 -49.995201 50.003746 0.001879 0.707107 -0.707107 -0.000034 0.002398 50.004112 -49.998863 0.000012 -0.707107 -0.707107 
-55.500000 -49.500000 -52.000000 53.000000 53.000000 52.000000
-49.995300 -49.996193 0.005098 0.707107 -0.707107 -0.000028 -49.997875 0.005030 -49.997795 0.707107 -0.000023 0.707107 0.001509 -49.995171 -49.993572 0.000016 0.707107 -0.707107 
-55.500000 -49.500000 -52.000000 53.000000 53.000000 52.000000
-49.995300 -49.996193 0.005098 0.707107 -0.707107 -0.000028 -49.997875 0.005030 -49.997795 -0.707107 0.000023 -0.707107 0.001509 -49.995171 -49.993572 0.000016 0.707107 -0.707107 
-55.500000 -49.500000 -52.000000 53.000000 53.000000 52.000000
-49.995300 -49.996193 0.005098 0.707107 -0.707107 -0.000028 -49.997875 0.005030 -49.997795 -0.707107 0.000023 -0.707107 0.001509 -49.995171 -49.993572 -0.000016 -0.707107 0.707107 
-55.500000 -49.500000 -52.000000 53.000000 53.000000 52.000000
-49.995300 -49.996193 0.005098 -0.707107 0.707107 0.000028 -49.997875 0.005030 -49.997795 -0.707107 0.000023 -0.707107 0.001509 -49.995171 -49.993572 0.000016 0.707107 -0.707107 
-55.500000 -49.500000 -52.000000 53.000000 53.000000 52.000000
-49.995300 -49.996193 0.005098 -0.707107 0.707107 0.000028 -49.997875 0.005030 -49.997795 -0.707107 0.000023 -0.707107 0.001509 -49.995171 -49.993572 -0.000016 -0.707107 0.707107 
-55.500000 4.000000 -52.000000 53.000000 54.000000 52.000000
-49.997875 0.005030 -49.997795 -0.707107 0.000023 -0.707107 
-55.500000 57.500000 -52.000000 53.000000 53.000000 52.000000
-49.997875 0.005030 -49.997795 -0.707107 0.000023 -0.707107 -49.995201 50.003746 0.001879 0.707107 -0.707107 -0.000034 0.002398 50.004112 -49.998863 0.000012 -0.707107 -0.707107 
-55.500000 57.500000 -52.000000 53.000000 53.000000 52.000000
-49.997875 0.005030 -49.997795 -0.707107 0.000023 -0.707107 -49.995201 50.003746 0.001879 -0.707107 0.707107 0.000034 0.002398 50.004112 -49.998863 0.000012 -0.707107 -0.707107 
-55.500000 57.500000 -52.000000 53.000000 53.000000 52.000000
-49.997875 0.005030 -49.997795 -0.707107 0.000023 -0.707107 -49.995201 50.003746 0.001879 -0.707107 0.707107 0.000034 0.002398 50.004112 -49.998863 -0.000012 0.707107 0.707107 
-2.000000 -49.500000 -52.000000 54.000000 53.000000 52.000000
0.001509 -49.995171 -49.993572 0.000016 0.707107 -0.707107 
51.500000 -49.500000 -52.000000 53.000000 53.000000 52.000000
0.001509 -49.995171 -49.993572 0.000016 0.707107 -0.707107 50.001625 -49.995853 0.008387 -0.707107 -0.707107 0.000008 49.294674 0.003933 -50.701744 -0.707107 0.000021 -0.707107 
51.500000 -49.500000 -52.000000 53.000000 53.000000 52.000000
0.001509 -49.995171 -49.993572 0.000016 0.707107 -0.707107 50.001625 -49.995853 0.008387 0.707107 0.707107 -0.000008 49.294674 0.003933 -50.701744 -0.707107 0.000021 -0.707107 
6
-56.000000 -49.500000 56.000000 52.000000 53.000000 52.000000
-50.702408 -49.289085 0.005126 -0.707107 0.707107 0.000028 -49.285522 0.002526 50.711884 0.707107 0.000002 0.707107 0.004776 -49.289764 49.299950 -0.000040 0.707107 -0.707107 
-2.000000 4.000000 2.500000 52.000000 52.000000 53.000000

-2.500000 4.500000 55.500000 53.000000 53.000000 53.000000

-2.500000 57.500000 56.000000 53.000000 53.000000 52.000000
0.005623 49.300171 50.713013 0.000056 -0.707107 0.707107 
-55.500000 4.000000 56.000000 53.000000 54.000000 52.000000
-49.285522 0.002526 50.711884 0.707107 0.000002 0.707107 
-55.500000 57.500000 56.000000 53.000000 53.000000 52.000000
-49.288094 49.296638 0.001845 0.707107 -0.707107 -0.000034 -49.285522 0.002526 50.711884 0.707107 0.000002 0.707107 0.005623 49.300171 50.713013 0.000056 -0.707107 0.707107 
2
-55.500000 -50.000000 56.000000 53.000000 52.000000 52.000000
-49.288193 -50.703300 0.005070 0.707107 -0.707107 -0.000028 -49.285522 0.002526 50.711884 0.707107 0.000002 0.707107 0.004776 -49.289764 49.299950 -0.000040 0.707107 -0.707107 
-2.500000 -50.000000 56.000000 53.000000 52.000000 52.000000
0.004776 -49.289764 49.299950 -0.000040 0.707107 -0.707107 
1
52.000000 4.000000 56.000000 52.000000 52.000000 52.000000
49.295906 0.007905 49.301079 -0.707107 0.000020 -0.707107 
1
52.000000 58.000000 2.000000 52.000000 52.000000 52.000000
49.296059 49.300545 0.005181 -0.707107 -0.707107 0.000020 
1
-56.000000 4.000000 -52.000000 52.000000 52.000000 52.000000
-49.290768 0.005007 -49.290688 0.707107 -0.000023 0.707107 
1
-56.000000 58.000000 2.000000 52.000000 52.000000 52.000000
-49.288094 49.296638 0.001845 0.707107 -0.707107 -0.000034 
1
-56.000000 -50.000000 -52.000000 52.000000 52.000000 52.000000
-50.702408 -49.289085 0.005126 -0.707107 0.707107 0.000028 -49.290768 0.005007 -49.290688 0.707107 -0.000023 0.707107 0.001525 -49.288063 -50.700680 0.000016 0.707107 -0.707107 
1
52.000000 58.000000 -52.000000 52.000000 52.000000 52.000000
0.002386 50.711220 -49.291756 -0.000012 0.707107 0.707107 50.708889 0.003891 -49.287529 0.707107 -0.000021 0.707107 49.296059 49.300545 0.005181 -0.707107 -0.707107 0.000020 
1
-56.000000 -50.000000 -52.000000 52.000000 52.000000 52.000000
-50.702408 -49.289085 0.005126 -0.707107 0.707107 0.000028 -49.290768 0.005007 -49.290688 0.707107 -0.000023 0.707107 0.001493 -50.702278 -49.286465 -0.000016 -0.707107 0.707107 
1
52.000000 58.000000 56.000000 52.000000 52.000000 52.000000
0.005623 49.300171 50.713013 0.000056 -0.707107 0.707107 49.296059 49.300545 0.005181 -0.707107 -0.707107 0.000020 49.295906 0.007905 49.301079 -0.707107 0.000020 -0.707107 
