-0.5983254 -0.2983959 0.7436172 
-0.646845 0.2164992 0.7312453 
-0.148107 0.3278235 0.9330574 
-0.3974986 0.3994502 0.8260958 
0.5964556 0.5010017 0.6270868 
-0.3976211 0.6235096 0.6731517 
0.4483556 -0.2119167 0.8683712 
-0.2752813 0.2028921 0.9397101 
-0.5679008 0.3157774 0.7601141 
-0.449807 0.3862657 0.8052778 
0.3931967 0.1515838 0.906873 
-0.169933 -0.2285605 0.9585838 
0.7037007 -0.4894543 0.5150144 
-0.1968631 -0.5551481 0.8081185 
-0.5198402 0.3526285 0.778087 
-0.4294894 0.3926955 0.8132214 
0.6899576 0.006560145 0.7238201 
0.6607329 -0.2415652 0.7106886 
0.7280058 0.03070405 0.6848832 
0.6179836 0.2486793 0.745825 
-0.5673295 0.4070651 0.7158458 
-0.530239 0.4601499 0.7121156 
-0.489333 0.2840871 0.8245288 
-0.4378533 0.2819313 0.8536974 
-0.329861 0.4024647 0.8539402 
-0.2499783 0.3859739 0.8879949 
0.6525877 0.09061703 0.7522752 
0.261768 0.1571517 0.9522504 
0.7482442 -0.07767347 0.6588607 
0.4622261 -0.6901491 0.5568136 
-0.0006114998 0.01502112 0.9998869 
-0.1716507 -0.3672509 0.9141459 
0.7568452 -0.1105804 0.6441719 
0.4402459 -0.7053003 0.5556393 
0.6313012 0.1071283 0.7681031 
0.2462337 0.1504509 0.957462 
-0.01352507 0.5486655 0.8359326 
-0.050691 -0.08390527 0.9951836 
0.0025934 -0.003739698 0.9999896 
-0.05105986 -0.5329052 0.844633 
-0.1660818 0.3414671 0.9251038 
-0.1193679 0.3008821 0.9461613 
0.3190379 0.1938942 0.9276959 
-0.003452553 -0.004514127 0.9999838 
0.5184851 -0.6188902 0.5900407 
0.007297477 -0.6270436 0.77895 
-0.05628803 -0.2386204 0.9694803 
-0.01245139 0.09810397 0.9950982 
0.8111371 0.1115701 0.5741156 
0.7520269 0.5860524 0.3016592 
0.5755715 -0.03039162 0.8171865 
0.2459877 -0.03993047 0.9684501 
-0.02098882 -0.05627009 0.9981949 
0.0136205 0.08090844 0.9966285 
-0.007427942 0.07773037 0.9969468 
0.06137076 -0.1299333 0.9896217 
0.1482236 -0.2464888 0.9577437 
-0.6158007 0.6854516 0.3885173 
-0.6727929 0.3954218 0.6252931 
-0.01571048 -0.3717064 0.9282174 
0.02051846 -0.189822 0.9816041 
-0.007185061 0.06868395 0.9976126 
0.05154176 0.3974955 0.9161555 
0.1418125 0.4529404 0.8801899 
-0.2357211 0.06890719 0.9693747 
-0.4890699 0.191608 0.8509389 
-0.01616209 -0.1382812 0.9902611 
-0.06996099 -0.261615 0.9626334 
0.2344447 0.2147694 0.9481086 
-0.03905275 -0.0990656 0.9943143 
0.3376042 -0.6327744 0.6968644 
-0.03635824 -0.3848836 0.9222487 
0.05460314 -0.09891275 0.9935969 
0.1876891 -0.1103815 0.9760066 
-0.1782275 0.04885527 0.9827757 
0.3697441 -0.04739745 0.9279239 
0.04461085 0.4559933 0.8888644 
0.2944538 0.7759 0.5579213 
-0.545214 0.7651953 0.3423709 
0.8494068 0.3527748 0.392502 
-0.1040384 0.2840055 0.9531615 
-0.03911838 0.1793429 0.9830086 
0.8210495 0.3780939 0.4276946 
0.0832781 0.9612335 0.262859 
0.3934306 -0.06362484 0.9171501 
0.03385473 -0.00826534 0.9993926 
-0.7277931 0.1095564 0.6769894 
0.4744673 0.2278011 0.8502867 
0.1336202 -0.2784897 0.9510989 
0.09609117 -0.3010979 0.9487394 
-0.655608 0.08720821 0.7500486 
0.6585224 -0.4168395 0.6265724 
0.1209064 0.3726126 0.9200768 
0.0808132 0.2551674 0.9635138 
-0.01999171 0.1270864 0.9916901 
-0.04602951 0.1942762 0.9798663 
0.6732519 0.0008819151 0.7394127 
0.5693064 -0.03032679 0.8215658 
0.7431046 0.03876478 0.6680516 
0.8155082 0.1148358 0.5672382 
0.01201254 -0.04439647 0.9989418 
0.1728919 -0.1544439 0.9727566 
0.004436673 0.2353719 0.9718953 
0.2100071 0.6780622 0.7043641 
-0.007455706 -0.09582742 0.99537 
-0.001712373 0.0306682 0.9995281 
-0.02962398 -0.1795698 0.9832991 
-0.05292392 -0.2340882 0.9707738 
-0.04521807 -0.2181365 0.9748701 
-0.172143 0.3452614 0.9225841 
0.848787 0.3061722 0.4310675 
-0.1614656 0.9472516 0.2768455 
0.4115607 -0.05166937 0.9099166 
-0.03384641 0.008747743 0.9993888 
0.1196814 0.0428107 0.9918889 
0.2253559 0.03283528 0.973723 
-0.2311983 0.3798214 0.8957025 
-0.02263284 0.134703 0.9906275 
-0.07707945 -0.07630444 0.9941008 
-0.03007557 -0.01952229 0.999357 
-0.3922957 0.1524944 0.9071105 
-0.1451325 0.04279216 0.9884864 
0.3475421 -0.8766131 0.332812 
0.862072 -0.444245 0.2438816 
-0.230937 0.3779941 0.8965425 
-0.02268302 0.1364335 0.9903895 
-0.1008777 -0.7161236 0.690645 
-0.04659406 -0.8502316 0.5243427 
-0.6579995 0.5121595 0.5520229 
-0.4549599 0.8221343 0.3422085 
-0.1005993 0.280461 0.9545792 
-0.045465 0.1938077 0.9799855 
-0.5611984 0.3211503 0.762836 
-0.561502 0.3218029 0.7623373 
0.684805 0.0830833 0.7239746 
0.6786454 0.09591661 0.7281761 
0.7236135 -0.0547049 0.6880341 
0.7248774 -0.07089329 0.6852204 
-0.4681063 0.1978526 0.861238 
0.6736482 -0.00350565 0.7390438 
-0.626007 0.251457 0.7381631 
-0.4966382 0.3659219 0.7870526 
-0.4122321 -0.4158855 0.8106195 
-0.04357676 0.1846763 0.9818328 
-0.6521751 0.4234841 0.6287519 
0.7424421 0.04420307 0.6684503 
-0.6246482 0.2502508 0.7397224 
-0.4967733 0.3661729 0.7868505 
-0.4105494 -0.4109322 0.8139926 
-0.04394216 0.1948961 0.9798391 
-0.2993861 0.3991766 0.8666176 
-0.3107923 0.4004096 0.8620211 
-0.5613648 0.3226434 0.7620832 
-0.5595018 0.3234064 0.7631291 
0.6875759 0.07242288 0.7224917 
0.6793288 0.08909556 0.7284054 
0.7239733 -0.0424397 0.6885212 
0.7266207 -0.0634805 0.6840998 
-0.5408611 0.3370501 0.7706273 
-0.5765343 0.3086806 0.7565213 
-0.5418329 0.3385167 0.7693006 
-0.575848 0.3078293 0.7573904 
-0.3484668 0.3996598 0.8478461 
-0.1044126 0.2821465 0.9536725 
0.5814503 0.2109579 0.7857558 
0.6203993 0.1756194 0.7643707 
-0.04874414 -0.1441571 0.9883536 
-0.05062876 -0.3220667 0.9453622 
-0.3504094 0.4068839 0.8435987 
-0.1047371 0.2875381 0.9520252 
0.7010682 -0.2655097 0.6618217 
0.7194549 -0.1941039 0.6668645 
-0.04723223 -0.3358419 0.9407334 
-0.05177101 -0.1599612 0.9857647 
-0.2148695 0.370585 0.9036028 
-0.00822783 0.07663055 0.9970256 
0.7110542 0.04201909 0.7018806 
0.7120786 0.06306115 0.699262 
0.7065292 -0.005787077 0.7076603 
0.702472 -0.02586687 0.7112412 
-0.5964814 0.2888825 0.7488371 
-0.6550645 0.2028496 0.7278342 
-0.5949792 0.2872303 0.7506654 
-0.6541178 0.2021969 0.7288665 
