29
58
-176.155792 16.440796 -123.514313 89.000000 89.000000 89.000000

-265.155792 16.440796 -123.514313 89.000000 89.000000 89.000000

-355.155792 16.440796 -213.014313 89.000000 89.000000 88.000000
-340.342346 -18.080338 -222.004211 -0.000000 -0.000000 1.000000 -396.865051 -34.320511 -222.004913 -0.000000 -0.000000 1.000000 
-265.655792 16.440796 -212.514313 90.000000 89.000000 89.000000
-261.718872 -6.713528 -221.974075 -0.000000 -0.000000 1.000000 -340.342346 -18.080338 -222.004211 -0.000000 -0.000000 1.000000 
-176.155792 16.440796 -212.514313 89.000000 89.000000 89.000000
-163.828568 -1.299576 -221.920120 -0.000000 -0.000000 1.000000 
94.344208 16.440796 -122.514313 88.000000 89.000000 89.000000
117.027542 -1.030126 -132.998871 -0.000000 -1.000000 -0.000000 
94.344208 16.440796 -33.514313 88.000000 89.000000 89.000000
110.443207 49.662376 -44.949692 -0.000000 -0.000000 -1.000000 116.978027 18.231379 -44.546745 -0.000000 -0.000000 -1.000000 117.027542 -1.030126 -132.998871 -0.000000 -1.000000 -0.000000 115.943771 -1.078255 53.282104 -0.000000 -1.000000 -0.000000 
-85.655792 16.440796 -33.014313 88.000000 89.000000 88.000000
-103.816078 49.406128 -43.155937 -0.000000 -0.000000 1.000000 -109.966721 17.959455 -44.766479 0.000000 0.000000 -1.000000 -109.705925 -1.301257 -133.220200 -0.000000 -1.000000 -0.000000 -108.983170 -1.349500 53.061832 0.000000 -1.000000 0.000000 
94.344208 -73.559204 56.485687 88.000000 89.000000 89.000000

94.344208 -73.059204 -33.014313 88.000000 90.000000 90.000000

94.344208 -73.059204 -123.014313 88.000000 90.000000 90.000000

-85.655792 -73.559204 146.485687 88.000000 89.000000 89.000000
-118.532318 -107.169159 152.908539 -0.000000 -0.000000 -1.000000 -85.072021 -122.350479 153.128601 -0.000000 -0.000000 -1.000000 -138.008331 -82.421761 152.385101 -0.000000 -0.000000 -1.000000 -134.462494 -33.134808 150.584381 -0.000000 -0.000000 -1.000000 
-85.655792 -73.559204 56.985687 88.000000 89.000000 90.000000

-85.655792 -73.059204 -33.014313 88.000000 90.000000 90.000000

-86.155792 -73.559204 -123.014313 89.000000 89.000000 90.000000

-175.655792 -73.059204 -123.514313 90.000000 90.000000 89.000000

-265.655792 -73.059204 -123.514313 90.000000 90.000000 89.000000

-355.655792 -73.559204 -123.514313 90.000000 89.000000 89.000000
-350.130371 -66.616608 -81.864090 0.000000 -1.000000 0.000000 -388.800293 -66.485672 -92.604813 0.000000 -1.000000 0.000000 
-445.155792 -73.559204 -123.514313 89.000000 89.000000 89.000000
-416.324341 -66.345284 -115.861229 0.000000 -1.000000 0.000000 -432.459412 -66.230629 -178.462250 0.000000 -1.000000 0.000000 
-445.155792 -73.559204 -212.514313 89.000000 89.000000 89.000000
-432.459412 -66.230629 -178.462250 0.000000 -1.000000 0.000000 -396.865051 -34.320511 -222.004913 -0.000000 -0.000000 1.000000 -428.447388 -54.353546 -221.974457 -0.000000 -0.000000 1.000000 -218.307236 -64.671967 -222.068802 -0.000000 -0.000000 1.000000 
-355.655792 -73.059204 -212.514313 90.000000 90.000000 89.000000
-340.342346 -18.080338 -222.004211 -0.000000 -0.000000 1.000000 -396.865051 -34.320511 -222.004913 -0.000000 -0.000000 1.000000 -218.307236 -64.671967 -222.068802 -0.000000 -0.000000 1.000000 
-265.655792 -73.059204 -212.514313 90.000000 90.000000 89.000000
-218.307236 -64.671967 -222.068802 -0.000000 -0.000000 1.000000 
-175.655792 -73.059204 -212.514313 90.000000 90.000000 89.000000
-218.307236 -64.671967 -222.068802 -0.000000 -0.000000 1.000000 
-85.655792 -73.559204 -212.514313 90.000000 89.000000 89.000000
-218.307236 -64.671967 -222.068802 -0.000000 -0.000000 1.000000 
273.844208 -73.559204 -213.014313 89.000000 89.000000 88.000000
223.166656 -64.143097 -221.643936 0.000000 0.000000 1.000000 
184.344208 -73.559204 -213.014313 90.000000 89.000000 88.000000
223.166656 -64.143097 -221.643936 0.000000 0.000000 1.000000 
94.344208 -73.559204 -212.514313 90.000000 89.000000 89.000000
223.166656 -64.143097 -221.643936 0.000000 0.000000 1.000000 
4.344208 -73.559204 -213.014313 90.000000 89.000000 88.000000
1.185600 -80.708000 -199.205780 1.000000 0.000000 0.000000 1.552653 -107.567596 -140.906815 1.000000 0.000000 0.000000 -218.307236 -64.671967 -222.068802 -0.000000 -0.000000 1.000000 223.166656 -64.143097 -221.643936 0.000000 0.000000 1.000000 
3.844208 -163.059204 146.485687 89.000000 88.000000 89.000000
35.454060 -133.026611 153.171783 0.000000 0.000000 -1.000000 -30.736469 -133.101593 153.108612 -0.000000 -0.000000 -1.000000 3.349249 -135.812592 114.100479 1.000000 0.000000 0.000000 1.469434 -137.658356 260.041748 0.000000 1.000000 0.000000 
4.344208 -73.559204 -213.014313 90.000000 89.000000 88.000000
1.185600 -80.708000 -199.205780 -1.000000 -0.000000 -0.000000 1.552653 -107.567596 -140.906815 -1.000000 -0.000000 -0.000000 -218.307236 -64.671967 -222.068802 -0.000000 -0.000000 1.000000 223.166656 -64.143097 -221.643936 0.000000 0.000000 1.000000 
4.344208 -73.559204 -213.014313 90.000000 89.000000 88.000000
1.185600 -80.708000 -199.205780 -1.000000 -0.000000 -0.000000 1.552653 -107.567596 -140.906815 -1.000000 -0.000000 -0.000000 -218.307236 -64.671967 -222.068802 -0.000000 -0.000000 1.000000 223.166656 -64.143097 -221.643936 -0.000000 -0.000000 -1.000000 
-85.155792 -162.559204 146.485687 89.000000 89.000000 89.000000
-85.072021 -122.350479 153.128601 -0.000000 -0.000000 -1.000000 -30.736469 -133.101593 153.108612 -0.000000 -0.000000 -1.000000 
-85.155792 -162.559204 56.985687 89.000000 89.000000 90.000000

-85.155792 -162.559204 -33.014313 89.000000 89.000000 90.000000

3.844208 -163.059204 146.485687 89.000000 88.000000 89.000000
35.454060 -133.026611 153.171783 0.000000 0.000000 -1.000000 -30.736469 -133.101593 153.108612 -0.000000 -0.000000 -1.000000 3.349249 -135.812592 114.100479 1.000000 0.000000 0.000000 1.469434 -137.658356 260.041748 -0.000000 -1.000000 -0.000000 
93.844208 -162.559204 56.485687 89.000000 89.000000 89.000000

4.344208 -163.059204 56.985687 90.000000 88.000000 90.000000
3.287292 -131.914978 28.885750 1.000000 0.000000 0.000000 3.349249 -135.812592 114.100479 1.000000 0.000000 0.000000 
93.844208 -162.559204 -33.014313 89.000000 89.000000 90.000000

4.344208 -163.059204 -33.014313 90.000000 88.000000 90.000000
2.972460 -123.567337 -60.495907 1.000000 0.000000 0.000000 3.287292 -131.914978 28.885750 1.000000 0.000000 0.000000 
93.844208 -162.559204 -123.014313 89.000000 89.000000 90.000000

4.344208 -163.059204 -123.014313 90.000000 88.000000 90.000000
1.552653 -107.567596 -140.906815 1.000000 0.000000 0.000000 2.972460 -123.567337 -60.495907 1.000000 0.000000 0.000000 
4.344208 -73.559204 -213.014313 90.000000 89.000000 88.000000
1.185600 -80.708000 -199.205780 1.000000 0.000000 0.000000 1.552653 -107.567596 -140.906815 -1.000000 -0.000000 -0.000000 -218.307236 -64.671967 -222.068802 -0.000000 -0.000000 1.000000 223.166656 -64.143097 -221.643936 0.000000 0.000000 1.000000 
4.344208 -73.559204 -213.014313 90.000000 89.000000 88.000000
1.185600 -80.708000 -199.205780 1.000000 0.000000 0.000000 1.552653 -107.567596 -140.906815 -1.000000 -0.000000 -0.000000 -218.307236 -64.671967 -222.068802 -0.000000 -0.000000 1.000000 223.166656 -64.143097 -221.643936 -0.000000 -0.000000 -1.000000 
4.344208 -73.559204 -213.014313 90.000000 89.000000 88.000000
1.185600 -80.708000 -199.205780 1.000000 0.000000 0.000000 1.552653 -107.567596 -140.906815 -1.000000 -0.000000 -0.000000 -218.307236 -64.671967 -222.068802 0.000000 0.000000 -1.000000 223.166656 -64.143097 -221.643936 -0.000000 -0.000000 -1.000000 
273.844208 -162.559204 -213.014313 89.000000 89.000000 88.000000

184.344208 -162.559204 -213.014313 90.000000 89.000000 88.000000

94.344208 -162.559204 -212.514313 90.000000 89.000000 89.000000

4.344208 -162.559204 -212.514313 90.000000 89.000000 89.000000

-85.655792 -162.559204 -123.014313 90.000000 89.000000 90.000000

-85.655792 -162.559204 -212.514313 90.000000 89.000000 89.000000

-175.655792 -162.559204 -123.514313 90.000000 89.000000 89.000000

-175.655792 -162.559204 -212.514313 90.000000 89.000000 89.000000

-265.655792 -162.559204 -123.514313 90.000000 89.000000 89.000000

-265.655792 -162.559204 -212.514313 90.000000 89.000000 89.000000

-355.655792 -162.559204 -123.514313 90.000000 89.000000 89.000000

-355.655792 -162.559204 -212.514313 90.000000 89.000000 89.000000

-445.155792 -162.559204 -212.514313 89.000000 89.000000 89.000000

-445.155792 -162.559204 -123.514313 89.000000 89.000000 89.000000

52
94.844208 16.940796 -32.514313 89.000000 88.000000 89.000000
110.443207 49.662376 -42.949692 0.000000 0.000000 1.000000 116.978027 18.231379 -42.546745 0.000000 0.000000 1.000000 117.027542 0.969874 -132.998871 0.000000 1.000000 0.000000 115.943771 -0.078255 53.282104 0.000000 1.000000 0.000000 
94.844208 16.940796 56.985687 89.000000 88.000000 90.000000
115.943771 -0.078255 53.282104 0.000000 1.000000 0.000000 
94.844208 16.940796 146.485687 89.000000 88.000000 89.000000
86.071434 65.156525 148.125702 0.000000 0.000000 -1.000000 103.428955 40.283222 148.870316 0.000000 0.000000 -1.000000 112.886154 13.422027 149.568207 0.000000 0.000000 -1.000000 115.576157 0.006542 172.679291 0.000000 1.000000 0.000000 123.788361 -12.813272 149.527100 0.000000 0.000000 -1.000000 141.315170 -32.798920 151.849976 0.000000 0.000000 -1.000000 115.943771 -0.078255 53.282104 0.000000 1.000000 0.000000 
94.844208 16.940796 146.485687 89.000000 88.000000 89.000000
86.071434 65.156525 148.125702 0.000000 0.000000 -1.000000 103.428955 40.283222 148.870316 0.000000 0.000000 -1.000000 112.886154 13.422027 149.568207 0.000000 0.000000 -1.000000 115.576157 0.006542 172.679291 -0.000000 -1.000000 -0.000000 123.788361 -12.813272 149.527100 0.000000 0.000000 -1.000000 141.315170 -32.798920 151.849976 0.000000 0.000000 -1.000000 115.943771 -0.078255 53.282104 0.000000 1.000000 0.000000 
94.844208 16.940796 146.485687 89.000000 88.000000 89.000000
86.071434 65.156525 148.125702 -0.000000 -0.000000 1.000000 103.428955 40.283222 148.870316 -0.000000 -0.000000 1.000000 112.886154 13.422027 149.568207 -0.000000 -0.000000 1.000000 115.576157 0.006542 172.679291 -0.000000 -1.000000 -0.000000 123.788361 -12.813272 149.527100 0.000000 0.000000 -1.000000 141.315170 -32.798920 151.849976 0.000000 0.000000 -1.000000 115.943771 -0.078255 53.282104 -0.000000 -1.000000 -0.000000 
94.844208 16.940796 146.485687 89.000000 88.000000 89.000000
86.071434 65.156525 148.125702 -0.000000 -0.000000 1.000000 103.428955 40.283222 148.870316 -0.000000 -0.000000 1.000000 112.886154 13.422027 149.568207 -0.000000 -0.000000 1.000000 115.576157 0.006542 172.679291 -0.000000 -1.000000 -0.000000 123.788361 -12.813272 149.527100 0.000000 0.000000 -1.000000 141.315170 -32.798920 151.849976 0.000000 0.000000 -1.000000 115.943771 -0.078255 53.282104 0.000000 1.000000 0.000000 
184.844208 16.940796 -122.514313 89.000000 88.000000 89.000000

184.344208 16.940796 -33.014313 90.000000 88.000000 90.000000

184.344208 16.940796 56.985687 90.000000 88.000000 90.000000

184.344208 16.440796 146.485687 90.000000 89.000000 89.000000
141.315170 -32.798920 151.849976 0.000000 0.000000 -1.000000 
274.844208 -73.059204 -32.514313 89.000000 90.000000 89.000000
257.679962 -64.150658 29.174408 0.000000 1.000000 0.000000 270.664795 -64.073441 -16.522587 0.000000 1.000000 0.000000 307.879822 -63.960266 -56.226326 0.000000 1.000000 0.000000 
274.844208 -73.059204 56.985687 89.000000 90.000000 90.000000
249.523392 -64.251114 79.317299 0.000000 1.000000 0.000000 257.679962 -64.150658 29.174408 0.000000 1.000000 0.000000 
364.844208 16.940796 -212.514313 89.000000 88.000000 89.000000
347.876373 -17.259935 -221.338440 0.000000 0.000000 1.000000 404.437988 -33.362663 -221.232178 0.000000 0.000000 1.000000 
453.844208 16.940796 -212.514313 89.000000 88.000000 89.000000
404.437988 -33.362663 -221.232178 0.000000 0.000000 1.000000 
274.344208 16.940796 -122.514313 90.000000 88.000000 89.000000

364.344208 16.940796 -123.014313 90.000000 88.000000 90.000000

453.844208 16.940796 -123.014313 89.000000 88.000000 90.000000

184.844208 -73.059204 146.985687 89.000000 90.000000 88.000000
151.523895 -52.853539 153.918045 -0.000000 -0.000000 1.000000 184.085449 -64.583450 147.046555 0.000000 1.000000 0.000000 230.293365 -64.389160 122.429703 0.000000 1.000000 0.000000 148.035126 -63.654938 171.308929 -0.000000 1.000000 -0.000000 144.531738 -82.079483 154.650558 -0.000000 -0.000000 1.000000 141.315170 -32.798920 151.849976 -0.000000 -0.000000 1.000000 
274.344208 16.440796 -33.014313 90.000000 89.000000 90.000000

274.344208 16.440796 56.985687 90.000000 89.000000 90.000000

274.344208 16.440796 146.485687 90.000000 89.000000 89.000000

274.344208 -73.059204 146.485687 90.000000 90.000000 89.000000
230.293365 -64.389160 122.429703 0.000000 1.000000 0.000000 
364.344208 16.440796 -33.014313 90.000000 89.000000 90.000000

364.344208 -73.059204 -32.514313 90.000000 90.000000 89.000000
307.879822 -63.960266 -56.226326 0.000000 1.000000 0.000000 357.508667 -63.773621 -81.185669 0.000000 1.000000 0.000000 
184.844208 -163.059204 -122.514313 89.000000 88.000000 89.000000

184.844208 -163.059204 -33.014313 89.000000 88.000000 90.000000

184.844208 -163.059204 56.985687 89.000000 88.000000 90.000000

184.844208 -162.559204 146.485687 89.000000 89.000000 89.000000

453.844208 16.440796 -33.014313 89.000000 89.000000 90.000000

364.344208 16.440796 56.985687 90.000000 89.000000 90.000000

453.844208 16.440796 56.985687 89.000000 89.000000 90.000000

364.344208 16.440796 146.485687 90.000000 89.000000 89.000000

453.844208 16.440796 146.485687 89.000000 89.000000 89.000000

274.344208 -163.059204 -122.514313 90.000000 88.000000 89.000000

274.344208 -162.559204 -33.014313 90.000000 89.000000 90.000000

274.344208 -162.559204 56.985687 90.000000 89.000000 90.000000

274.344208 -162.559204 146.485687 90.000000 89.000000 89.000000

453.844208 -73.059204 -32.514313 89.000000 90.000000 89.000000

364.344208 -73.059204 56.985687 90.000000 90.000000 90.000000

453.844208 -73.059204 56.985687 89.000000 90.000000 90.000000

364.344208 -73.059204 146.485687 90.000000 90.000000 89.000000

453.844208 -73.059204 146.485687 89.000000 90.000000 89.000000

364.344208 -162.559204 56.985687 90.000000 89.000000 90.000000

364.344208 -162.559204 146.485687 90.000000 89.000000 89.000000

453.844208 -162.559204 56.985687 89.000000 89.000000 90.000000

453.844208 -162.559204 146.485687 89.000000 89.000000 89.000000

364.344208 -162.559204 -33.014313 90.000000 89.000000 90.000000

364.344208 -163.059204 -123.014313 90.000000 88.000000 90.000000

364.844208 -163.059204 -212.514313 89.000000 88.000000 89.000000

453.844208 -162.559204 -33.014313 89.000000 89.000000 90.000000

453.844208 -163.059204 -212.514313 89.000000 88.000000 89.000000

453.844208 -163.059204 -123.014313 89.000000 88.000000 90.000000

51
-445.155792 -73.059204 -122.514313 89.000000 88.000000 89.000000
-416.324341 -64.345284 -115.861229 -0.000000 1.000000 -0.000000 -432.459412 -64.230629 -178.462250 -0.000000 1.000000 -0.000000 
-356.155792 -73.059204 -122.514313 89.000000 88.000000 89.000000
-350.130371 -64.616608 -81.864090 -0.000000 1.000000 -0.000000 -388.800293 -64.485672 -92.604813 -0.000000 1.000000 -0.000000 
3.844208 106.940796 57.485687 89.000000 88.000000 89.000000
1.897115 116.020599 53.805416 -1.000000 -0.000000 -0.000000 
3.844208 106.940796 146.485687 89.000000 88.000000 89.000000
2.804753 98.881058 137.412720 -1.000000 -0.000000 -0.000000 24.223698 92.523300 148.815582 0.000000 0.000000 -1.000000 59.950645 84.291031 146.423218 0.000000 0.000000 -1.000000 -16.591797 92.477142 148.778503 -0.000000 -0.000000 -1.000000 -52.515144 84.156075 146.316620 -0.000000 -0.000000 -1.000000 2.428704 118.145279 112.878723 -1.000000 -0.000000 -0.000000 2.884108 82.085114 188.558075 -1.000000 -0.000000 -0.000000 
-85.655792 106.440796 57.485687 90.000000 89.000000 89.000000

-86.155792 17.440796 57.485687 89.000000 89.000000 89.000000
-108.983170 -0.349500 53.061832 -0.000000 1.000000 -0.000000 
-85.655792 106.440796 146.485687 90.000000 89.000000 89.000000
-52.515144 84.156075 146.316620 -0.000000 -0.000000 -1.000000 -78.892303 64.956024 147.965607 -0.000000 -0.000000 -1.000000 
-86.155792 17.440796 146.485687 89.000000 89.000000 89.000000
-78.892303 64.956024 147.965607 -0.000000 -0.000000 -1.000000 -96.491386 40.042496 148.675598 -0.000000 -0.000000 -1.000000 -106.080826 13.157005 149.355988 -0.000000 -0.000000 -1.000000 -108.846245 -0.260434 172.463867 -0.000000 1.000000 -0.000000 -116.982239 -13.106524 149.296173 -0.000000 -0.000000 -1.000000 -134.462494 -33.134808 151.584381 -0.000000 -0.000000 -1.000000 -108.983170 -0.349500 53.061832 -0.000000 1.000000 -0.000000 
-86.155792 17.440796 146.485687 89.000000 89.000000 89.000000
-78.892303 64.956024 147.965607 0.000000 0.000000 1.000000 -96.491386 40.042496 148.675598 0.000000 0.000000 1.000000 -106.080826 13.157005 149.355988 0.000000 0.000000 1.000000 -108.846245 -0.260434 172.463867 -0.000000 1.000000 -0.000000 -116.982239 -13.106524 149.296173 -0.000000 -0.000000 -1.000000 -134.462494 -33.134808 151.584381 -0.000000 -0.000000 -1.000000 -108.983170 -0.349500 53.061832 -0.000000 1.000000 -0.000000 
-86.155792 17.440796 146.485687 89.000000 89.000000 89.000000
-78.892303 64.956024 147.965607 0.000000 0.000000 1.000000 -96.491386 40.042496 148.675598 -0.000000 -0.000000 -1.000000 -106.080826 13.157005 149.355988 -0.000000 -0.000000 -1.000000 -108.846245 -0.260434 172.463867 -0.000000 1.000000 -0.000000 -116.982239 -13.106524 149.296173 -0.000000 -0.000000 -1.000000 -134.462494 -33.134808 151.584381 -0.000000 -0.000000 -1.000000 -108.983170 -0.349500 53.061832 -0.000000 1.000000 -0.000000 
-86.155792 17.440796 146.485687 89.000000 89.000000 89.000000
-78.892303 64.956024 147.965607 0.000000 0.000000 1.000000 -96.491386 40.042496 148.675598 0.000000 0.000000 1.000000 -106.080826 13.157005 149.355988 0.000000 0.000000 1.000000 -108.846245 -0.260434 172.463867 0.000000 -1.000000 0.000000 -116.982239 -13.106524 149.296173 -0.000000 -0.000000 -1.000000 -134.462494 -33.134808 151.584381 -0.000000 -0.000000 -1.000000 -108.983170 -0.349500 53.061832 0.000000 -1.000000 0.000000 
-86.155792 17.440796 146.485687 89.000000 89.000000 89.000000
-78.892303 64.956024 147.965607 0.000000 0.000000 1.000000 -96.491386 40.042496 148.675598 -0.000000 -0.000000 -1.000000 -106.080826 13.157005 149.355988 -0.000000 -0.000000 -1.000000 -108.846245 -0.260434 172.463867 0.000000 -1.000000 0.000000 -116.982239 -13.106524 149.296173 -0.000000 -0.000000 -1.000000 -134.462494 -33.134808 151.584381 -0.000000 -0.000000 -1.000000 -108.983170 -0.349500 53.061832 0.000000 -1.000000 0.000000 
-175.655792 17.440796 57.485687 90.000000 89.000000 89.000000

-175.655792 16.940796 146.485687 90.000000 90.000000 89.000000
-134.462494 -33.134808 151.584381 -0.000000 -0.000000 -1.000000 
-266.155792 -73.559204 -32.514313 89.000000 89.000000 89.000000
-250.514648 -64.757149 28.686424 -0.000000 1.000000 -0.000000 -263.413055 -64.712311 -17.031218 -0.000000 1.000000 -0.000000 -300.552673 -64.689468 -56.810646 -0.000000 1.000000 -0.000000 
-266.155792 -73.059204 56.985687 89.000000 90.000000 90.000000
-242.453384 -64.841599 78.842018 -0.000000 1.000000 -0.000000 -250.514648 -64.757149 28.686424 -0.000000 1.000000 -0.000000 
-175.655792 106.440796 57.485687 90.000000 89.000000 89.000000

-175.655792 106.440796 146.485687 90.000000 89.000000 89.000000

-176.155792 -73.059204 146.985687 89.000000 90.000000 88.000000
-144.628876 -53.210835 153.635620 0.000000 0.000000 1.000000 -177.148193 -65.016220 146.704208 -0.000000 1.000000 -0.000000 -223.305359 -64.934219 121.995758 -0.000000 1.000000 -0.000000 -141.144302 -63.999779 171.033203 0.000000 1.000000 0.000000 -138.008331 -82.421761 154.385101 0.000000 0.000000 1.000000 -134.462494 -33.134808 151.584381 0.000000 0.000000 1.000000 
-265.655792 106.440796 57.485687 90.000000 89.000000 89.000000

-265.655792 106.440796 146.485687 90.000000 89.000000 89.000000

-265.655792 16.940796 57.485687 90.000000 90.000000 89.000000

-265.655792 16.940796 146.485687 90.000000 90.000000 89.000000

-265.655792 -73.059204 146.485687 90.000000 90.000000 89.000000
-223.305359 -64.934219 121.995758 -0.000000 1.000000 -0.000000 
-355.655792 -73.559204 -33.014313 90.000000 89.000000 90.000000
-300.552673 -64.689468 -56.810646 -0.000000 1.000000 -0.000000 -350.130371 -64.616608 -81.864090 -0.000000 1.000000 -0.000000 
-86.155792 -163.059204 146.985687 89.000000 88.000000 88.000000
-85.072021 -122.350479 155.128601 0.000000 0.000000 1.000000 -30.736469 -133.101593 155.108612 0.000000 0.000000 1.000000 
-176.155792 -163.059204 -32.514313 89.000000 88.000000 89.000000

-176.155792 -163.059204 56.985687 89.000000 88.000000 90.000000

-175.655792 -162.559204 146.485687 90.000000 89.000000 89.000000

-265.655792 -162.559204 -32.514313 90.000000 89.000000 89.000000

-265.655792 -162.559204 56.985687 90.000000 89.000000 90.000000

-265.655792 -162.559204 146.485687 90.000000 89.000000 89.000000

-355.655792 106.440796 57.485687 90.000000 89.000000 89.000000

-355.655792 106.440796 146.485687 90.000000 89.000000 89.000000

-355.655792 16.940796 57.485687 90.000000 90.000000 89.000000

-355.655792 16.940796 146.485687 90.000000 90.000000 89.000000

-355.655792 -73.059204 56.985687 90.000000 90.000000 90.000000

-355.655792 -73.059204 146.485687 90.000000 90.000000 89.000000

-355.655792 -162.559204 -32.514313 90.000000 89.000000 89.000000

-355.655792 -162.559204 56.985687 90.000000 89.000000 90.000000

-355.655792 -162.559204 146.485687 90.000000 89.000000 89.000000

-445.155792 106.440796 57.485687 89.000000 89.000000 89.000000

-445.155792 106.440796 146.485687 89.000000 89.000000 89.000000

-445.155792 -73.559204 -33.014313 89.000000 89.000000 90.000000

-445.155792 -162.559204 -32.514313 89.000000 89.000000 89.000000

-445.155792 16.940796 57.485687 89.000000 90.000000 89.000000

-445.155792 -73.059204 56.985687 89.000000 90.000000 90.000000

-445.155792 -162.559204 56.985687 89.000000 89.000000 90.000000

-445.155792 16.940796 146.485687 89.000000 90.000000 89.000000

-445.155792 -162.559204 146.485687 89.000000 89.000000 89.000000

-445.155792 -73.059204 146.485687 89.000000 90.000000 89.000000

67
184.344208 16.440796 -213.014313 90.000000 89.000000 88.000000
171.324905 -0.899729 -223.597931 -0.000000 -0.000000 -1.000000 
274.344208 16.440796 -213.014313 90.000000 89.000000 88.000000
269.227417 -6.081169 -223.462158 -0.000000 -0.000000 -1.000000 347.876373 -17.259935 -223.338440 -0.000000 -0.000000 -1.000000 
364.344208 16.440796 -213.014313 90.000000 89.000000 88.000000
347.876373 -17.259935 -223.338440 -0.000000 -0.000000 -1.000000 404.437988 -33.362663 -222.232178 -0.000000 -0.000000 -1.000000 
453.844208 16.440796 -213.014313 89.000000 89.000000 88.000000
404.437988 -33.362663 -222.232178 -0.000000 -0.000000 -1.000000 
364.344208 -72.559204 -213.014313 90.000000 89.000000 88.000000
404.437988 -33.362663 -222.232178 -0.000000 -0.000000 -1.000000 223.166656 -64.143097 -222.643936 -0.000000 -0.000000 -1.000000 
453.844208 -72.559204 -213.014313 89.000000 89.000000 88.000000
440.021454 -64.185150 -177.622498 0.000000 1.000000 0.000000 404.437988 -33.362663 -222.232178 -0.000000 -0.000000 -1.000000 436.070221 -53.318840 -222.143799 -0.000000 -0.000000 -1.000000 223.166656 -64.143097 -222.643936 -0.000000 -0.000000 -1.000000 
453.844208 -72.559204 -213.014313 89.000000 89.000000 88.000000
440.021454 -64.185150 -177.622498 -0.000000 -1.000000 -0.000000 404.437988 -33.362663 -222.232178 -0.000000 -0.000000 -1.000000 436.070221 -53.318840 -222.143799 -0.000000 -0.000000 -1.000000 223.166656 -64.143097 -222.643936 -0.000000 -0.000000 -1.000000 
453.844208 -72.559204 -213.014313 89.000000 89.000000 88.000000
440.021454 -64.185150 -177.622498 -0.000000 -1.000000 -0.000000 404.437988 -33.362663 -222.232178 0.000000 0.000000 1.000000 436.070221 -53.318840 -222.143799 0.000000 0.000000 1.000000 223.166656 -64.143097 -222.643936 -0.000000 -0.000000 -1.000000 
184.344208 -72.559204 -213.014313 90.000000 89.000000 88.000000
223.166656 -64.143097 -222.643936 -0.000000 -0.000000 -1.000000 
274.344208 -72.559204 -213.014313 90.000000 89.000000 88.000000
223.166656 -64.143097 -222.643936 -0.000000 -0.000000 -1.000000 
-85.655792 16.940796 -213.014313 90.000000 90.000000 88.000000
-98.070259 55.755398 -223.708633 0.000000 0.000000 -1.000000 -107.943932 20.959198 -223.831589 0.000000 0.000000 -1.000000 -163.828568 -1.299576 -223.920120 0.000000 0.000000 -1.000000 -109.705925 -0.301257 -133.220200 -0.000000 -1.000000 -0.000000 
-85.655792 16.940796 -213.014313 90.000000 90.000000 88.000000
-98.070259 55.755398 -223.708633 0.000000 0.000000 -1.000000 -107.943932 20.959198 -223.831589 0.000000 0.000000 -1.000000 -163.828568 -1.299576 -223.920120 0.000000 0.000000 -1.000000 -109.705925 -0.301257 -133.220200 0.000000 1.000000 0.000000 
-175.655792 16.940796 -213.014313 90.000000 90.000000 88.000000
-163.828568 -1.299576 -223.920120 0.000000 0.000000 -1.000000 
-265.655792 16.940796 -213.014313 90.000000 90.000000 88.000000
-261.718872 -6.713528 -223.974075 0.000000 0.000000 -1.000000 -340.342346 -18.080338 -224.004211 0.000000 0.000000 -1.000000 
-355.655792 16.940796 -213.014313 90.000000 90.000000 88.000000
-340.342346 -18.080338 -224.004211 0.000000 0.000000 -1.000000 -396.865051 -34.320511 -224.004913 0.000000 0.000000 -1.000000 
-85.655792 106.940796 -213.014313 90.000000 90.000000 88.000000
-57.828342 88.163055 -223.360138 0.000000 0.000000 -1.000000 -80.158752 77.075096 -223.555267 0.000000 0.000000 -1.000000 -98.070259 55.755398 -223.708633 0.000000 0.000000 -1.000000 
-86.155792 196.940796 -33.514313 89.000000 88.000000 89.000000

-86.155792 196.940796 -123.014313 89.000000 88.000000 90.000000

-85.655792 196.440796 -212.514313 90.000000 89.000000 89.000000

-176.155792 107.440796 -33.514313 89.000000 89.000000 89.000000

-175.655792 196.440796 -33.514313 90.000000 89.000000 89.000000

-176.155792 107.440796 -123.014313 89.000000 89.000000 90.000000

-175.655792 196.440796 -123.014313 90.000000 89.000000 90.000000

-175.655792 106.940796 -212.514313 90.000000 90.000000 89.000000

-175.655792 196.440796 -212.514313 90.000000 89.000000 89.000000

-265.655792 107.440796 -33.514313 90.000000 89.000000 89.000000

-265.655792 196.440796 -33.514313 90.000000 89.000000 89.000000

-265.655792 107.440796 -123.014313 90.000000 89.000000 90.000000

-265.655792 196.440796 -123.014313 90.000000 89.000000 90.000000

-265.655792 106.940796 -212.514313 90.000000 90.000000 89.000000

-265.655792 196.440796 -212.514313 90.000000 89.000000 89.000000

-355.655792 107.440796 -33.514313 90.000000 89.000000 89.000000

-355.655792 196.440796 -33.514313 90.000000 89.000000 89.000000

-355.655792 107.440796 -123.014313 90.000000 89.000000 90.000000

-355.655792 196.440796 -123.014313 90.000000 89.000000 90.000000

-355.655792 106.940796 -212.514313 90.000000 90.000000 89.000000

-355.655792 196.440796 -212.514313 90.000000 89.000000 89.000000

-445.655792 17.440796 -33.514313 88.000000 89.000000 89.000000

-445.155792 106.940796 -33.514313 89.000000 90.000000 89.000000

-445.155792 196.440796 -33.514313 89.000000 89.000000 89.000000

-445.655792 17.440796 -123.014313 88.000000 89.000000 90.000000

-445.155792 106.940796 -123.014313 89.000000 90.000000 90.000000

-445.155792 196.440796 -123.014313 89.000000 89.000000 90.000000

-445.155792 16.940796 -212.514313 89.000000 90.000000 89.000000

-445.155792 106.940796 -212.514313 89.000000 90.000000 89.000000

-445.155792 196.440796 -212.514313 89.000000 89.000000 89.000000

-175.655792 -72.559204 -213.014313 90.000000 89.000000 88.000000
-218.307236 -64.671967 -222.068802 0.000000 0.000000 -1.000000 
-85.655792 -72.559204 -213.014313 90.000000 89.000000 88.000000
-218.307236 -64.671967 -222.068802 0.000000 0.000000 -1.000000 
4.344208 -72.559204 -213.014313 90.000000 89.000000 88.000000
1.185600 -80.708000 -199.205780 -1.000000 -0.000000 -0.000000 1.552653 -107.567596 -140.906815 -1.000000 -0.000000 -0.000000 -218.307236 -64.671967 -222.068802 0.000000 0.000000 -1.000000 223.166656 -64.143097 -222.643936 -0.000000 -0.000000 -1.000000 
-445.155792 -72.559204 -213.014313 89.000000 89.000000 88.000000
-432.459412 -65.230629 -178.462250 0.000000 -1.000000 0.000000 -396.865051 -34.320511 -224.004913 0.000000 0.000000 -1.000000 -428.447388 -54.353546 -223.974457 0.000000 0.000000 -1.000000 -218.307236 -64.671967 -222.068802 0.000000 0.000000 -1.000000 
-445.155792 -72.559204 -213.014313 89.000000 89.000000 88.000000
-432.459412 -65.230629 -178.462250 -0.000000 1.000000 -0.000000 -396.865051 -34.320511 -224.004913 0.000000 0.000000 -1.000000 -428.447388 -54.353546 -223.974457 0.000000 0.000000 -1.000000 -218.307236 -64.671967 -222.068802 0.000000 0.000000 -1.000000 
-355.655792 -72.559204 -213.014313 90.000000 89.000000 88.000000
-340.342346 -18.080338 -224.004211 0.000000 0.000000 -1.000000 -396.865051 -34.320511 -224.004913 0.000000 0.000000 -1.000000 -218.307236 -64.671967 -222.068802 0.000000 0.000000 -1.000000 
-265.655792 -72.559204 -213.014313 90.000000 89.000000 88.000000
-218.307236 -64.671967 -222.068802 0.000000 0.000000 -1.000000 
4.344208 16.940796 -123.514313 88.000000 88.000000 89.000000

4.344208 106.940796 -213.014313 90.000000 90.000000 88.000000
26.595432 148.200607 -222.950867 0.000000 0.000000 -1.000000 -21.506260 148.147797 -223.001099 -0.000000 -0.000000 -1.000000 41.961075 92.366318 -222.037109 -0.000000 -0.000000 -1.000000 -34.692123 92.271957 -222.111542 0.000000 0.000000 -1.000000 29.306091 112.464447 -222.925964 0.000000 0.000000 -1.000000 -22.808300 112.401428 -222.979004 -0.000000 -0.000000 -1.000000 
4.344208 106.940796 -213.014313 90.000000 90.000000 88.000000
26.595432 148.200607 -222.950867 0.000000 0.000000 -1.000000 -21.506260 148.147797 -223.001099 -0.000000 -0.000000 -1.000000 41.961075 92.366318 -222.037109 0.000000 0.000000 1.000000 -34.692123 92.271957 -222.111542 -0.000000 -0.000000 1.000000 29.306091 112.464447 -222.925964 0.000000 0.000000 -1.000000 -22.808300 112.401428 -222.979004 -0.000000 -0.000000 -1.000000 
3.844208 196.440796 -213.014313 89.000000 89.000000 88.000000
1.552706 200.077423 -191.156021 -1.000000 0.000000 0.000000 9.423475 197.630310 -222.983459 0.000000 0.000000 -1.000000 21.305782 178.215927 -222.979584 0.000000 0.000000 -1.000000 26.595432 148.200607 -222.950867 0.000000 0.000000 -1.000000 -6.293823 197.613907 -222.997040 -0.000000 -0.000000 -1.000000 -17.403990 178.174652 -222.017181 -0.000000 -0.000000 -1.000000 -21.506260 148.147797 -223.001099 -0.000000 -0.000000 -1.000000 
3.844208 196.440796 -213.014313 89.000000 89.000000 88.000000
1.552706 200.077423 -191.156021 -1.000000 0.000000 0.000000 9.423475 197.630310 -222.983459 0.000000 0.000000 -1.000000 21.305782 178.215927 -222.979584 0.000000 0.000000 -1.000000 26.595432 148.200607 -222.950867 0.000000 0.000000 -1.000000 -6.293823 197.613907 -222.997040 -0.000000 -0.000000 -1.000000 -17.403990 178.174652 -222.017181 0.000000 0.000000 1.000000 -21.506260 148.147797 -223.001099 -0.000000 -0.000000 -1.000000 
3.844208 196.440796 -213.014313 89.000000 89.000000 88.000000
1.552706 200.077423 -191.156021 1.000000 -0.000000 -0.000000 9.423475 197.630310 -222.983459 0.000000 0.000000 -1.000000 21.305782 178.215927 -222.979584 0.000000 0.000000 -1.000000 26.595432 148.200607 -222.950867 0.000000 0.000000 -1.000000 -6.293823 197.613907 -222.997040 -0.000000 -0.000000 -1.000000 -17.403990 178.174652 -222.017181 -0.000000 -0.000000 -1.000000 -21.506260 148.147797 -223.001099 -0.000000 -0.000000 -1.000000 
3.844208 196.440796 -213.014313 89.000000 89.000000 88.000000
1.552706 200.077423 -191.156021 1.000000 -0.000000 -0.000000 9.423475 197.630310 -222.983459 0.000000 0.000000 -1.000000 21.305782 178.215927 -222.979584 0.000000 0.000000 -1.000000 26.595432 148.200607 -222.950867 0.000000 0.000000 -1.000000 -6.293823 197.613907 -222.997040 -0.000000 -0.000000 -1.000000 -17.403990 178.174652 -222.017181 0.000000 0.000000 1.000000 -21.506260 148.147797 -223.001099 -0.000000 -0.000000 -1.000000 
4.344208 16.940796 -212.514313 90.000000 90.000000 89.000000

94.344208 -72.559204 -213.014313 90.000000 89.000000 88.000000
223.166656 -64.143097 -222.643936 -0.000000 -0.000000 -1.000000 
4.344208 -72.559204 -213.014313 90.000000 89.000000 88.000000
1.185600 -80.708000 -199.205780 1.000000 0.000000 0.000000 1.552653 -107.567596 -140.906815 1.000000 0.000000 0.000000 -218.307236 -64.671967 -222.068802 0.000000 0.000000 -1.000000 223.166656 -64.143097 -222.643936 -0.000000 -0.000000 -1.000000 
4.344208 -72.559204 -213.014313 90.000000 89.000000 88.000000
1.185600 -80.708000 -199.205780 1.000000 0.000000 0.000000 1.552653 -107.567596 -140.906815 1.000000 0.000000 0.000000 -218.307236 -64.671967 -222.068802 -0.000000 -0.000000 1.000000 223.166656 -64.143097 -222.643936 -0.000000 -0.000000 -1.000000 
93.844208 106.440796 -213.014313 89.000000 89.000000 88.000000
65.109184 88.309082 -223.239899 -0.000000 -0.000000 -1.000000 87.464233 77.274162 -223.393127 -0.000000 -0.000000 -1.000000 105.429260 55.998978 -223.513123 -0.000000 -0.000000 -1.000000 
94.344208 16.940796 -213.014313 90.000000 90.000000 88.000000
105.429260 55.998978 -223.513123 -0.000000 -0.000000 -1.000000 115.388702 21.226343 -223.616455 -0.000000 -0.000000 -1.000000 171.324905 -0.899729 -223.597931 -0.000000 -0.000000 -1.000000 117.027542 -0.030126 -132.998871 -0.000000 -1.000000 -0.000000 
94.344208 16.940796 -213.014313 90.000000 90.000000 88.000000
105.429260 55.998978 -223.513123 -0.000000 -0.000000 -1.000000 115.388702 21.226343 -223.616455 -0.000000 -0.000000 -1.000000 171.324905 -0.899729 -223.597931 -0.000000 -0.000000 -1.000000 117.027542 -0.030126 -132.998871 0.000000 1.000000 0.000000 
22
-85.155792 106.440796 146.985687 89.000000 89.000000 88.000000
-52.515144 84.156075 148.316620 0.000000 0.000000 1.000000 -78.892303 64.956024 148.965607 0.000000 0.000000 1.000000 
93.844208 106.440796 146.985687 89.000000 89.000000 88.000000
59.950645 84.291031 148.423218 -0.000000 -0.000000 1.000000 86.071434 65.156525 148.125702 0.000000 0.000000 -1.000000 
93.844208 106.440796 146.985687 89.000000 89.000000 88.000000
59.950645 84.291031 148.423218 -0.000000 -0.000000 1.000000 86.071434 65.156525 148.125702 -0.000000 -0.000000 1.000000 
4.344208 106.440796 146.985687 90.000000 89.000000 88.000000
3.804753 98.881058 137.412720 1.000000 0.000000 0.000000 24.223698 92.523300 149.815582 0.000000 0.000000 -1.000000 59.950645 84.291031 148.423218 -0.000000 -0.000000 1.000000 -16.591797 92.477142 149.778503 -0.000000 -0.000000 -1.000000 -52.515144 84.156075 148.316620 0.000000 0.000000 1.000000 3.428704 118.145279 112.878723 1.000000 0.000000 0.000000 3.884108 82.085114 188.558075 1.000000 0.000000 0.000000 
4.344208 106.440796 146.985687 90.000000 89.000000 88.000000
3.804753 98.881058 137.412720 1.000000 0.000000 0.000000 24.223698 92.523300 149.815582 -0.000000 -0.000000 1.000000 59.950645 84.291031 148.423218 -0.000000 -0.000000 1.000000 -16.591797 92.477142 149.778503 0.000000 0.000000 1.000000 -52.515144 84.156075 148.316620 0.000000 0.000000 1.000000 3.428704 118.145279 112.878723 1.000000 0.000000 0.000000 3.884108 82.085114 188.558075 1.000000 0.000000 0.000000 
4.344208 106.440796 146.985687 90.000000 89.000000 88.000000
3.804753 98.881058 137.412720 -1.000000 -0.000000 -0.000000 24.223698 92.523300 149.815582 0.000000 0.000000 -1.000000 59.950645 84.291031 148.423218 -0.000000 -0.000000 1.000000 -16.591797 92.477142 149.778503 -0.000000 -0.000000 -1.000000 -52.515144 84.156075 148.316620 0.000000 0.000000 1.000000 3.428704 118.145279 112.878723 -1.000000 -0.000000 -0.000000 3.884108 82.085114 188.558075 -1.000000 -0.000000 -0.000000 
4.344208 106.440796 146.985687 90.000000 89.000000 88.000000
3.804753 98.881058 137.412720 -1.000000 -0.000000 -0.000000 24.223698 92.523300 149.815582 -0.000000 -0.000000 1.000000 59.950645 84.291031 148.423218 -0.000000 -0.000000 1.000000 -16.591797 92.477142 149.778503 0.000000 0.000000 1.000000 -52.515144 84.156075 148.316620 0.000000 0.000000 1.000000 3.428704 118.145279 112.878723 -1.000000 -0.000000 -0.000000 3.884108 82.085114 188.558075 -1.000000 -0.000000 -0.000000 
-175.155792 16.440796 146.985687 89.000000 89.000000 88.000000
-134.462494 -33.134808 152.584381 0.000000 0.000000 1.000000 
-175.155792 -72.559204 146.985687 89.000000 89.000000 88.000000
-144.628876 -53.210835 153.635620 0.000000 0.000000 1.000000 -177.148193 -67.016220 146.704208 0.000000 -1.000000 0.000000 -223.305359 -66.934219 121.995758 0.000000 -1.000000 0.000000 -141.144302 -65.999779 171.033203 -0.000000 -1.000000 -0.000000 -138.008331 -82.421761 154.385101 0.000000 0.000000 1.000000 -134.462494 -33.134808 152.584381 0.000000 0.000000 1.000000 
-85.655792 16.940796 146.985687 90.000000 90.000000 88.000000
-78.892303 64.956024 148.965607 0.000000 0.000000 1.000000 -96.491386 40.042496 149.675598 0.000000 0.000000 1.000000 -106.080826 13.157005 150.355988 0.000000 0.000000 1.000000 -108.846245 -1.260434 172.463867 0.000000 -1.000000 0.000000 -116.982239 -13.106524 151.296173 0.000000 0.000000 1.000000 -134.462494 -33.134808 152.584381 0.000000 0.000000 1.000000 -108.983170 -1.349500 53.061832 0.000000 -1.000000 0.000000 
-85.655792 -72.559204 146.985687 90.000000 89.000000 88.000000
-118.532318 -107.169159 154.908539 0.000000 0.000000 1.000000 -85.072021 -122.350479 154.128601 -0.000000 -0.000000 -1.000000 -138.008331 -82.421761 154.385101 0.000000 0.000000 1.000000 -134.462494 -33.134808 152.584381 0.000000 0.000000 1.000000 
-85.655792 -72.559204 146.985687 90.000000 89.000000 88.000000
-118.532318 -107.169159 154.908539 0.000000 0.000000 1.000000 -85.072021 -122.350479 154.128601 0.000000 0.000000 1.000000 -138.008331 -82.421761 154.385101 0.000000 0.000000 1.000000 -134.462494 -33.134808 152.584381 0.000000 0.000000 1.000000 
4.344208 16.440796 -32.514313 88.000000 89.000000 89.000000

4.344208 16.440796 56.985687 88.000000 89.000000 90.000000

4.344208 16.940796 146.485687 90.000000 90.000000 89.000000

183.844208 16.440796 146.985687 89.000000 89.000000 88.000000
141.315170 -32.798920 152.849976 -0.000000 -0.000000 1.000000 
183.844208 -72.559204 146.985687 89.000000 89.000000 88.000000
151.523895 -52.853539 153.918045 -0.000000 -0.000000 1.000000 184.085449 -66.583450 147.046555 -0.000000 -1.000000 -0.000000 230.293365 -66.389160 122.429703 -0.000000 -1.000000 -0.000000 148.035126 -65.654938 171.308929 0.000000 -1.000000 0.000000 144.531738 -82.079483 154.650558 -0.000000 -0.000000 1.000000 141.315170 -32.798920 152.849976 -0.000000 -0.000000 1.000000 
94.344208 -72.559204 146.985687 90.000000 89.000000 88.000000
124.306221 -106.876442 155.140228 -0.000000 -0.000000 1.000000 90.202599 -122.146378 155.297699 -0.000000 -0.000000 1.000000 144.531738 -82.079483 154.650558 -0.000000 -0.000000 1.000000 141.315170 -32.798920 152.849976 -0.000000 -0.000000 1.000000 
94.344208 16.940796 146.985687 90.000000 90.000000 88.000000
86.071434 65.156525 148.125702 -0.000000 -0.000000 1.000000 103.428955 40.283222 149.870316 -0.000000 -0.000000 1.000000 112.886154 13.422027 150.568207 -0.000000 -0.000000 1.000000 115.576157 -0.993458 172.679291 -0.000000 -1.000000 -0.000000 123.788361 -12.813272 151.527100 -0.000000 -0.000000 1.000000 141.315170 -32.798920 152.849976 -0.000000 -0.000000 1.000000 115.943771 -1.078255 53.282104 -0.000000 -1.000000 -0.000000 
4.344208 -72.559204 -32.514313 88.000000 89.000000 89.000000
2.972460 -123.567337 -60.495907 1.000000 0.000000 0.000000 
4.344208 -72.559204 56.985687 88.000000 89.000000 90.000000

4.344208 -72.559204 146.485687 90.000000 89.000000 89.000000

66
94.344208 17.440796 -123.014313 88.000000 89.000000 88.000000
117.027542 0.969874 -132.998871 0.000000 1.000000 0.000000 
273.844208 17.440796 -213.014313 89.000000 89.000000 88.000000
269.227417 -6.081169 -221.462158 0.000000 0.000000 1.000000 347.876373 -17.259935 -221.338440 0.000000 0.000000 1.000000 
184.844208 17.440796 -213.014313 89.000000 89.000000 88.000000
171.324905 -0.899729 -221.597931 0.000000 0.000000 1.000000 
4.844208 107.440796 -33.514313 89.000000 89.000000 89.000000
3.485928 102.155441 -66.331978 1.000000 -0.000000 -0.000000 23.068863 93.432541 -46.046310 -0.000000 -0.000000 -1.000000 60.626659 86.479187 -45.687187 -0.000000 -0.000000 -1.000000 -17.819178 93.380753 -46.084435 0.000000 0.000000 -1.000000 3.633691 97.722656 -20.542652 1.000000 0.000000 0.000000 3.897115 116.020599 53.805416 1.000000 0.000000 0.000000 
4.844208 107.440796 -122.514313 89.000000 89.000000 89.000000
3.485928 102.155441 -66.331978 1.000000 -0.000000 -0.000000 3.278537 123.893501 -98.541199 1.000000 -0.000000 -0.000000 3.032968 154.964478 -119.032318 1.000000 -0.000000 -0.000000 
4.844208 196.440796 -122.514313 89.000000 89.000000 89.000000
3.032968 154.964478 -119.032318 1.000000 -0.000000 -0.000000 2.779698 184.109131 -144.377914 1.000000 -0.000000 -0.000000 2.552706 200.077423 -191.156021 1.000000 -0.000000 -0.000000 
4.844208 196.440796 -33.014313 89.000000 89.000000 90.000000

184.844208 107.440796 146.485687 89.000000 89.000000 89.000000

274.344208 107.440796 146.485687 90.000000 89.000000 89.000000

184.844208 107.440796 56.985687 89.000000 89.000000 90.000000

274.344208 107.440796 56.985687 90.000000 89.000000 90.000000

274.344208 196.440796 56.985687 90.000000 89.000000 90.000000

274.344208 196.440796 146.485687 90.000000 89.000000 89.000000

184.344208 196.440796 56.985687 90.000000 89.000000 90.000000

184.344208 196.440796 146.485687 90.000000 89.000000 89.000000

94.344208 196.940796 56.985687 90.000000 88.000000 90.000000

94.344208 196.940796 146.485687 90.000000 88.000000 89.000000

4.344208 196.940796 56.985687 90.000000 88.000000 90.000000

4.344208 196.940796 146.485687 90.000000 88.000000 89.000000

-85.655792 196.940796 57.485687 90.000000 88.000000 89.000000

-85.655792 196.940796 146.485687 90.000000 88.000000 89.000000

-175.655792 196.940796 57.485687 90.000000 88.000000 89.000000

-175.655792 196.940796 146.485687 90.000000 88.000000 89.000000

-265.655792 196.940796 57.485687 90.000000 88.000000 89.000000

-355.655792 196.940796 57.485687 90.000000 88.000000 89.000000

-445.155792 196.940796 57.485687 89.000000 88.000000 89.000000

-265.655792 196.940796 146.485687 90.000000 88.000000 89.000000

-445.155792 196.940796 146.485687 89.000000 88.000000 89.000000

-355.655792 196.940796 146.485687 90.000000 88.000000 89.000000

94.344208 106.940796 -122.514313 90.000000 90.000000 89.000000

94.344208 107.440796 -33.514313 90.000000 89.000000 89.000000
60.626659 86.479187 -45.687187 -0.000000 -0.000000 -1.000000 90.381287 71.932899 -45.321434 -0.000000 -0.000000 -1.000000 
94.344208 196.440796 -33.014313 90.000000 89.000000 90.000000

94.344208 196.440796 -123.014313 90.000000 89.000000 90.000000

94.844208 196.940796 -212.514313 89.000000 88.000000 89.000000

184.344208 107.440796 -33.014313 90.000000 89.000000 90.000000

184.344208 196.440796 -33.014313 90.000000 89.000000 90.000000

184.344208 107.440796 -123.014313 90.000000 89.000000 90.000000

184.344208 196.440796 -123.014313 90.000000 89.000000 90.000000

184.844208 106.940796 -212.514313 89.000000 90.000000 89.000000

184.344208 196.440796 -212.514313 90.000000 89.000000 89.000000

274.344208 107.440796 -33.014313 90.000000 89.000000 90.000000

274.344208 196.440796 -33.014313 90.000000 89.000000 90.000000

274.344208 107.440796 -123.014313 90.000000 89.000000 90.000000

274.344208 196.440796 -123.014313 90.000000 89.000000 90.000000

274.344208 106.940796 -212.514313 90.000000 90.000000 89.000000

274.344208 196.440796 -212.514313 90.000000 89.000000 89.000000

364.344208 107.440796 -123.014313 90.000000 89.000000 90.000000

364.344208 196.440796 -123.014313 90.000000 89.000000 90.000000

364.344208 107.440796 -212.514313 90.000000 89.000000 89.000000

364.344208 196.440796 -212.514313 90.000000 89.000000 89.000000

453.844208 107.440796 -123.014313 89.000000 89.000000 90.000000

453.844208 196.440796 -123.014313 89.000000 89.000000 90.000000

453.844208 107.440796 -212.514313 89.000000 89.000000 89.000000

453.844208 196.440796 -212.514313 89.000000 89.000000 89.000000

364.344208 107.440796 -33.014313 90.000000 89.000000 90.000000

364.344208 196.440796 -33.014313 90.000000 89.000000 90.000000

364.344208 107.440796 56.985687 90.000000 89.000000 90.000000

364.344208 196.440796 56.985687 90.000000 89.000000 90.000000

364.344208 107.440796 146.485687 90.000000 89.000000 89.000000

364.344208 196.440796 146.485687 90.000000 89.000000 89.000000

453.844208 107.440796 -33.014313 89.000000 89.000000 90.000000

453.844208 196.440796 -33.014313 89.000000 89.000000 90.000000

453.844208 107.440796 56.985687 89.000000 89.000000 90.000000

453.844208 196.440796 56.985687 89.000000 89.000000 90.000000

453.844208 107.440796 146.485687 89.000000 89.000000 89.000000

453.844208 196.440796 146.485687 89.000000 89.000000 89.000000

8
274.344208 -73.059204 56.985687 88.000000 88.000000 90.000000
249.523392 -66.251114 79.317299 -0.000000 -1.000000 -0.000000 257.679962 -66.150658 29.174408 -0.000000 -1.000000 -0.000000 
273.844208 -73.059204 146.485687 89.000000 88.000000 89.000000
230.293365 -66.389160 122.429703 -0.000000 -1.000000 -0.000000 
184.844208 -73.059204 146.985687 89.000000 88.000000 88.000000
151.523895 -52.853539 151.918045 0.000000 0.000000 -1.000000 184.085449 -66.583450 147.046555 -0.000000 -1.000000 -0.000000 230.293365 -66.389160 122.429703 -0.000000 -1.000000 -0.000000 148.035126 -65.654938 171.308929 0.000000 -1.000000 0.000000 144.531738 -82.079483 152.650558 0.000000 0.000000 -1.000000 141.315170 -32.798920 151.849976 0.000000 0.000000 -1.000000 
184.844208 -73.059204 146.985687 89.000000 88.000000 88.000000
151.523895 -52.853539 151.918045 0.000000 0.000000 -1.000000 184.085449 -66.583450 147.046555 -0.000000 -1.000000 -0.000000 230.293365 -66.389160 122.429703 -0.000000 -1.000000 -0.000000 148.035126 -65.654938 171.308929 0.000000 -1.000000 0.000000 144.531738 -82.079483 152.650558 0.000000 0.000000 -1.000000 141.315170 -32.798920 151.849976 -0.000000 -0.000000 1.000000 
274.844208 -73.059204 -32.514313 89.000000 88.000000 89.000000
257.679962 -66.150658 29.174408 -0.000000 -1.000000 -0.000000 270.664795 -66.073441 -16.522587 -0.000000 -1.000000 -0.000000 307.879822 -65.960266 -56.226326 -0.000000 -1.000000 -0.000000 
363.844208 -73.059204 -33.514313 89.000000 88.000000 89.000000
307.879822 -65.960266 -56.226326 -0.000000 -1.000000 -0.000000 357.508667 -65.773621 -81.185669 -0.000000 -1.000000 -0.000000 
364.844208 -73.059204 -122.514313 89.000000 88.000000 89.000000
357.508667 -65.773621 -81.185669 -0.000000 -1.000000 -0.000000 396.200134 -65.550911 -91.852966 -0.000000 -1.000000 -0.000000 
453.844208 -73.059204 -123.014313 89.000000 88.000000 88.000000
396.200134 -65.550911 -91.852966 -0.000000 -1.000000 -0.000000 423.767212 -65.339607 -115.053276 -0.000000 -1.000000 -0.000000 440.021454 -65.185150 -177.622498 -0.000000 -1.000000 -0.000000 
10
4.344208 196.440796 -123.514313 88.000000 89.000000 89.000000
1.032968 154.964478 -119.032318 -1.000000 0.000000 0.000000 0.779698 184.109131 -144.377914 -1.000000 0.000000 0.000000 1.552706 200.077423 -191.156021 -1.000000 0.000000 0.000000 
4.344208 196.940796 -212.514313 88.000000 88.000000 89.000000
1.552706 200.077423 -191.156021 -1.000000 0.000000 0.000000 9.423475 197.630310 -220.983459 -0.000000 -0.000000 1.000000 21.305782 178.215927 -220.979584 -0.000000 -0.000000 1.000000 26.595432 148.200607 -220.950867 -0.000000 -0.000000 1.000000 -6.293823 197.613907 -220.997040 0.000000 0.000000 1.000000 -17.403990 178.174652 -221.017181 0.000000 0.000000 1.000000 -21.506260 148.147797 -221.001099 0.000000 0.000000 1.000000 
4.344208 196.940796 -212.514313 88.000000 88.000000 89.000000
1.552706 200.077423 -191.156021 1.000000 -0.000000 -0.000000 9.423475 197.630310 -220.983459 -0.000000 -0.000000 1.000000 21.305782 178.215927 -220.979584 -0.000000 -0.000000 1.000000 26.595432 148.200607 -220.950867 -0.000000 -0.000000 1.000000 -6.293823 197.613907 -220.997040 0.000000 0.000000 1.000000 -17.403990 178.174652 -221.017181 0.000000 0.000000 1.000000 -21.506260 148.147797 -221.001099 0.000000 0.000000 1.000000 
-85.155792 106.940796 -33.514313 89.000000 88.000000 89.000000
-55.049911 86.339714 -45.796352 0.000000 0.000000 -1.000000 -84.288635 71.725632 -45.491188 0.000000 0.000000 -1.000000 
3.844208 106.940796 -33.514313 89.000000 88.000000 89.000000
1.485928 102.155441 -66.331978 -1.000000 0.000000 0.000000 23.068863 93.432541 -46.046310 -0.000000 -0.000000 -1.000000 60.626659 86.479187 -45.687187 -0.000000 -0.000000 -1.000000 -17.819178 93.380753 -46.084435 0.000000 0.000000 -1.000000 1.633691 97.722656 -20.542652 -1.000000 -0.000000 -0.000000 1.897115 116.020599 53.805416 -1.000000 -0.000000 -0.000000 
-85.155792 106.440796 -123.014313 89.000000 89.000000 90.000000

3.844208 107.440796 -122.514313 89.000000 89.000000 89.000000
1.485928 102.155441 -66.331978 -1.000000 0.000000 0.000000 1.278537 123.893501 -98.541199 -1.000000 0.000000 0.000000 1.032968 154.964478 -119.032318 -1.000000 0.000000 0.000000 
-85.655792 106.440796 -212.514313 88.000000 89.000000 89.000000
-57.828342 88.163055 -221.360138 -0.000000 -0.000000 1.000000 -80.158752 77.075096 -221.555267 -0.000000 -0.000000 1.000000 -98.070259 55.755398 -221.708633 -0.000000 -0.000000 1.000000 
-85.655792 17.440796 -212.514313 88.000000 89.000000 89.000000
-98.070259 55.755398 -221.708633 -0.000000 -0.000000 1.000000 -107.943932 20.959198 -221.831589 -0.000000 -0.000000 1.000000 -163.828568 -1.299576 -221.920120 -0.000000 -0.000000 1.000000 -109.705925 0.698743 -133.220200 0.000000 1.000000 0.000000 
-85.655792 17.440796 -123.514313 88.000000 89.000000 89.000000
-109.705925 0.698743 -133.220200 0.000000 1.000000 0.000000 
11
-86.155792 16.940796 -33.014313 89.000000 88.000000 88.000000
-103.816078 49.406128 -45.155937 0.000000 0.000000 -1.000000 -109.966721 17.959455 -44.766479 0.000000 0.000000 -1.000000 -109.705925 0.698743 -133.220200 0.000000 1.000000 0.000000 -108.983170 0.650500 53.061832 -0.000000 1.000000 -0.000000 
-175.655792 -73.059204 146.485687 88.000000 88.000000 89.000000
-144.628876 -53.210835 151.635620 -0.000000 -0.000000 -1.000000 -177.148193 -66.016220 146.704208 0.000000 -1.000000 0.000000 -223.305359 -65.934219 121.995758 0.000000 -1.000000 0.000000 -141.144302 -64.999779 171.033203 -0.000000 -1.000000 -0.000000 -138.008331 -82.421761 152.385101 -0.000000 -0.000000 -1.000000 -134.462494 -33.134808 151.584381 0.000000 0.000000 1.000000 
-175.655792 -73.059204 146.485687 88.000000 88.000000 89.000000
-144.628876 -53.210835 151.635620 -0.000000 -0.000000 -1.000000 -177.148193 -66.016220 146.704208 -0.000000 1.000000 -0.000000 -223.305359 -65.934219 121.995758 -0.000000 1.000000 -0.000000 -141.144302 -64.999779 171.033203 0.000000 1.000000 0.000000 -138.008331 -82.421761 152.385101 -0.000000 -0.000000 -1.000000 -134.462494 -33.134808 151.584381 0.000000 0.000000 1.000000 
-175.655792 -73.059204 146.485687 88.000000 88.000000 89.000000
-144.628876 -53.210835 151.635620 -0.000000 -0.000000 -1.000000 -177.148193 -66.016220 146.704208 0.000000 -1.000000 0.000000 -223.305359 -65.934219 121.995758 0.000000 -1.000000 0.000000 -141.144302 -64.999779 171.033203 -0.000000 -1.000000 -0.000000 -138.008331 -82.421761 152.385101 -0.000000 -0.000000 -1.000000 -134.462494 -33.134808 151.584381 -0.000000 -0.000000 -1.000000 
-175.655792 -73.059204 146.485687 88.000000 88.000000 89.000000
-144.628876 -53.210835 151.635620 -0.000000 -0.000000 -1.000000 -177.148193 -66.016220 146.704208 -0.000000 1.000000 -0.000000 -223.305359 -65.934219 121.995758 -0.000000 1.000000 -0.000000 -141.144302 -64.999779 171.033203 0.000000 1.000000 0.000000 -138.008331 -82.421761 152.385101 -0.000000 -0.000000 -1.000000 -134.462494 -33.134808 151.584381 -0.000000 -0.000000 -1.000000 
-175.655792 -72.559204 -32.514313 88.000000 89.000000 89.000000

-175.655792 -73.059204 56.985687 88.000000 88.000000 90.000000

-265.655792 16.940796 -33.014313 90.000000 88.000000 88.000000

-175.655792 16.440796 -33.014313 90.000000 89.000000 88.000000

-355.655792 16.940796 -122.514313 88.000000 88.000000 89.000000

-355.155792 16.940796 -33.514313 89.000000 88.000000 89.000000

8
94.344208 -162.559204 146.985687 88.000000 89.000000 88.000000
90.202599 -122.146378 153.297699 0.000000 0.000000 -1.000000 35.454060 -133.026611 153.171783 0.000000 0.000000 -1.000000 
94.844208 -73.559204 146.985687 89.000000 89.000000 88.000000
124.306221 -106.876442 153.140228 0.000000 0.000000 -1.000000 90.202599 -122.146378 153.297699 0.000000 0.000000 -1.000000 144.531738 -82.079483 152.650558 0.000000 0.000000 -1.000000 141.315170 -32.798920 151.849976 0.000000 0.000000 -1.000000 
183.844208 -73.059204 146.485687 89.000000 88.000000 89.000000
151.523895 -52.853539 151.918045 0.000000 0.000000 -1.000000 184.085449 -64.583450 147.046555 0.000000 1.000000 0.000000 230.293365 -64.389160 122.429703 0.000000 1.000000 0.000000 148.035126 -63.654938 171.308929 -0.000000 1.000000 -0.000000 144.531738 -82.079483 152.650558 0.000000 0.000000 -1.000000 141.315170 -32.798920 151.849976 -0.000000 -0.000000 1.000000 
183.844208 -73.059204 146.485687 89.000000 88.000000 89.000000
151.523895 -52.853539 151.918045 0.000000 0.000000 -1.000000 184.085449 -64.583450 147.046555 0.000000 1.000000 0.000000 230.293365 -64.389160 122.429703 0.000000 1.000000 0.000000 148.035126 -63.654938 171.308929 -0.000000 1.000000 -0.000000 144.531738 -82.079483 152.650558 0.000000 0.000000 -1.000000 141.315170 -32.798920 151.849976 0.000000 0.000000 -1.000000 
273.844208 -73.059204 -123.014313 89.000000 88.000000 88.000000

184.344208 -73.059204 56.985687 88.000000 88.000000 90.000000

184.844208 -73.059204 -122.514313 89.000000 88.000000 89.000000

184.344208 -73.059204 -33.014313 88.000000 88.000000 90.000000

3
-85.655792 17.440796 -33.014313 88.000000 89.000000 88.000000
-103.816078 49.406128 -43.155937 -0.000000 -0.000000 1.000000 -109.966721 17.959455 -44.766479 0.000000 0.000000 -1.000000 -109.705925 0.698743 -133.220200 0.000000 1.000000 0.000000 -108.983170 0.650500 53.061832 -0.000000 1.000000 -0.000000 
-85.155792 106.440796 -33.014313 89.000000 89.000000 88.000000
-55.049911 86.339714 -43.796352 -0.000000 -0.000000 1.000000 -84.288635 71.725632 -43.491188 -0.000000 -0.000000 1.000000 
3.844208 106.940796 -33.014313 89.000000 88.000000 88.000000
1.485928 102.155441 -66.331978 -1.000000 0.000000 0.000000 23.068863 93.432541 -44.046310 0.000000 0.000000 1.000000 60.626659 86.479187 -43.687187 0.000000 0.000000 1.000000 -17.819178 93.380753 -44.084435 -0.000000 -0.000000 1.000000 1.633691 97.722656 -20.542652 -1.000000 -0.000000 -0.000000 1.897115 116.020599 53.805416 -1.000000 -0.000000 -0.000000 
7
4.344208 -162.559204 -122.514313 88.000000 89.000000 89.000000
0.552653 -107.567596 -140.906815 -1.000000 -0.000000 -0.000000 0.972460 -123.567337 -60.495907 -1.000000 -0.000000 -0.000000 
4.344208 -73.559204 -122.514313 88.000000 89.000000 89.000000
0.552653 -107.567596 -140.906815 -1.000000 -0.000000 -0.000000 0.972460 -123.567337 -60.495907 -1.000000 -0.000000 -0.000000 
4.344208 -163.059204 56.985687 88.000000 88.000000 90.000000
1.287292 -131.914978 28.885750 -1.000000 -0.000000 -0.000000 1.349249 -135.812592 114.100479 -1.000000 -0.000000 -0.000000 
4.344208 -163.059204 146.485687 88.000000 88.000000 89.000000
35.454060 -133.026611 153.171783 0.000000 0.000000 -1.000000 -30.736469 -133.101593 153.108612 -0.000000 -0.000000 -1.000000 1.349249 -135.812592 114.100479 -1.000000 -0.000000 -0.000000 1.469434 -137.658356 260.041748 -0.000000 -1.000000 -0.000000 
4.344208 -163.059204 146.485687 88.000000 88.000000 89.000000
35.454060 -133.026611 153.171783 0.000000 0.000000 -1.000000 -30.736469 -133.101593 153.108612 -0.000000 -0.000000 -1.000000 1.349249 -135.812592 114.100479 -1.000000 -0.000000 -0.000000 1.469434 -137.658356 260.041748 0.000000 1.000000 0.000000 
4.344208 -162.559204 -33.014313 88.000000 89.000000 90.000000
0.972460 -123.567337 -60.495907 -1.000000 -0.000000 -0.000000 1.287292 -131.914978 28.885750 -1.000000 -0.000000 -0.000000 
4.344208 -73.559204 -33.514313 88.000000 89.000000 89.000000
0.972460 -123.567337 -60.495907 -1.000000 -0.000000 -0.000000 
6
364.844208 -73.059204 -123.514313 89.000000 88.000000 89.000000
357.508667 -63.773621 -81.185669 0.000000 1.000000 0.000000 396.200134 -63.550911 -91.852966 0.000000 1.000000 0.000000 
453.844208 -73.059204 -123.514313 89.000000 88.000000 89.000000
396.200134 -63.550911 -91.852966 0.000000 1.000000 0.000000 423.767212 -63.339607 -115.053276 0.000000 1.000000 0.000000 440.021454 -64.185150 -177.622498 0.000000 1.000000 0.000000 
453.844208 -73.059204 -212.514313 89.000000 88.000000 89.000000
440.021454 -64.185150 -177.622498 0.000000 1.000000 0.000000 404.437988 -33.362663 -221.232178 0.000000 0.000000 1.000000 436.070221 -53.318840 -221.143799 0.000000 0.000000 1.000000 223.166656 -64.143097 -221.643936 -0.000000 -0.000000 -1.000000 
453.844208 -73.059204 -212.514313 89.000000 88.000000 89.000000
440.021454 -64.185150 -177.622498 -0.000000 -1.000000 -0.000000 404.437988 -33.362663 -221.232178 0.000000 0.000000 1.000000 436.070221 -53.318840 -221.143799 0.000000 0.000000 1.000000 223.166656 -64.143097 -221.643936 0.000000 0.000000 1.000000 
364.844208 -73.059204 -212.514313 89.000000 88.000000 89.000000
404.437988 -33.362663 -221.232178 0.000000 0.000000 1.000000 223.166656 -64.143097 -221.643936 0.000000 0.000000 1.000000 
453.844208 -73.059204 -212.514313 89.000000 88.000000 89.000000
440.021454 -64.185150 -177.622498 0.000000 1.000000 0.000000 404.437988 -33.362663 -221.232178 0.000000 0.000000 1.000000 436.070221 -53.318840 -221.143799 0.000000 0.000000 1.000000 223.166656 -64.143097 -221.643936 0.000000 0.000000 1.000000 
3
-85.655792 16.940796 -32.514313 88.000000 88.000000 89.000000
-103.816078 49.406128 -43.155937 -0.000000 -0.000000 1.000000 -109.966721 17.959455 -42.766479 -0.000000 -0.000000 1.000000 -109.705925 -1.301257 -133.220200 -0.000000 -1.000000 -0.000000 -108.983170 -1.349500 53.061832 0.000000 -1.000000 0.000000 
-85.655792 16.940796 56.985687 88.000000 88.000000 90.000000
-108.983170 -1.349500 53.061832 0.000000 -1.000000 0.000000 
-85.655792 16.940796 146.485687 88.000000 88.000000 89.000000
-78.892303 64.956024 146.965607 -0.000000 -0.000000 -1.000000 -96.491386 40.042496 147.675598 -0.000000 -0.000000 -1.000000 -106.080826 13.157005 148.355988 -0.000000 -0.000000 -1.000000 -108.846245 -1.260434 172.463867 0.000000 -1.000000 0.000000 -116.982239 -13.106524 149.296173 -0.000000 -0.000000 -1.000000 -134.462494 -33.134808 150.584381 -0.000000 -0.000000 -1.000000 -108.983170 -1.349500 53.061832 0.000000 -1.000000 0.000000 
2
4.844208 106.940796 -213.014313 89.000000 88.000000 88.000000
26.595432 148.200607 -220.950867 -0.000000 -0.000000 1.000000 -21.506260 148.147797 -221.001099 0.000000 0.000000 1.000000 41.961075 92.366318 -221.037109 0.000000 0.000000 1.000000 -34.692123 92.271957 -221.111542 -0.000000 -0.000000 1.000000 29.306091 112.464447 -220.925964 -0.000000 -0.000000 1.000000 -22.808300 112.401428 -220.979004 0.000000 0.000000 1.000000 
93.844208 106.940796 -213.014313 89.000000 88.000000 88.000000
65.109184 88.309082 -221.239899 0.000000 0.000000 1.000000 87.464233 77.274162 -221.393127 0.000000 0.000000 1.000000 105.429260 55.998978 -221.513123 0.000000 0.000000 1.000000 
3
94.344208 16.940796 146.485687 88.000000 88.000000 89.000000
86.071434 65.156525 147.125702 0.000000 0.000000 -1.000000 103.428955 40.283222 147.870316 0.000000 0.000000 -1.000000 112.886154 13.422027 148.568207 0.000000 0.000000 -1.000000 115.576157 -0.993458 172.679291 -0.000000 -1.000000 -0.000000 123.788361 -12.813272 149.527100 0.000000 0.000000 -1.000000 141.315170 -32.798920 150.849976 0.000000 0.000000 -1.000000 115.943771 -1.078255 53.282104 -0.000000 -1.000000 -0.000000 
94.344208 16.940796 -32.514313 88.000000 88.000000 89.000000
110.443207 49.662376 -42.949692 0.000000 0.000000 1.000000 116.978027 18.231379 -42.546745 0.000000 0.000000 1.000000 117.027542 -1.030126 -132.998871 -0.000000 -1.000000 -0.000000 115.943771 -1.078255 53.282104 -0.000000 -1.000000 -0.000000 
94.344208 16.940796 56.985687 88.000000 88.000000 90.000000
115.943771 -1.078255 53.282104 -0.000000 -1.000000 -0.000000 
3
93.844208 -163.059204 146.985687 89.000000 88.000000 88.000000
90.202599 -122.146378 155.297699 -0.000000 -0.000000 1.000000 35.454060 -133.026611 155.171783 -0.000000 -0.000000 1.000000 
4.844208 -163.059204 146.985687 89.000000 88.000000 88.000000
35.454060 -133.026611 155.171783 -0.000000 -0.000000 1.000000 -30.736469 -133.101593 155.108612 0.000000 0.000000 1.000000 2.349249 -135.812592 114.100479 -1.000000 -0.000000 -0.000000 1.469434 -138.658356 260.041748 -0.000000 -1.000000 -0.000000 
4.844208 -163.059204 146.985687 89.000000 88.000000 88.000000
35.454060 -133.026611 155.171783 -0.000000 -0.000000 1.000000 -30.736469 -133.101593 155.108612 0.000000 0.000000 1.000000 2.349249 -135.812592 114.100479 1.000000 0.000000 0.000000 1.469434 -138.658356 260.041748 -0.000000 -1.000000 -0.000000 
6
93.844208 106.940796 -32.514313 89.000000 88.000000 89.000000
60.626659 86.479187 -43.687187 0.000000 0.000000 1.000000 90.381287 71.932899 -43.321434 0.000000 0.000000 1.000000 
93.844208 106.940796 56.985687 89.000000 88.000000 90.000000

4.844208 106.940796 -32.514313 89.000000 88.000000 89.000000
3.485928 102.155441 -66.331978 1.000000 -0.000000 -0.000000 23.068863 93.432541 -44.046310 0.000000 0.000000 1.000000 60.626659 86.479187 -43.687187 0.000000 0.000000 1.000000 -17.819178 93.380753 -44.084435 -0.000000 -0.000000 1.000000 3.633691 97.722656 -20.542652 1.000000 0.000000 0.000000 3.897115 116.020599 53.805416 1.000000 0.000000 0.000000 
4.844208 106.940796 56.985687 89.000000 88.000000 90.000000
3.897115 116.020599 53.805416 1.000000 0.000000 0.000000 
4.844208 106.940796 146.485687 89.000000 88.000000 89.000000
4.804753 98.881058 137.412720 1.000000 0.000000 0.000000 24.223698 92.523300 148.815582 0.000000 0.000000 -1.000000 59.950645 84.291031 146.423218 0.000000 0.000000 -1.000000 -16.591797 92.477142 148.778503 -0.000000 -0.000000 -1.000000 -52.515144 84.156075 146.316620 -0.000000 -0.000000 -1.000000 4.428704 118.145279 112.878723 1.000000 0.000000 0.000000 4.884109 82.085114 188.558075 1.000000 0.000000 0.000000 
93.844208 106.940796 146.485687 89.000000 88.000000 89.000000
59.950645 84.291031 146.423218 0.000000 0.000000 -1.000000 86.071434 65.156525 147.125702 0.000000 0.000000 -1.000000 
4
-265.655792 -73.059204 56.985687 88.000000 88.000000 90.000000
-242.453384 -66.841599 78.842018 0.000000 -1.000000 0.000000 -250.514648 -66.757149 28.686424 0.000000 -1.000000 0.000000 
-265.655792 -73.059204 146.485687 88.000000 88.000000 89.000000
-223.305359 -66.934219 121.995758 0.000000 -1.000000 0.000000 
-355.155792 -73.059204 -33.014313 89.000000 88.000000 88.000000
-300.552673 -66.689468 -56.810646 0.000000 -1.000000 0.000000 -350.130371 -66.616608 -81.864090 0.000000 -1.000000 0.000000 
-266.155792 -73.059204 -32.514313 89.000000 88.000000 89.000000
-250.514648 -66.757149 28.686424 0.000000 -1.000000 0.000000 -263.413055 -66.712311 -17.031218 0.000000 -1.000000 0.000000 -300.552673 -66.689468 -56.810646 0.000000 -1.000000 0.000000 
3
-85.655792 16.940796 -212.514313 88.000000 88.000000 89.000000
-98.070259 55.755398 -221.708633 -0.000000 -0.000000 1.000000 -107.943932 20.959198 -221.831589 -0.000000 -0.000000 1.000000 -163.828568 -1.299576 -221.920120 -0.000000 -0.000000 1.000000 -109.705925 -1.301257 -133.220200 -0.000000 -1.000000 -0.000000 
-85.655792 16.940796 -123.014313 88.000000 88.000000 90.000000
-109.705925 -1.301257 -133.220200 -0.000000 -1.000000 -0.000000 
-85.655792 16.940796 -33.514313 88.000000 88.000000 89.000000
-103.816078 49.406128 -45.155937 0.000000 0.000000 -1.000000 -109.966721 17.959455 -44.766479 0.000000 0.000000 -1.000000 -109.705925 -1.301257 -133.220200 -0.000000 -1.000000 -0.000000 -108.983170 -1.349500 53.061832 0.000000 -1.000000 0.000000 
2
94.344208 16.940796 146.985687 88.000000 88.000000 88.000000
86.071434 65.156525 149.125702 -0.000000 -0.000000 1.000000 103.428955 40.283222 149.870316 -0.000000 -0.000000 1.000000 112.886154 13.422027 150.568207 -0.000000 -0.000000 1.000000 115.576157 1.006542 172.679291 0.000000 1.000000 0.000000 123.788361 -12.813272 150.527100 0.000000 0.000000 -1.000000 141.315170 -32.798920 151.849976 0.000000 0.000000 -1.000000 115.943771 0.921745 53.282104 0.000000 1.000000 0.000000 
94.344208 16.940796 146.985687 88.000000 88.000000 88.000000
86.071434 65.156525 149.125702 -0.000000 -0.000000 1.000000 103.428955 40.283222 149.870316 -0.000000 -0.000000 1.000000 112.886154 13.422027 150.568207 -0.000000 -0.000000 1.000000 115.576157 1.006542 172.679291 0.000000 1.000000 0.000000 123.788361 -12.813272 150.527100 -0.000000 -0.000000 1.000000 141.315170 -32.798920 151.849976 -0.000000 -0.000000 1.000000 115.943771 0.921745 53.282104 0.000000 1.000000 0.000000 
2
4.344208 -163.059204 146.985687 88.000000 88.000000 88.000000
35.454060 -133.026611 155.171783 -0.000000 -0.000000 1.000000 -30.736469 -133.101593 155.108612 0.000000 0.000000 1.000000 2.349249 -135.812592 114.100479 -1.000000 -0.000000 -0.000000 1.469434 -136.658356 260.041748 0.000000 1.000000 0.000000 
4.344208 -163.059204 146.985687 88.000000 88.000000 88.000000
35.454060 -133.026611 155.171783 -0.000000 -0.000000 1.000000 -30.736469 -133.101593 155.108612 0.000000 0.000000 1.000000 2.349249 -135.812592 114.100479 1.000000 0.000000 0.000000 1.469434 -136.658356 260.041748 0.000000 1.000000 0.000000 
1
4.344208 -73.059204 -123.014313 88.000000 88.000000 88.000000
2.552653 -107.567596 -140.906815 1.000000 0.000000 0.000000 2.972460 -123.567337 -60.495907 1.000000 0.000000 0.000000 
1
-85.655792 16.940796 -33.014313 88.000000 88.000000 88.000000
-103.816078 49.406128 -43.155937 -0.000000 -0.000000 1.000000 -109.966721 17.959455 -42.766479 -0.000000 -0.000000 1.000000 -109.705925 0.698743 -133.220200 0.000000 1.000000 0.000000 -108.983170 0.650500 53.061832 -0.000000 1.000000 -0.000000 
1
94.344208 16.940796 -213.014313 88.000000 88.000000 88.000000
105.429260 55.998978 -221.513123 0.000000 0.000000 1.000000 115.388702 21.226343 -221.616455 0.000000 0.000000 1.000000 171.324905 -0.899729 -221.597931 0.000000 0.000000 1.000000 117.027542 0.969874 -132.998871 0.000000 1.000000 0.000000 
1
-85.655792 16.940796 146.985687 88.000000 88.000000 88.000000
-78.892303 64.956024 148.965607 0.000000 0.000000 1.000000 -96.491386 40.042496 149.675598 0.000000 0.000000 1.000000 -106.080826 13.157005 150.355988 0.000000 0.000000 1.000000 -108.846245 0.739566 172.463867 -0.000000 1.000000 -0.000000 -116.982239 -13.106524 151.296173 0.000000 0.000000 1.000000 -134.462494 -33.134808 152.584381 0.000000 0.000000 1.000000 -108.983170 0.650500 53.061832 -0.000000 1.000000 -0.000000 
1
94.344208 16.940796 -33.014313 88.000000 88.000000 88.000000
110.443207 49.662376 -44.949692 -0.000000 -0.000000 -1.000000 116.978027 18.231379 -44.546745 -0.000000 -0.000000 -1.000000 117.027542 0.969874 -132.998871 0.000000 1.000000 0.000000 115.943771 0.921745 53.282104 0.000000 1.000000 0.000000 
1
-445.655792 -73.059204 -213.014313 88.000000 88.000000 88.000000
-432.459412 -64.230629 -178.462250 -0.000000 1.000000 -0.000000 -396.865051 -34.320511 -222.004913 -0.000000 -0.000000 1.000000 -428.447388 -54.353546 -221.974457 -0.000000 -0.000000 1.000000 -218.307236 -64.671967 -221.068802 -0.000000 -0.000000 1.000000 
1
94.344208 16.940796 -213.014313 88.000000 88.000000 88.000000
105.429260 55.998978 -221.513123 0.000000 0.000000 1.000000 115.388702 21.226343 -221.616455 0.000000 0.000000 1.000000 171.324905 -0.899729 -221.597931 0.000000 0.000000 1.000000 117.027542 -1.030126 -132.998871 -0.000000 -1.000000 -0.000000 
