29
0.000000 -1.000000 0.000000 1
1.000000 0.000000 0.000000 495
-1.000000 0.000000 0.000000 495
0.000000 0.000000 -1.000000 495
0.000000 0.000000 1.000000 495
0.000000 1.000000 0.000000 495
0.000000 -1.000000 0.000000 495
-1.000000 0.000000 0.000000 1
0.000000 0.000000 -1.000000 25
0.000000 0.000000 -1.000000 25
-1.000000 0.000000 0.000000 495
-1.000000 0.000000 0.000000 105
0.000000 1.000000 0.000000 1
0.000000 -1.000000 0.000000 495
0.000000 0.000000 1.000000 60
0.000000 -1.000000 0.000000 495
0.000000 -1.000000 0.000000 495
0.000000 1.000000 0.000000 1
0.000000 -1.000000 0.000000 495
0.000000 -1.000000 0.000000 16
0.000000 1.000000 0.000000 495
1.000000 0.000000 0.000000 495
0.000000 1.000000 0.000000 495
-1.000000 0.000000 0.000000 1
-1.000000 0.000000 0.000000 1
-1.000000 0.000000 0.000000 495
1.000000 0.000000 0.000000 1
0.000000 1.000000 0.000000 495
0.000000 -1.000000 0.000000 16
21
16
25
20
4
2
18
1
6
11
9
15
13
17
23
10
8
26
5
7
22
0
19
12
28
27
24
14
3
