8
147
6.000000 -68.000000 90.500000 36.000000 36.000000 37.000000
24.773878 -93.335152 95.961494 -0.233087 0.159158 0.959343 
6.000000 -67.500000 128.000000 36.000000 37.000000 38.000000

5.500000 -30.000000 128.500000 37.000000 38.000000 37.000000

-31.500000 -29.500000 128.500000 37.000000 37.000000 37.000000

5.500000 8.000000 128.500000 37.000000 38.000000 37.000000

-31.500000 8.000000 128.500000 37.000000 38.000000 37.000000

-31.500000 45.500000 128.500000 37.000000 37.000000 37.000000

5.500000 46.000000 128.500000 37.000000 38.000000 37.000000

6.000000 -67.500000 166.000000 36.000000 37.000000 38.000000

6.500000 83.500000 128.500000 37.000000 37.000000 37.000000
25.001534 93.506531 145.004791 0.102411 -0.328719 0.938859 -24.997665 93.504532 155.007629 -0.254269 0.261060 -0.931233 
6.500000 83.500000 128.500000 37.000000 37.000000 37.000000
25.001534 93.506531 145.004791 0.102411 -0.328719 0.938859 -24.997665 93.504532 155.007629 0.254269 -0.261060 0.931233 
44.000000 84.500000 128.500000 38.000000 37.000000 37.000000
68.447159 68.193695 135.953537 -0.054634 -0.310914 0.948867 25.001534 93.506531 145.004791 0.102411 -0.328719 0.938859 
82.000000 84.500000 128.500000 38.000000 37.000000 37.000000
68.447159 68.193695 135.953537 -0.054634 -0.310914 0.948867 
6.000000 121.500000 166.500000 38.000000 37.000000 37.000000
25.001534 93.506531 145.004791 0.102411 -0.328719 0.938859 -24.997665 93.504532 155.007629 0.254269 -0.261060 0.931233 
120.000000 84.500000 90.500000 36.000000 37.000000 37.000000

44.500000 122.000000 90.500000 37.000000 36.000000 37.000000

82.000000 122.000000 90.500000 38.000000 36.000000 37.000000

119.500000 121.500000 90.500000 37.000000 37.000000 37.000000

119.500000 84.500000 128.000000 37.000000 37.000000 38.000000

44.500000 121.500000 128.000000 37.000000 37.000000 38.000000

82.000000 121.500000 128.000000 38.000000 37.000000 38.000000

119.500000 121.500000 128.000000 37.000000 37.000000 38.000000

82.000000 84.500000 166.000000 38.000000 37.000000 38.000000

119.500000 84.500000 166.000000 37.000000 37.000000 38.000000

82.000000 84.000000 204.000000 38.000000 38.000000 38.000000

119.500000 84.500000 204.000000 37.000000 37.000000 38.000000

82.000000 84.000000 241.500000 38.000000 38.000000 37.000000

119.500000 84.500000 241.500000 37.000000 37.000000 37.000000

6.000000 121.500000 204.000000 38.000000 37.000000 38.000000

6.000000 121.500000 241.500000 38.000000 37.000000 37.000000

44.000000 84.500000 166.000000 38.000000 37.000000 38.000000
25.001534 93.506531 145.004791 -0.102411 0.328719 -0.938859 
44.000000 121.500000 166.000000 38.000000 37.000000 38.000000

44.000000 121.500000 204.000000 38.000000 37.000000 38.000000

44.000000 121.500000 241.500000 38.000000 37.000000 37.000000

82.000000 121.500000 166.000000 38.000000 37.000000 38.000000

119.500000 121.500000 166.000000 37.000000 37.000000 38.000000

82.000000 121.500000 204.000000 38.000000 37.000000 38.000000

82.000000 121.500000 241.500000 38.000000 37.000000 37.000000

119.500000 121.500000 204.000000 37.000000 37.000000 38.000000

119.500000 121.500000 241.500000 37.000000 37.000000 37.000000

44.000000 84.500000 166.000000 38.000000 37.000000 38.000000
25.001534 93.506531 145.004791 0.102411 -0.328719 0.938859 
5.500000 -30.000000 166.000000 37.000000 38.000000 38.000000

5.500000 8.000000 166.000000 37.000000 38.000000 38.000000

5.500000 46.000000 166.000000 37.000000 38.000000 38.000000

6.000000 84.000000 166.000000 38.000000 38.000000 38.000000
25.001534 93.506531 145.004791 0.102411 -0.328719 0.938859 -24.997665 93.504532 155.007629 0.254269 -0.261060 0.931233 
-32.000000 -29.500000 166.000000 38.000000 37.000000 38.000000

-70.000000 -29.500000 166.500000 38.000000 37.000000 37.000000
-93.497803 -24.998892 185.005341 0.340686 0.268582 0.900998 
-107.500000 -30.000000 166.500000 37.000000 38.000000 37.000000
-93.497803 -24.998892 185.005341 0.340686 0.268582 0.900998 
-32.000000 8.000000 166.000000 38.000000 38.000000 38.000000

-70.000000 8.000000 166.500000 38.000000 38.000000 37.000000
-93.495102 25.003880 175.004822 0.356887 0.093263 0.929480 
-107.500000 8.000000 166.500000 37.000000 38.000000 37.000000
-93.495102 25.003880 175.004822 0.356887 0.093263 0.929480 -93.497803 -24.998892 185.005341 0.340686 0.268582 0.900998 
5.500000 8.000000 204.000000 37.000000 38.000000 38.000000

5.500000 -30.000000 204.000000 37.000000 38.000000 38.000000

-32.000000 8.000000 204.000000 38.000000 38.000000 38.000000

-32.000000 -30.000000 204.000000 38.000000 38.000000 38.000000

-70.000000 -30.000000 204.000000 38.000000 38.000000 38.000000
-93.497803 -24.998892 185.005341 0.340686 0.268582 0.900998 -68.494797 -68.498253 195.004272 -0.259239 -0.485150 -0.835120 
-70.000000 8.000000 204.000000 38.000000 38.000000 38.000000

-70.000000 -30.000000 204.000000 38.000000 38.000000 38.000000
-93.497803 -24.998892 185.005341 0.340686 0.268582 0.900998 -68.494797 -68.498253 195.004272 0.259239 0.485150 0.835120 
-107.500000 8.000000 204.000000 37.000000 38.000000 38.000000
-93.495102 25.003880 175.004822 -0.356887 -0.093263 -0.929480 -93.497803 -24.998892 185.005341 0.340686 0.268582 0.900998 
-107.500000 8.000000 204.000000 37.000000 38.000000 38.000000
-93.495102 25.003880 175.004822 -0.356887 -0.093263 -0.929480 -93.497803 -24.998892 185.005341 -0.340686 -0.268582 -0.900998 
-107.500000 8.000000 204.000000 37.000000 38.000000 38.000000
-93.495102 25.003880 175.004822 0.356887 0.093263 0.929480 -93.497803 -24.998892 185.005341 -0.340686 -0.268582 -0.900998 
-107.500000 8.000000 204.000000 37.000000 38.000000 38.000000
-93.495102 25.003880 175.004822 0.356887 0.093263 0.929480 -93.497803 -24.998892 185.005341 0.340686 0.268582 0.900998 
-107.500000 -30.000000 204.000000 37.000000 38.000000 38.000000
-93.497803 -24.998892 185.005341 0.340686 0.268582 0.900998 
-32.000000 46.000000 166.000000 38.000000 38.000000 38.000000

-32.000000 84.000000 166.500000 38.000000 38.000000 37.000000
-24.997665 93.504532 155.007629 0.254269 -0.261060 0.931233 -68.494751 68.505280 165.005615 -0.346239 0.094296 -0.933395 
-32.000000 84.000000 166.500000 38.000000 38.000000 37.000000
-24.997665 93.504532 155.007629 0.254269 -0.261060 0.931233 -68.494751 68.505280 165.005615 0.346239 -0.094296 0.933395 
-32.000000 121.500000 166.500000 38.000000 37.000000 37.000000
-24.997665 93.504532 155.007629 0.254269 -0.261060 0.931233 
43.500000 -68.500000 204.500000 37.000000 37.000000 37.000000
25.004671 -93.497040 215.007217 -0.281778 0.420078 0.862633 68.502144 -68.492462 225.005219 -0.507007 0.287490 0.812584 
43.500000 -105.500000 204.500000 37.000000 37.000000 37.000000
25.004671 -93.497040 215.007217 -0.281778 0.420078 0.862633 
6.000000 -68.000000 204.000000 38.000000 38.000000 38.000000
25.004671 -93.497040 215.007217 0.281778 -0.420078 -0.862633 
6.000000 -68.000000 204.000000 38.000000 38.000000 38.000000
25.004671 -93.497040 215.007217 -0.281778 0.420078 0.862633 
6.000000 -105.500000 204.500000 38.000000 37.000000 37.000000
-25.037868 -93.002419 205.873993 -0.044572 0.495873 0.867251 25.004671 -93.497040 215.007217 -0.281778 0.420078 0.862633 
-32.000000 -68.000000 204.500000 38.000000 38.000000 37.000000
-68.494797 -68.498253 195.004272 -0.259239 -0.485150 -0.835120 -25.037868 -93.002419 205.873993 -0.044572 0.495873 0.867251 
-32.000000 -68.000000 204.500000 38.000000 38.000000 37.000000
-68.494797 -68.498253 195.004272 0.259239 0.485150 0.835120 -25.037868 -93.002419 205.873993 -0.044572 0.495873 0.867251 
-32.000000 -105.500000 204.500000 38.000000 37.000000 37.000000
-25.037868 -93.002419 205.873993 -0.044572 0.495873 0.867251 
-70.000000 46.000000 166.500000 38.000000 38.000000 37.000000
-68.494751 68.505280 165.005615 0.346239 -0.094296 0.933395 -93.495102 25.003880 175.004822 -0.356887 -0.093263 -0.929480 
-70.000000 46.000000 166.500000 38.000000 38.000000 37.000000
-68.494751 68.505280 165.005615 0.346239 -0.094296 0.933395 -93.495102 25.003880 175.004822 0.356887 0.093263 0.929480 
-107.500000 46.000000 166.500000 37.000000 38.000000 37.000000
-93.495102 25.003880 175.004822 0.356887 0.093263 0.929480 
-70.000000 -68.000000 204.500000 38.000000 38.000000 37.000000
-68.494797 -68.498253 195.004272 0.259239 0.485150 0.835120 
-70.000000 84.000000 166.500000 38.000000 38.000000 37.000000
-68.494751 68.505280 165.005615 0.346239 -0.094296 0.933395 
81.500000 8.000000 242.000000 37.000000 38.000000 36.000000

81.500000 -30.000000 242.000000 37.000000 38.000000 36.000000
68.502144 -68.492462 225.005219 0.507007 -0.287490 -0.812584 
81.500000 -30.000000 242.000000 37.000000 38.000000 36.000000
68.502144 -68.492462 225.005219 -0.507007 0.287490 0.812584 
81.500000 -67.500000 242.000000 37.000000 37.000000 36.000000
68.502144 -68.492462 225.005219 -0.507007 0.287490 0.812584 
44.000000 8.000000 242.000000 38.000000 38.000000 36.000000

44.000000 -30.000000 242.000000 38.000000 38.000000 36.000000

44.000000 -68.000000 241.500000 38.000000 38.000000 37.000000
25.004671 -93.497040 215.007217 -0.281778 0.420078 0.862633 68.502144 -68.492462 225.005219 -0.507007 0.287490 0.812584 
43.500000 -105.500000 241.500000 37.000000 37.000000 37.000000
25.004671 -93.497040 215.007217 -0.281778 0.420078 0.862633 
6.000000 8.000000 241.500000 38.000000 38.000000 37.000000

-32.000000 8.000000 241.500000 38.000000 38.000000 37.000000

-70.000000 8.000000 241.500000 38.000000 38.000000 37.000000

-107.500000 8.000000 241.500000 37.000000 38.000000 37.000000

6.000000 -30.000000 241.500000 38.000000 38.000000 37.000000

-32.000000 -30.000000 241.500000 38.000000 38.000000 37.000000

-70.000000 -30.000000 241.500000 38.000000 38.000000 37.000000

-107.500000 -30.000000 241.500000 37.000000 38.000000 37.000000

-70.500000 -106.000000 166.500000 37.000000 36.000000 37.000000

-108.000000 -68.000000 166.500000 36.000000 38.000000 37.000000

-107.500000 -105.500000 166.500000 37.000000 37.000000 37.000000

-70.000000 -105.500000 204.000000 38.000000 37.000000 38.000000

-107.500000 -68.000000 204.000000 37.000000 38.000000 38.000000

-107.500000 -105.500000 204.000000 37.000000 37.000000 38.000000

6.000000 -68.000000 241.500000 38.000000 38.000000 37.000000

6.000000 -105.500000 241.500000 38.000000 37.000000 37.000000

-32.000000 -68.000000 241.500000 38.000000 38.000000 37.000000

-32.000000 -105.500000 241.500000 38.000000 37.000000 37.000000

-70.000000 -68.000000 241.500000 38.000000 38.000000 37.000000

-70.000000 -105.500000 241.500000 38.000000 37.000000 37.000000

-107.500000 -105.500000 241.500000 37.000000 37.000000 37.000000

-107.500000 -68.000000 241.500000 37.000000 38.000000 37.000000

81.500000 46.500000 204.500000 37.000000 37.000000 37.000000

81.500000 46.000000 241.500000 37.000000 38.000000 37.000000

44.000000 84.000000 204.000000 38.000000 38.000000 38.000000

44.000000 84.000000 241.500000 38.000000 38.000000 37.000000

44.000000 46.500000 204.500000 38.000000 37.000000 37.000000

44.000000 46.000000 241.500000 38.000000 38.000000 37.000000

6.000000 84.000000 204.000000 38.000000 38.000000 38.000000

6.000000 84.000000 241.500000 38.000000 38.000000 37.000000

6.000000 46.000000 204.000000 38.000000 38.000000 38.000000

6.000000 46.000000 241.500000 38.000000 38.000000 37.000000

-70.500000 122.000000 90.500000 37.000000 36.000000 37.000000

-108.000000 84.500000 90.500000 36.000000 37.000000 37.000000

-107.500000 121.500000 90.500000 37.000000 37.000000 37.000000

-70.500000 122.000000 128.000000 37.000000 36.000000 38.000000

-108.000000 84.500000 128.000000 36.000000 37.000000 38.000000

-107.500000 121.500000 128.000000 37.000000 37.000000 38.000000

-70.000000 121.500000 166.000000 38.000000 37.000000 38.000000

-107.500000 84.000000 166.000000 37.000000 38.000000 38.000000

-107.500000 121.500000 166.000000 37.000000 37.000000 38.000000

-32.000000 46.000000 204.000000 38.000000 38.000000 38.000000

-32.000000 84.000000 204.000000 38.000000 38.000000 38.000000

-32.000000 121.500000 204.000000 38.000000 37.000000 38.000000

-32.000000 46.000000 241.500000 38.000000 38.000000 37.000000

-32.000000 84.000000 241.500000 38.000000 38.000000 37.000000

-32.000000 121.500000 241.500000 38.000000 37.000000 37.000000

-70.000000 46.000000 204.000000 38.000000 38.000000 38.000000

-70.000000 46.000000 241.500000 38.000000 38.000000 37.000000

-107.500000 46.000000 204.000000 37.000000 38.000000 38.000000

-107.500000 46.000000 241.500000 37.000000 38.000000 37.000000

-70.000000 84.000000 204.000000 38.000000 38.000000 38.000000

-70.000000 84.000000 241.500000 38.000000 38.000000 37.000000

-107.500000 84.000000 204.000000 37.000000 38.000000 38.000000

-107.500000 84.000000 241.500000 37.000000 38.000000 37.000000

-70.000000 121.500000 204.000000 38.000000 37.000000 38.000000

-70.000000 121.500000 241.500000 38.000000 37.000000 37.000000

-107.500000 121.500000 204.000000 37.000000 37.000000 38.000000

-107.500000 121.500000 241.500000 37.000000 37.000000 37.000000

102
6.000000 46.000000 51.500000 38.000000 38.000000 37.000000

5.500000 8.500000 51.500000 37.000000 37.000000 37.000000

-32.000000 8.500000 51.500000 38.000000 37.000000 37.000000

-107.500000 8.500000 51.500000 37.000000 37.000000 37.000000
-93.493073 25.003874 55.006130 0.351101 0.095334 0.931472 -93.492661 -24.993530 65.008446 -0.268440 -0.255452 -0.928808 
-107.500000 8.500000 51.500000 37.000000 37.000000 37.000000
-93.493073 25.003874 55.006130 -0.351101 -0.095334 -0.931472 -93.492661 -24.993530 65.008446 0.268440 0.255452 0.928808 
-107.500000 8.500000 51.500000 37.000000 37.000000 37.000000
-93.493073 25.003874 55.006130 -0.351101 -0.095334 -0.931472 -93.492661 -24.993530 65.008446 -0.268440 -0.255452 -0.928808 
-70.000000 8.500000 51.500000 38.000000 37.000000 37.000000
-93.493073 25.003874 55.006130 -0.351101 -0.095334 -0.931472 
-32.000000 46.000000 51.500000 38.000000 38.000000 37.000000

-107.500000 46.000000 51.500000 37.000000 38.000000 37.000000
-93.493073 25.003874 55.006130 -0.351101 -0.095334 -0.931472 
-70.000000 46.000000 51.500000 38.000000 38.000000 37.000000
-68.494461 68.502876 45.002380 0.337452 -0.084042 0.937584 -93.493073 25.003874 55.006130 -0.351101 -0.095334 -0.931472 
-70.000000 46.000000 51.500000 38.000000 38.000000 37.000000
-68.494461 68.502876 45.002380 -0.337452 0.084042 -0.937584 -93.493073 25.003874 55.006130 0.351101 0.095334 0.931472 
-70.000000 46.000000 51.500000 38.000000 38.000000 37.000000
-68.494461 68.502876 45.002380 -0.337452 0.084042 -0.937584 -93.493073 25.003874 55.006130 -0.351101 -0.095334 -0.931472 
-32.000000 84.000000 51.500000 38.000000 38.000000 37.000000
-24.992712 93.504669 35.003155 0.259804 -0.291429 0.920636 -68.494461 68.502876 45.002380 -0.337452 0.084042 -0.937584 
-32.000000 84.000000 51.500000 38.000000 38.000000 37.000000
-24.992712 93.504669 35.003155 -0.259804 0.291429 -0.920636 -68.494461 68.502876 45.002380 0.337452 -0.084042 0.937584 
-32.000000 84.000000 51.500000 38.000000 38.000000 37.000000
-24.992712 93.504669 35.003155 -0.259804 0.291429 -0.920636 -68.494461 68.502876 45.002380 -0.337452 0.084042 -0.937584 
-70.000000 84.000000 51.500000 38.000000 38.000000 37.000000
-68.494461 68.502876 45.002380 -0.337452 0.084042 -0.937584 
6.000000 84.000000 14.000000 38.000000 38.000000 38.000000
25.005688 93.507080 25.005335 -0.123172 0.262346 -0.957081 -24.992712 93.504669 35.003155 0.259804 -0.291429 0.920636 
6.000000 121.500000 14.000000 38.000000 37.000000 38.000000
25.005688 93.507080 25.005335 -0.123172 0.262346 -0.957081 -24.992712 93.504669 35.003155 0.259804 -0.291429 0.920636 
5.500000 84.000000 51.500000 37.000000 38.000000 37.000000
25.005688 93.507080 25.005335 0.123172 -0.262346 0.957081 -24.992712 93.504669 35.003155 -0.259804 0.291429 -0.920636 
6.000000 121.500000 51.500000 38.000000 37.000000 37.000000
25.005688 93.507080 25.005335 0.123172 -0.262346 0.957081 -24.992712 93.504669 35.003155 -0.259804 0.291429 -0.920636 
6.000000 121.500000 51.500000 38.000000 37.000000 37.000000
25.005688 93.507080 25.005335 -0.123172 0.262346 -0.957081 -24.992712 93.504669 35.003155 0.259804 -0.291429 0.920636 
6.000000 121.500000 51.500000 38.000000 37.000000 37.000000
25.005688 93.507080 25.005335 -0.123172 0.262346 -0.957081 -24.992712 93.504669 35.003155 -0.259804 0.291429 -0.920636 
6.000000 8.500000 14.000000 38.000000 37.000000 38.000000

6.000000 46.000000 14.000000 38.000000 38.000000 38.000000

6.000000 121.500000 14.000000 38.000000 37.000000 38.000000
25.005688 93.507080 25.005335 0.123172 -0.262346 0.957081 -24.992712 93.504669 35.003155 -0.259804 0.291429 -0.920636 
6.000000 121.500000 14.000000 38.000000 37.000000 38.000000
25.005688 93.507080 25.005335 -0.123172 0.262346 -0.957081 -24.992712 93.504669 35.003155 -0.259804 0.291429 -0.920636 
6.000000 84.000000 14.000000 38.000000 38.000000 38.000000
25.005688 93.507080 25.005335 0.123172 -0.262346 0.957081 -24.992712 93.504669 35.003155 -0.259804 0.291429 -0.920636 
6.000000 84.000000 14.000000 38.000000 38.000000 38.000000
25.005688 93.507080 25.005335 -0.123172 0.262346 -0.957081 -24.992712 93.504669 35.003155 -0.259804 0.291429 -0.920636 
-32.000000 121.500000 51.500000 38.000000 37.000000 37.000000
-24.992712 93.504669 35.003155 0.259804 -0.291429 0.920636 
-32.000000 121.500000 51.500000 38.000000 37.000000 37.000000
-24.992712 93.504669 35.003155 -0.259804 0.291429 -0.920636 
-32.000000 121.500000 14.000000 38.000000 37.000000 38.000000
-24.992712 93.504669 35.003155 -0.259804 0.291429 -0.920636 
-32.000000 8.500000 14.000000 38.000000 37.000000 38.000000

-32.000000 46.000000 14.000000 38.000000 38.000000 38.000000

-32.000000 84.000000 14.000000 38.000000 38.000000 38.000000
-24.992712 93.504669 35.003155 0.259804 -0.291429 0.920636 
-32.000000 84.000000 14.000000 38.000000 38.000000 38.000000
-24.992712 93.504669 35.003155 -0.259804 0.291429 -0.920636 
6.000000 8.500000 -23.500000 38.000000 37.000000 37.000000

-32.000000 8.500000 -23.500000 38.000000 37.000000 37.000000

-70.000000 8.500000 14.000000 38.000000 37.000000 38.000000

-70.000000 8.500000 -23.500000 38.000000 37.000000 37.000000

-107.500000 8.500000 14.000000 37.000000 37.000000 38.000000

-107.500000 8.500000 -23.500000 37.000000 37.000000 37.000000

6.000000 46.000000 -23.500000 38.000000 38.000000 37.000000

-32.000000 46.000000 -23.500000 38.000000 38.000000 37.000000

-70.000000 46.000000 14.000000 38.000000 38.000000 38.000000

-70.000000 46.000000 -23.500000 38.000000 38.000000 37.000000

-107.500000 46.000000 14.000000 37.000000 38.000000 38.000000

-107.500000 46.000000 -23.500000 37.000000 38.000000 37.000000

6.000000 84.000000 -23.500000 38.000000 38.000000 37.000000

6.000000 121.500000 -23.500000 38.000000 37.000000 37.000000

-32.000000 84.000000 -23.500000 38.000000 38.000000 37.000000

-32.000000 121.500000 -23.500000 38.000000 37.000000 37.000000

-70.000000 121.500000 51.500000 38.000000 37.000000 37.000000

-70.000000 84.000000 14.000000 38.000000 38.000000 38.000000

-70.000000 121.500000 14.000000 38.000000 37.000000 38.000000

-70.000000 84.000000 -23.500000 38.000000 38.000000 37.000000

-70.000000 121.500000 -23.500000 38.000000 37.000000 37.000000

-107.500000 84.000000 51.500000 37.000000 38.000000 37.000000

-107.500000 84.000000 14.000000 37.000000 38.000000 38.000000

-107.500000 84.000000 -23.500000 37.000000 38.000000 37.000000

-107.500000 121.500000 51.500000 37.000000 37.000000 37.000000

-107.500000 121.500000 -23.500000 37.000000 37.000000 37.000000

-107.500000 121.500000 14.000000 37.000000 37.000000 38.000000

43.500000 46.000000 51.500000 37.000000 36.000000 37.000000

119.500000 -29.500000 13.500000 37.000000 37.000000 37.000000

82.000000 -29.500000 13.500000 38.000000 37.000000 37.000000

44.500000 -29.500000 13.500000 37.000000 37.000000 37.000000

44.000000 8.000000 13.500000 38.000000 38.000000 37.000000

44.000000 46.000000 14.000000 38.000000 38.000000 38.000000

44.000000 84.000000 13.500000 38.000000 38.000000 37.000000
68.505356 68.505249 15.003342 0.054706 -0.209403 0.976298 25.005688 93.507080 25.005335 -0.123172 0.262346 -0.957081 
44.000000 84.000000 13.500000 38.000000 38.000000 37.000000
68.505356 68.505249 15.003342 -0.054706 0.209403 -0.976298 25.005688 93.507080 25.005335 0.123172 -0.262346 0.957081 
44.000000 84.000000 13.500000 38.000000 38.000000 37.000000
68.505356 68.505249 15.003342 -0.054706 0.209403 -0.976298 25.005688 93.507080 25.005335 -0.123172 0.262346 -0.957081 
82.000000 8.000000 13.500000 38.000000 38.000000 37.000000
93.508820 25.001501 5.001637 -0.062341 0.180124 -0.981666 
82.000000 46.000000 13.500000 38.000000 38.000000 37.000000
93.508820 25.001501 5.001637 -0.062341 0.180124 -0.981666 68.505356 68.505249 15.003342 0.054706 -0.209403 0.976298 
82.000000 46.000000 13.500000 38.000000 38.000000 37.000000
93.508820 25.001501 5.001637 0.062341 -0.180124 0.981666 68.505356 68.505249 15.003342 -0.054706 0.209403 -0.976298 
82.000000 46.000000 13.500000 38.000000 38.000000 37.000000
93.508820 25.001501 5.001637 -0.062341 0.180124 -0.981666 68.505356 68.505249 15.003342 -0.054706 0.209403 -0.976298 
82.000000 84.000000 13.500000 38.000000 38.000000 37.000000
68.505356 68.505249 15.003342 -0.054706 0.209403 -0.976298 
119.500000 8.000000 13.500000 37.000000 38.000000 37.000000
93.508820 25.001501 5.001637 -0.062341 0.180124 -0.981666 
120.000000 46.500000 51.500000 36.000000 37.000000 37.000000

120.000000 84.000000 51.500000 36.000000 38.000000 37.000000

44.000000 122.000000 51.500000 38.000000 36.000000 37.000000

82.000000 122.000000 51.500000 38.000000 36.000000 37.000000

119.500000 121.500000 51.500000 37.000000 37.000000 37.000000

44.000000 121.500000 14.000000 38.000000 37.000000 38.000000

44.500000 -29.500000 -23.500000 37.000000 37.000000 37.000000

44.000000 8.000000 -23.500000 38.000000 38.000000 37.000000

44.000000 46.000000 -23.500000 38.000000 38.000000 37.000000

44.000000 84.000000 -23.500000 38.000000 38.000000 37.000000

44.000000 121.500000 -23.500000 38.000000 37.000000 37.000000

82.000000 -29.500000 -23.500000 38.000000 37.000000 37.000000

119.500000 -29.500000 -23.500000 37.000000 37.000000 37.000000

82.000000 8.000000 -23.500000 38.000000 38.000000 37.000000

119.500000 8.000000 -23.500000 37.000000 38.000000 37.000000

119.500000 46.000000 14.000000 37.000000 38.000000 38.000000

119.500000 84.000000 14.000000 37.000000 38.000000 38.000000

82.000000 121.500000 14.000000 38.000000 37.000000 38.000000

119.500000 121.500000 14.000000 37.000000 37.000000 38.000000

82.000000 46.000000 -23.500000 38.000000 38.000000 37.000000

82.000000 84.000000 -23.500000 38.000000 38.000000 37.000000

82.000000 121.500000 -23.500000 38.000000 37.000000 37.000000

119.500000 46.000000 -23.500000 37.000000 38.000000 37.000000

119.500000 84.000000 -23.500000 37.000000 38.000000 37.000000

119.500000 121.500000 -23.500000 37.000000 37.000000 37.000000

49
82.000000 -29.500000 89.500000 38.000000 37.000000 37.000000
68.243217 -68.493332 105.968330 -0.262696 0.001573 0.964877 93.503426 -24.993481 115.007591 -0.223577 -0.135021 0.965289 
82.000000 -29.500000 89.500000 38.000000 37.000000 37.000000
68.243217 -68.493332 105.968330 -0.262696 0.001573 0.964877 93.503426 -24.993481 115.007591 0.223577 0.135021 -0.965289 
44.500000 -29.500000 89.500000 37.000000 37.000000 37.000000

120.000000 8.500000 127.500000 36.000000 37.000000 37.000000
93.503426 -24.993481 115.007591 -0.223577 -0.135021 0.965289 93.700142 25.244656 124.056839 0.198032 0.241410 -0.950002 
120.000000 8.500000 127.500000 36.000000 37.000000 37.000000
93.503426 -24.993481 115.007591 0.223577 0.135021 -0.965289 93.700142 25.244656 124.056839 0.198032 0.241410 -0.950002 
-70.000000 -67.500000 128.000000 36.000000 37.000000 36.000000

-70.500000 -29.500000 90.500000 37.000000 37.000000 37.000000
-93.224220 -24.738079 65.937256 0.268440 0.255452 0.928808 -68.440712 -68.181694 75.953217 0.053813 0.310066 0.949191 
-107.500000 -29.500000 90.500000 37.000000 37.000000 37.000000
-93.224220 -24.738079 65.937256 0.268440 0.255452 0.928808 
44.000000 83.500000 89.500000 38.000000 37.000000 37.000000

81.500000 83.500000 89.500000 37.000000 37.000000 37.000000

-32.000000 8.500000 90.000000 38.000000 37.000000 36.000000

-107.500000 8.000000 90.500000 37.000000 38.000000 37.000000

-70.000000 8.000000 90.500000 38.000000 38.000000 37.000000

-32.000000 46.000000 90.000000 38.000000 38.000000 36.000000

-107.500000 45.500000 90.500000 37.000000 37.000000 37.000000

-70.000000 46.000000 90.500000 38.000000 38.000000 37.000000

-107.500000 -29.500000 127.500000 37.000000 37.000000 37.000000

-70.500000 -30.000000 127.500000 37.000000 38.000000 37.000000

-107.500000 8.000000 127.500000 37.000000 38.000000 37.000000

-70.500000 8.000000 127.500000 37.000000 38.000000 37.000000

-107.500000 45.500000 127.500000 37.000000 37.000000 37.000000

-70.500000 46.000000 127.500000 37.000000 38.000000 37.000000

-32.500000 84.500000 127.500000 37.000000 37.000000 37.000000

-32.000000 84.000000 90.500000 38.000000 38.000000 37.000000

-31.500000 121.500000 90.500000 37.000000 37.000000 37.000000

-32.000000 121.500000 127.500000 36.000000 37.000000 37.000000

6.000000 8.500000 90.000000 38.000000 37.000000 36.000000

6.000000 46.000000 90.000000 38.000000 38.000000 36.000000

6.000000 84.000000 90.000000 38.000000 38.000000 36.000000

5.500000 121.500000 90.000000 37.000000 37.000000 36.000000

-69.500000 83.500000 90.500000 37.000000 37.000000 37.000000

-69.500000 83.500000 127.500000 37.000000 37.000000 37.000000

44.000000 46.000000 90.000000 38.000000 38.000000 36.000000

82.000000 46.000000 89.500000 38.000000 38.000000 37.000000

119.500000 45.500000 90.500000 37.000000 37.000000 37.000000

120.000000 45.500000 127.500000 36.000000 37.000000 37.000000

44.500000 -29.500000 52.500000 37.000000 37.000000 37.000000

82.000000 -29.500000 52.500000 38.000000 37.000000 37.000000

119.500000 -29.500000 52.500000 37.000000 37.000000 37.000000

119.500000 -29.500000 89.500000 37.000000 37.000000 37.000000

44.500000 7.500000 52.500000 37.000000 37.000000 37.000000

44.000000 8.000000 89.500000 38.000000 38.000000 37.000000

82.000000 8.000000 89.500000 38.000000 38.000000 37.000000

82.000000 8.000000 52.500000 38.000000 38.000000 37.000000

119.500000 7.500000 52.500000 37.000000 37.000000 37.000000

119.500000 8.000000 90.000000 37.000000 38.000000 38.000000

44.500000 84.000000 52.500000 37.000000 36.000000 37.000000

82.000000 46.000000 52.500000 36.000000 38.000000 37.000000

81.500000 83.500000 52.500000 37.000000 37.000000 37.000000

122
82.000000 -30.000000 127.500000 38.000000 38.000000 37.000000
68.505913 -68.494904 105.003456 -0.262696 0.001573 0.964877 93.503426 -24.993481 115.007591 0.223577 0.135021 -0.965289 
119.500000 -30.000000 128.000000 37.000000 38.000000 36.000000
93.503426 -24.993481 115.007591 0.223577 0.135021 -0.965289 
-31.500000 -30.500000 89.500000 37.000000 37.000000 37.000000

5.500000 -30.500000 89.500000 37.000000 37.000000 37.000000

6.000000 -105.500000 89.500000 38.000000 37.000000 37.000000
-24.993639 -93.490768 85.002609 0.125243 -0.256023 -0.958523 25.006966 -93.494308 95.002151 -0.233087 0.159158 0.959343 
6.000000 -105.500000 89.500000 38.000000 37.000000 37.000000
-24.993639 -93.490768 85.002609 -0.125243 0.256023 0.958523 25.006966 -93.494308 95.002151 0.233087 -0.159158 -0.959343 
6.000000 -105.500000 89.500000 38.000000 37.000000 37.000000
-24.993639 -93.490768 85.002609 0.125243 -0.256023 -0.958523 25.006966 -93.494308 95.002151 0.233087 -0.159158 -0.959343 
6.000000 -68.000000 89.500000 38.000000 38.000000 37.000000
25.006966 -93.494308 95.002151 0.233087 -0.159158 -0.959343 
-32.000000 -105.500000 89.500000 38.000000 37.000000 37.000000
-24.993639 -93.490768 85.002609 0.125243 -0.256023 -0.958523 
-32.000000 -68.000000 89.500000 38.000000 38.000000 37.000000
-68.494522 -68.491760 75.004028 0.053813 0.310066 0.949191 -24.993639 -93.490768 85.002609 0.125243 -0.256023 -0.958523 
-32.000000 -68.000000 89.500000 38.000000 38.000000 37.000000
-68.494522 -68.491760 75.004028 -0.053813 -0.310066 -0.949191 -24.993639 -93.490768 85.002609 0.125243 -0.256023 -0.958523 
-70.000000 -68.500000 89.500000 38.000000 37.000000 37.000000
-68.494522 -68.491760 75.004028 -0.053813 -0.310066 -0.949191 
-70.000000 -30.500000 51.500000 38.000000 37.000000 37.000000
-93.761101 -25.248981 64.079636 -0.268440 -0.255452 -0.928808 
-70.000000 -68.000000 52.000000 38.000000 38.000000 38.000000
-68.494522 -68.491760 75.004028 -0.053813 -0.310066 -0.949191 
-70.000000 -68.000000 52.000000 38.000000 38.000000 38.000000
-68.494522 -68.491760 75.004028 0.053813 0.310066 0.949191 
5.500000 -30.500000 52.000000 37.000000 37.000000 38.000000

-32.000000 -30.500000 52.000000 38.000000 37.000000 38.000000

6.000000 -68.000000 52.000000 38.000000 38.000000 38.000000

-32.000000 -68.000000 52.000000 38.000000 38.000000 38.000000

-108.000000 -30.500000 89.500000 36.000000 37.000000 37.000000
-93.761101 -25.248981 64.079636 -0.268440 -0.255452 -0.928808 
-107.500000 -30.500000 52.000000 37.000000 37.000000 38.000000
-93.761101 -25.248981 64.079636 -0.268440 -0.255452 -0.928808 
5.500000 -30.500000 14.000000 37.000000 37.000000 38.000000

5.500000 -30.500000 -23.500000 37.000000 37.000000 37.000000

-32.000000 -30.500000 14.000000 38.000000 37.000000 38.000000

-32.000000 -30.500000 -23.500000 38.000000 37.000000 37.000000

-70.000000 -30.500000 14.000000 38.000000 37.000000 38.000000

-70.000000 -30.500000 -23.500000 38.000000 37.000000 37.000000

-107.500000 -30.500000 14.000000 37.000000 37.000000 38.000000

-107.500000 -30.500000 -23.500000 37.000000 37.000000 37.000000

6.000000 -68.000000 14.000000 38.000000 38.000000 38.000000

6.000000 -68.000000 -23.500000 38.000000 38.000000 37.000000

-32.000000 -68.000000 14.000000 38.000000 38.000000 38.000000

-32.000000 -68.000000 -23.500000 38.000000 38.000000 37.000000

-70.000000 -68.000000 14.000000 38.000000 38.000000 38.000000

-70.000000 -68.000000 -23.500000 38.000000 38.000000 37.000000

-108.000000 -68.500000 127.500000 36.000000 37.000000 37.000000

-107.500000 -68.000000 90.000000 37.000000 38.000000 38.000000

-107.500000 -68.000000 52.000000 37.000000 38.000000 38.000000

-107.500000 -68.000000 14.000000 37.000000 38.000000 38.000000

-107.500000 -68.000000 -23.500000 37.000000 38.000000 37.000000

-70.500000 -106.000000 127.500000 37.000000 36.000000 37.000000

-107.500000 -105.500000 127.500000 37.000000 37.000000 37.000000

-70.000000 -105.500000 90.000000 38.000000 37.000000 38.000000

-107.500000 -105.500000 90.000000 37.000000 37.000000 38.000000

6.000000 -105.500000 52.000000 38.000000 37.000000 38.000000

6.000000 -105.500000 14.000000 38.000000 37.000000 38.000000

6.000000 -105.500000 -23.500000 38.000000 37.000000 37.000000

-32.000000 -105.500000 52.000000 38.000000 37.000000 38.000000

-32.000000 -105.500000 14.000000 38.000000 37.000000 38.000000

-32.000000 -105.500000 -23.500000 38.000000 37.000000 37.000000

-70.000000 -105.500000 52.000000 38.000000 37.000000 38.000000

-70.000000 -105.500000 14.000000 38.000000 37.000000 38.000000

-70.000000 -105.500000 -23.500000 38.000000 37.000000 37.000000

-107.500000 -105.500000 52.000000 37.000000 37.000000 38.000000

-107.500000 -105.500000 -23.500000 37.000000 37.000000 37.000000

-107.500000 -105.500000 14.000000 37.000000 37.000000 38.000000

82.000000 -30.000000 127.500000 38.000000 38.000000 37.000000
68.505913 -68.494904 105.003456 0.262696 -0.001573 -0.964877 93.503426 -24.993481 115.007591 -0.223577 -0.135021 0.965289 
44.000000 -68.500000 89.500000 38.000000 37.000000 37.000000
25.006966 -93.494308 95.002151 -0.233087 0.159158 0.959343 68.505913 -68.494904 105.003456 0.262696 -0.001573 -0.964877 
82.500000 -68.000000 127.500000 37.000000 38.000000 37.000000
68.505913 -68.494904 105.003456 0.262696 -0.001573 -0.964877 
82.000000 -68.000000 90.000000 38.000000 38.000000 38.000000
68.505913 -68.494904 105.003456 0.262696 -0.001573 -0.964877 
44.000000 -68.500000 89.500000 38.000000 37.000000 37.000000
25.006966 -93.494308 95.002151 0.233087 -0.159158 -0.959343 68.505913 -68.494904 105.003456 0.262696 -0.001573 -0.964877 
44.000000 -68.500000 89.500000 38.000000 37.000000 37.000000
25.006966 -93.494308 95.002151 0.233087 -0.159158 -0.959343 68.505913 -68.494904 105.003456 -0.262696 0.001573 0.964877 
44.000000 -105.500000 89.500000 38.000000 37.000000 37.000000
25.006966 -93.494308 95.002151 0.233087 -0.159158 -0.959343 
119.500000 -68.000000 127.500000 37.000000 38.000000 37.000000

119.500000 -68.500000 90.000000 37.000000 37.000000 38.000000

44.000000 -68.500000 52.000000 38.000000 37.000000 38.000000

82.000000 -68.500000 52.000000 38.000000 37.000000 38.000000

119.500000 -68.500000 52.000000 37.000000 37.000000 38.000000

44.000000 -68.500000 14.000000 38.000000 37.000000 38.000000

82.000000 -68.500000 14.000000 38.000000 37.000000 38.000000

119.500000 -68.500000 14.000000 37.000000 37.000000 38.000000

44.000000 -68.500000 -23.500000 38.000000 37.000000 37.000000

82.000000 -68.500000 -23.500000 38.000000 37.000000 37.000000

119.500000 -68.500000 -23.500000 37.000000 37.000000 37.000000

82.500000 -105.500000 127.500000 37.000000 37.000000 37.000000

119.500000 -105.500000 127.500000 37.000000 37.000000 37.000000

44.000000 -105.500000 52.000000 38.000000 37.000000 38.000000

44.000000 -105.500000 14.000000 38.000000 37.000000 38.000000

44.000000 -105.500000 -23.500000 38.000000 37.000000 37.000000

82.000000 -105.500000 90.000000 38.000000 37.000000 38.000000

119.500000 -105.500000 90.000000 37.000000 37.000000 38.000000

82.000000 -105.500000 52.000000 38.000000 37.000000 38.000000

82.000000 -105.500000 14.000000 38.000000 37.000000 38.000000

82.000000 -105.500000 -23.500000 38.000000 37.000000 37.000000

119.500000 -105.500000 52.000000 37.000000 37.000000 38.000000

119.500000 -105.500000 -23.500000 37.000000 37.000000 37.000000

119.500000 -105.500000 14.000000 37.000000 37.000000 38.000000

82.000000 -30.500000 90.500000 36.000000 37.000000 37.000000
68.505913 -68.494904 105.003456 0.262696 -0.001573 -0.964877 93.503426 -24.993481 115.007591 0.223577 0.135021 -0.965289 
82.000000 -30.000000 127.500000 38.000000 38.000000 37.000000
68.505913 -68.494904 105.003456 0.262696 -0.001573 -0.964877 93.503426 -24.993481 115.007591 0.223577 0.135021 -0.965289 
44.500000 46.000000 128.000000 37.000000 38.000000 36.000000

44.500000 -29.500000 128.000000 37.000000 37.000000 36.000000

44.500000 8.000000 128.000000 37.000000 38.000000 36.000000

44.000000 83.500000 128.000000 38.000000 37.000000 36.000000
68.501793 68.504608 135.004669 -0.054634 -0.310914 0.948867 25.001534 93.506531 145.004791 -0.102411 0.328719 -0.938859 
44.000000 83.500000 128.000000 38.000000 37.000000 36.000000
68.501793 68.504608 135.004669 0.054634 0.310914 -0.948867 25.001534 93.506531 145.004791 -0.102411 0.328719 -0.938859 
44.000000 83.500000 128.000000 38.000000 37.000000 36.000000
68.501793 68.504608 135.004669 0.054634 0.310914 -0.948867 25.001534 93.506531 145.004791 0.102411 -0.328719 0.938859 
81.500000 83.500000 128.000000 37.000000 37.000000 36.000000
68.501793 68.504608 135.004669 0.054634 0.310914 -0.948867 
81.500000 46.000000 128.000000 37.000000 38.000000 36.000000
93.502106 25.003246 125.006844 -0.198032 -0.241410 0.950002 68.501793 68.504608 135.004669 0.054634 0.310914 -0.948867 
81.500000 46.000000 128.000000 37.000000 38.000000 36.000000
93.502106 25.003246 125.006844 0.198032 0.241410 -0.950002 68.501793 68.504608 135.004669 0.054634 0.310914 -0.948867 
81.500000 46.000000 128.000000 37.000000 38.000000 36.000000
93.502106 25.003246 125.006844 0.198032 0.241410 -0.950002 68.501793 68.504608 135.004669 -0.054634 -0.310914 0.948867 
119.500000 7.500000 128.000000 37.000000 37.000000 36.000000
93.503426 -24.993481 115.007591 0.223577 0.135021 -0.965289 93.502106 25.003246 125.006844 -0.198032 -0.241410 0.950002 
82.000000 8.000000 128.000000 38.000000 38.000000 36.000000
93.503426 -24.993481 115.007591 -0.223577 -0.135021 0.965289 93.502106 25.003246 125.006844 0.198032 0.241410 -0.950002 
82.000000 8.000000 128.000000 38.000000 38.000000 36.000000
93.503426 -24.993481 115.007591 0.223577 0.135021 -0.965289 93.502106 25.003246 125.006844 0.198032 0.241410 -0.950002 
82.000000 8.000000 128.000000 38.000000 38.000000 36.000000
93.503426 -24.993481 115.007591 0.223577 0.135021 -0.965289 93.502106 25.003246 125.006844 -0.198032 -0.241410 0.950002 
-107.500000 45.500000 166.000000 37.000000 37.000000 36.000000
-93.495102 25.003880 175.004822 -0.356887 -0.093263 -0.929480 
-107.500000 8.500000 166.000000 37.000000 37.000000 36.000000
-93.495102 25.003880 175.004822 -0.356887 -0.093263 -0.929480 -93.497803 -24.998892 185.005341 -0.340686 -0.268582 -0.900998 
-107.500000 8.500000 166.000000 37.000000 37.000000 36.000000
-93.495102 25.003880 175.004822 -0.356887 -0.093263 -0.929480 -93.497803 -24.998892 185.005341 0.340686 0.268582 0.900998 
5.500000 121.500000 165.500000 37.000000 37.000000 37.000000
25.001534 93.506531 145.004791 -0.102411 0.328719 -0.938859 -24.997665 93.504532 155.007629 0.254269 -0.261060 0.931233 
-31.500000 121.500000 166.000000 37.000000 37.000000 36.000000
-24.997665 93.504532 155.007629 -0.254269 0.261060 -0.931233 
5.500000 121.500000 165.500000 37.000000 37.000000 37.000000
25.001534 93.506531 145.004791 0.102411 -0.328719 0.938859 -24.997665 93.504532 155.007629 -0.254269 0.261060 -0.931233 
6.000000 121.500000 128.500000 36.000000 37.000000 37.000000
25.001534 93.506531 145.004791 -0.102411 0.328719 -0.938859 
5.500000 121.500000 165.500000 37.000000 37.000000 37.000000
25.001534 93.506531 145.004791 -0.102411 0.328719 -0.938859 -24.997665 93.504532 155.007629 -0.254269 0.261060 -0.931233 
-70.500000 8.500000 166.000000 37.000000 37.000000 36.000000
-93.495102 25.003880 175.004822 -0.356887 -0.093263 -0.929480 
-70.500000 46.000000 166.000000 37.000000 38.000000 36.000000
-68.494751 68.505280 165.005615 -0.346239 0.094296 -0.933395 -93.495102 25.003880 175.004822 -0.356887 -0.093263 -0.929480 
-70.500000 46.000000 166.000000 37.000000 38.000000 36.000000
-68.494751 68.505280 165.005615 -0.346239 0.094296 -0.933395 -93.495102 25.003880 175.004822 0.356887 0.093263 0.929480 
-69.500000 83.500000 166.000000 37.000000 37.000000 36.000000
-68.494751 68.505280 165.005615 -0.346239 0.094296 -0.933395 
-32.000000 84.500000 166.000000 38.000000 37.000000 36.000000
-24.997665 93.504532 155.007629 -0.254269 0.261060 -0.931233 -68.494751 68.505280 165.005615 -0.346239 0.094296 -0.933395 
-32.000000 84.500000 166.000000 38.000000 37.000000 36.000000
-24.997665 93.504532 155.007629 -0.254269 0.261060 -0.931233 -68.494751 68.505280 165.005615 0.346239 -0.094296 0.933395 
5.500000 84.500000 165.500000 37.000000 37.000000 37.000000
25.001534 93.506531 145.004791 0.102411 -0.328719 0.938859 -24.997665 93.504532 155.007629 -0.254269 0.261060 -0.931233 
5.500000 84.500000 165.500000 37.000000 37.000000 37.000000
25.001534 93.506531 145.004791 -0.102411 0.328719 -0.938859 -24.997665 93.504532 155.007629 -0.254269 0.261060 -0.931233 
5.500000 84.500000 165.500000 37.000000 37.000000 37.000000
25.001534 93.506531 145.004791 -0.102411 0.328719 -0.938859 -24.997665 93.504532 155.007629 0.254269 -0.261060 0.931233 
6.500000 84.500000 128.500000 37.000000 37.000000 37.000000
25.001534 93.506531 145.004791 -0.102411 0.328719 -0.938859 -24.997665 93.504532 155.007629 -0.254269 0.261060 -0.931233 
6.500000 84.500000 128.500000 37.000000 37.000000 37.000000
25.001534 93.506531 145.004791 -0.102411 0.328719 -0.938859 -24.997665 93.504532 155.007629 0.254269 -0.261060 0.931233 
42
6.500000 -106.000000 204.000000 37.000000 36.000000 36.000000
-25.037868 -93.002419 205.873993 -0.044572 0.495873 0.867251 25.004671 -93.497040 215.007217 0.281778 -0.420078 -0.862633 
44.500000 45.500000 166.000000 37.000000 37.000000 36.000000

44.500000 7.500000 203.500000 37.000000 37.000000 37.000000

44.500000 8.000000 166.500000 37.000000 38.000000 37.000000

44.500000 -30.000000 203.500000 37.000000 38.000000 37.000000

44.500000 -30.000000 166.500000 37.000000 38.000000 37.000000

44.500000 -68.000000 166.500000 37.000000 38.000000 37.000000

44.500000 -105.500000 166.500000 37.000000 37.000000 37.000000

44.000000 -105.500000 204.000000 38.000000 37.000000 38.000000
25.004671 -93.497040 215.007217 0.281778 -0.420078 -0.862633 
44.500000 -68.000000 204.000000 37.000000 38.000000 38.000000
25.004671 -93.497040 215.007217 0.281778 -0.420078 -0.862633 68.502144 -68.492462 225.005219 -0.507007 0.287490 0.812584 
44.500000 -68.000000 204.000000 37.000000 38.000000 38.000000
25.004671 -93.497040 215.007217 -0.281778 0.420078 0.862633 68.502144 -68.492462 225.005219 0.507007 -0.287490 -0.812584 
44.500000 -68.000000 204.000000 37.000000 38.000000 38.000000
25.004671 -93.497040 215.007217 0.281778 -0.420078 -0.862633 68.502144 -68.492462 225.005219 0.507007 -0.287490 -0.812584 
82.000000 7.500000 203.500000 38.000000 37.000000 37.000000

82.000000 -30.000000 203.500000 38.000000 38.000000 37.000000

82.000000 -68.000000 204.000000 38.000000 38.000000 38.000000
68.502144 -68.492462 225.005219 -0.507007 0.287490 0.812584 
82.000000 -68.500000 241.500000 38.000000 37.000000 37.000000
68.502144 -68.492462 225.005219 0.507007 -0.287490 -0.812584 
82.000000 -68.000000 204.000000 38.000000 38.000000 38.000000
68.502144 -68.492462 225.005219 0.507007 -0.287490 -0.812584 
44.500000 -68.500000 241.500000 37.000000 37.000000 37.000000
25.004671 -93.497040 215.007217 -0.281778 0.420078 0.862633 68.502144 -68.492462 225.005219 0.507007 -0.287490 -0.812584 
44.500000 -68.500000 241.500000 37.000000 37.000000 37.000000
25.004671 -93.497040 215.007217 0.281778 -0.420078 -0.862633 68.502144 -68.492462 225.005219 0.507007 -0.287490 -0.812584 
44.500000 -105.500000 241.500000 37.000000 37.000000 37.000000
25.004671 -93.497040 215.007217 0.281778 -0.420078 -0.862633 
82.000000 45.500000 166.000000 38.000000 37.000000 36.000000

82.000000 8.000000 166.500000 38.000000 38.000000 37.000000

82.000000 -30.000000 166.500000 38.000000 38.000000 37.000000

82.000000 -68.000000 166.500000 38.000000 38.000000 37.000000

119.500000 45.500000 166.500000 37.000000 37.000000 37.000000

120.000000 45.500000 204.000000 36.000000 37.000000 38.000000

120.000000 45.500000 241.500000 36.000000 37.000000 37.000000

82.000000 -105.500000 166.500000 38.000000 37.000000 37.000000

82.000000 -105.500000 204.000000 38.000000 37.000000 38.000000

82.000000 -105.500000 241.500000 38.000000 37.000000 37.000000

119.500000 8.000000 166.500000 37.000000 38.000000 37.000000

119.500000 8.000000 204.000000 37.000000 38.000000 38.000000

120.000000 8.000000 241.500000 36.000000 38.000000 37.000000

119.500000 -30.000000 166.500000 37.000000 38.000000 37.000000

119.500000 -68.000000 166.500000 37.000000 38.000000 37.000000

119.500000 -105.500000 166.500000 37.000000 37.000000 37.000000

119.500000 -30.000000 204.000000 37.000000 38.000000 38.000000

120.000000 -30.000000 241.500000 36.000000 38.000000 37.000000

119.500000 -68.000000 204.000000 37.000000 38.000000 38.000000

119.500000 -68.000000 241.500000 37.000000 38.000000 37.000000

119.500000 -105.500000 204.000000 37.000000 37.000000 38.000000

119.500000 -105.500000 241.500000 37.000000 37.000000 37.000000

20
43.500000 -106.000000 128.000000 37.000000 36.000000 36.000000

-32.000000 -68.500000 128.500000 36.000000 37.000000 37.000000

-31.500000 -105.500000 128.500000 37.000000 37.000000 37.000000

6.000000 -106.000000 128.500000 38.000000 36.000000 37.000000

5.500000 -106.000000 203.500000 37.000000 36.000000 37.000000
-24.948727 -93.994164 204.139496 0.044572 -0.495873 -0.867251 25.004671 -93.497040 215.007217 0.281778 -0.420078 -0.862633 
5.500000 -106.000000 203.500000 37.000000 36.000000 37.000000
-24.948727 -93.994164 204.139496 0.044572 -0.495873 -0.867251 25.004671 -93.497040 215.007217 -0.281778 0.420078 0.862633 
-32.500000 -68.500000 203.500000 37.000000 37.000000 37.000000
-68.494797 -68.498253 195.004272 0.259239 0.485150 0.835120 -24.948727 -93.994164 204.139496 0.044572 -0.495873 -0.867251 
-31.500000 -105.500000 203.500000 37.000000 37.000000 37.000000
-24.948727 -93.994164 204.139496 0.044572 -0.495873 -0.867251 
-32.500000 -68.500000 203.500000 37.000000 37.000000 37.000000
-68.494797 -68.498253 195.004272 -0.259239 -0.485150 -0.835120 -24.948727 -93.994164 204.139496 0.044572 -0.495873 -0.867251 
-32.500000 -68.500000 166.000000 37.000000 37.000000 38.000000

-31.500000 -105.500000 166.000000 37.000000 37.000000 38.000000

5.500000 -106.000000 166.000000 37.000000 36.000000 38.000000

-107.500000 -29.500000 166.500000 37.000000 37.000000 37.000000
-93.838486 -25.267475 184.104340 -0.340686 -0.268582 -0.900998 
-108.000000 7.500000 166.000000 36.000000 37.000000 36.000000
-93.138214 25.097143 175.934296 0.356887 0.093263 0.929480 -93.838486 -25.267475 184.104340 -0.340686 -0.268582 -0.900998 
-70.500000 -30.500000 166.500000 37.000000 37.000000 37.000000
-93.838486 -25.267475 184.104340 -0.340686 -0.268582 -0.900998 
-69.500000 -67.500000 166.500000 37.000000 37.000000 37.000000

-107.500000 -30.000000 203.500000 37.000000 36.000000 37.000000
-93.838486 -25.267475 184.104340 -0.340686 -0.268582 -0.900998 
-70.500000 -30.500000 203.500000 37.000000 37.000000 37.000000
-93.838486 -25.267475 184.104340 -0.340686 -0.268582 -0.900998 -68.494797 -68.498253 195.004272 0.259239 0.485150 0.835120 
-69.500000 -67.500000 203.500000 37.000000 37.000000 37.000000
-68.494797 -68.498253 195.004272 -0.259239 -0.485150 -0.835120 
-70.500000 -30.500000 203.500000 37.000000 37.000000 37.000000
-93.838486 -25.267475 184.104340 -0.340686 -0.268582 -0.900998 -68.494797 -68.498253 195.004272 -0.259239 -0.485150 -0.835120 
17
82.500000 8.500000 14.000000 37.000000 37.000000 36.000000
93.571159 24.821377 5.983303 0.062341 -0.180124 0.981666 
119.500000 8.000000 14.000000 37.000000 36.000000 36.000000
93.571159 24.821377 5.983303 0.062341 -0.180124 0.981666 
82.000000 46.000000 14.000000 36.000000 38.000000 36.000000
93.571159 24.821377 5.983303 0.062341 -0.180124 0.981666 68.560059 68.295845 15.979639 0.054706 -0.209403 0.976298 
44.000000 84.000000 14.000000 38.000000 36.000000 36.000000
68.560059 68.295845 15.979639 0.054706 -0.209403 0.976298 25.128860 93.244736 25.962416 0.123172 -0.262346 0.957081 
81.500000 83.500000 14.000000 37.000000 37.000000 36.000000
68.560059 68.295845 15.979639 0.054706 -0.209403 0.976298 
-70.500000 8.000000 52.000000 37.000000 38.000000 36.000000
-93.141968 25.099209 55.937603 0.351101 0.095334 0.931472 
-70.500000 -29.500000 52.000000 37.000000 37.000000 36.000000
-93.224220 -24.738079 65.937256 0.268440 0.255452 0.928808 
-107.500000 8.000000 52.000000 37.000000 38.000000 36.000000
-93.141968 25.099209 55.937603 0.351101 0.095334 0.931472 -93.224220 -24.738079 65.937256 0.268440 0.255452 0.928808 
-107.500000 -29.500000 52.000000 37.000000 37.000000 36.000000
-93.224220 -24.738079 65.937256 0.268440 0.255452 0.928808 
-69.500000 83.500000 52.000000 37.000000 37.000000 36.000000
-68.157013 68.418831 45.939964 0.337452 -0.084042 0.937584 
-107.500000 45.500000 52.000000 37.000000 37.000000 36.000000
-93.141968 25.099209 55.937603 0.351101 0.095334 0.931472 
-70.500000 46.000000 52.000000 37.000000 38.000000 36.000000
-68.157013 68.418831 45.939964 0.337452 -0.084042 0.937584 -93.141968 25.099209 55.937603 0.351101 0.095334 0.931472 
6.500000 84.500000 14.500000 37.000000 37.000000 37.000000
25.128860 93.244736 25.962416 0.123172 -0.262346 0.957081 -24.732908 93.213242 35.923790 0.259804 -0.291429 0.920636 
6.000000 121.500000 14.500000 36.000000 37.000000 37.000000
25.128860 93.244736 25.962416 0.123172 -0.262346 0.957081 -24.732908 93.213242 35.923790 0.259804 -0.291429 0.920636 
-32.000000 84.000000 52.000000 38.000000 36.000000 36.000000
-24.732908 93.213242 35.923790 0.259804 -0.291429 0.920636 -68.157013 68.418831 45.939964 0.337452 -0.084042 0.937584 
5.500000 84.500000 51.500000 37.000000 37.000000 37.000000
25.128860 93.244736 25.962416 0.123172 -0.262346 0.957081 -24.732908 93.213242 35.923790 0.259804 -0.291429 0.920636 
6.000000 121.500000 51.500000 36.000000 37.000000 37.000000
25.128860 93.244736 25.962416 0.123172 -0.262346 0.957081 -24.732908 93.213242 35.923790 0.259804 -0.291429 0.920636 
14
81.500000 -68.000000 90.500000 37.000000 36.000000 37.000000
68.243217 -68.493332 105.968330 -0.262696 0.001573 0.964877 
81.500000 -67.500000 127.500000 37.000000 37.000000 37.000000
68.243217 -68.493332 105.968330 -0.262696 0.001573 0.964877 
44.500000 -68.500000 90.500000 37.000000 37.000000 37.000000
24.773878 -93.335152 95.961494 -0.233087 0.159158 0.959343 68.243217 -68.493332 105.968330 -0.262696 0.001573 0.964877 
44.500000 -68.000000 127.500000 37.000000 36.000000 37.000000
68.243217 -68.493332 105.968330 -0.262696 0.001573 0.964877 
82.500000 -30.000000 128.000000 37.000000 38.000000 36.000000
68.243217 -68.493332 105.968330 -0.262696 0.001573 0.964877 93.279846 -25.128502 115.972878 -0.223577 -0.135021 0.965289 
119.500000 -29.500000 128.000000 37.000000 37.000000 36.000000
93.279846 -25.128502 115.972878 -0.223577 -0.135021 0.965289 
82.000000 45.500000 128.000000 36.000000 37.000000 36.000000
93.304070 24.761837 125.956848 -0.198032 -0.241410 0.950002 68.447159 68.193695 135.953537 -0.054634 -0.310914 0.948867 
82.500000 8.000000 128.000000 37.000000 38.000000 36.000000
93.279846 -25.128502 115.972878 -0.223577 -0.135021 0.965289 93.304070 24.761837 125.956848 -0.198032 -0.241410 0.950002 
119.500000 7.500000 128.000000 37.000000 37.000000 36.000000
93.279846 -25.128502 115.972878 -0.223577 -0.135021 0.965289 93.304070 24.761837 125.956848 -0.198032 -0.241410 0.950002 
-69.500000 -68.000000 90.000000 37.000000 36.000000 36.000000
-68.440712 -68.181694 75.953217 0.053813 0.310066 0.949191 
43.500000 -105.500000 90.000000 37.000000 37.000000 36.000000
24.773878 -93.335152 95.961494 -0.233087 0.159158 0.959343 
6.000000 -106.000000 90.000000 38.000000 36.000000 36.000000
-25.118881 -93.234749 85.961136 -0.125243 0.256023 0.958523 24.773878 -93.335152 95.961494 -0.233087 0.159158 0.959343 
-31.500000 -105.500000 90.000000 37.000000 37.000000 36.000000
-25.118881 -93.234749 85.961136 -0.125243 0.256023 0.958523 
-32.500000 -68.500000 90.000000 37.000000 37.000000 36.000000
-68.440712 -68.181694 75.953217 0.053813 0.310066 0.949191 -25.118881 -93.234749 85.961136 -0.125243 0.256023 0.958523 
