35.330402
39.490631
40.825909
38.818924
29.052097
39.506142
49.375572
48.298004
38.060722
9.442899
4.415259
5.628766
9.377354
15.451611
23.556171
-122.587036
48.666077
52.076557
49.997005
47.953323
46.822800
76.281227
82.262093
42.402096
61.347961
36.533215
88.620178
15.247498
28.913475
37.995499
26.316833
40.725021
62.511894
44.386921
88.871468
13.158307
3.126123
87.124382
88.351013
2.955587
36.050335
41.897015
-132.941635
-118.856644
45.865681
31.997660
-113.861832
6.858983
24.923450
39.502037
38.381802
48.607914
49.235664
45.975010
30.404369
37.546898
44.996281
50.739574
51.365170
45.195072
41.311966
24.754374
-113.297554
24.516224
25.368649
30.269999
18.021269
83.056778
63.074043
42.383118
-157.771545
36.094418
-115.583969
25.056471
24.660929
49.417843
-133.993118
-135.587723
52.564960
46.723385
-114.720078
24.463524
23.790300
23.609266
25.644691
25.351002
25.333824
25.320978
25.307449
25.288420
25.235373
25.197311
25.183069
25.183462
25.201283
49.686886
52.513508
7.101582
39.435776
-128.446869
35.034492
8.497891
15.999171
20.551502
42.437798
-114.907021
26.217094
27.824572
31.185547
-122.371254
25.265921
25.333687
25.378323
25.418198
25.469595
25.579372
25.652290
25.677742
25.671026
25.623133
84.558281
-130.586884
-96.141991
25.991865
29.286602
24.412830
42.427116
47.586384
49.121986
49.274704
40.587902
-133.712509
50.731384
51.905327
46.793140
-115.959671
12.210073
6.764687
19.332712
35.284298
34.621323
44.786850
47.817314
45.405338
-113.114967
50.462139
48.904129
45.607815
44.426708
47.082123
83.572128
52.882664
47.761002
46.862698
49.443550
-124.894829
-136.208267
60.675575
-152.485794
-124.526848
36.483791
43.867199
-130.831360
51.130760
45.864281
-130.003250
-123.648392
44.680801
60.115337
28.385128
31.409151
19.779028
6.087436
27.538939
49.259274
37.423428
23.016878
6.123687
18.163931
-118.352890
32.896324
-113.875038
-113.266220
-113.635620
70.144722
-115.961479
-119.878220
-119.158020
-113.342995
-113.702217
-112.990105
-109.901993
57.535042
60.346703
71.226509
28.456623
-115.610130
-115.736626
-115.551514
-115.017342
-132.480713
46.061665
38.624557
32.664219
29.755484
32.252804
-113.429596
55.004677
46.066402
34.132538
34.914845
-127.871796
-131.021866
76.136574
-124.536888
46.337688
51.771236
50.471020
79.324821
-128.580765
-129.203461
-158.242798
-119.339867
-117.469421
-114.255135
73.501274
-131.106476
46.473461
-142.690353
-117.176460
-115.677452
-119.159004
-158.997726
-114.208122
-133.524948
-128.130264
38.215485
34.104755
30.268940
26.779968
5.925693
38.016365
45.969574
47.808907
49.304211
-115.164993
-149.667236
89.100281
-157.109344
-130.127106
-123.214127
29.572021
24.027153
13.407190
73.004951
-119.650391
32.259712
37.426613
44.880825
49.298447
71.087547
-126.698044
-121.312546
-118.021927
-116.551537
-123.955078
-123.986717
-124.030716
-124.095711
34.208805
34.189472
34.158375
34.113388
34.046700
-123.937920
-116.285759
-115.878914
-115.331909
-114.559441
-113.396477
35.195004
18.824106
6.826076
-90.439560
26.440699
-114.198921
23.518406
-112.729286
-113.688232
34.932949
46.440380
51.796917
51.024986
47.890156
-129.825516
-115.063499
28.847553
-121.806877
-111.959572
-134.028946
31.493988
-91.472954
14.547501
-108.904549
-111.669411
