0.8158308 0.03148589 -0.5774329 
0.7717286 0.1249792 -0.6235505 
0.7566996 0.1648977 -0.6326252 
0.7791309 0.1146887 -0.6162804 
0.8741785 -0.0427546 -0.483719 
0.7715564 0.1194139 -0.6248528 
0.6510979 0.616159 -0.4431926 
0.6652564 0.7056038 -0.2440436 
0.7873578 0.06111249 -0.6134598 
0.9864496 -0.08389544 -0.140992 
0.9970323 -0.04871168 -0.05961411 
0.9951783 -0.0573336 -0.07958057 
0.9866365 -0.08010437 -0.1418857 
0.9638557 -0.1005662 -0.2467156 
0.9166687 -0.09013256 -0.3893517 
0.1422989 0.8304712 -0.5385802 
0.2819784 0.6604463 -0.6959158 
0.5108711 0.614608 -0.6010556 
0.6428276 0.6283224 -0.4381593 
0.6904805 0.6697357 -0.273296 
-0.03073283 0.684257 -0.7285931 
0.201458 0.2371565 -0.9503533 
0.590081 0.1346417 -0.7960377 
0.7384307 0.2725506 -0.6167952 
0.737537 0.4794891 -0.4755304 
-0.1234404 0.8035118 -0.5823497 
0.02408021 0.9848138 -0.1719358 
0.2577741 0.9647988 0.05211265 
0.478069 0.8753507 0.07218825 
0.6154215 0.788059 -0.01481112 
0.1351479 0.8963561 -0.422233 
0.5337352 0.7578494 -0.3752212 
0.7289622 0.4615644 -0.5055416 
0.7146324 0.2120312 -0.6665908 
0.5176997 0.01969542 -0.8553357 
0.9737448 -0.08931538 -0.2093893 
0.9985119 -0.0332391 -0.04323573 
0.9983622 0.0274946 0.05016786 
0.9982135 0.02877632 0.05236113 
0.9986697 -0.03259614 -0.03995252 
0.02543201 0.8085003 -0.587946 
0.1142308 0.7443463 -0.6579513 
0.3334562 0.6516911 -0.681253 
0.6159399 0.6226526 -0.4826197 
0.6963428 0.6808175 -0.2271437 
-0.005579925 0.8480697 -0.5298553 
-0.03951041 0.9136698 -0.4045324 
0.04162707 0.992843 -0.1119371 
0.4089763 0.9068716 0.1015991 
0.6357145 0.771602 -0.02230423 
0.7838907 0.09126135 -0.6141554 
0.6612082 0.510857 -0.5493895 
0.6529492 0.5844976 -0.4816843 
0.694972 0.342928 -0.6319923 
0.8624751 -0.03945476 -0.5045593 
0.03870451 0.7928548 -0.6081803 
0.1767938 0.7071526 -0.6846014 
0.3984162 0.6328462 -0.6639052 
0.627591 0.6243545 -0.4650924 
0.6895462 0.7046952 -0.1671248 
0.7511263 0.5233091 -0.4024386 
0.9081112 0.1717517 -0.3818841 
0.9184127 0.009640328 -0.3955063 
0.9098437 -0.06411983 -0.4099671 
0.9035699 -0.09073547 -0.4187225 
-0.01246445 0.8636596 -0.5039214 
-0.02931087 0.9509416 -0.3079785 
0.1208857 0.9922792 -0.02772417 
0.4528387 0.8871666 0.08872756 
0.6680272 0.738654 -0.09016577 
0.1912558 -0.3263932 -0.9256829 
0.8080473 -0.3076754 -0.5023896 
0.8882024 -0.1568959 -0.4318334 
0.9058908 -0.08585107 -0.4147185 
0.9087929 -0.06302903 -0.4124595 
0.6780952 0.6505377 -0.3420345 
0.3547058 0.6259022 -0.694572 
0.1830329 0.6754568 -0.7143228 
0.5500112 0.6078616 -0.572706 
0.6855212 0.7066445 -0.1752546 
0.9055482 -0.07143935 -0.4181853 
0.910225 -0.04424499 -0.4117436 
0.915028 0.0002933451 -0.4033903 
0.916298 0.07242748 -0.3938937 
0.9014952 0.1951258 -0.386306 
0.9037018 -0.07910411 -0.4207917 
0.9038301 -0.07732504 -0.4208468 
0.903926 -0.07614449 -0.4208561 
0.904027 -0.07504744 -0.4208362 
0.9041688 -0.07360727 -0.4207858 
0.904564 -0.07035842 -0.4204923 
0.904847 -0.06815846 -0.4202456 
0.9049528 -0.06738251 -0.420143 
0.9049498 -0.0675372 -0.4201244 
0.9048175 -0.06884761 -0.4201967 
0.6331068 0.6469643 -0.4249859 
0.6831135 0.6085744 -0.4037242 
0.9923285 -0.08517355 -0.08960837 
0.7723371 -0.3233344 -0.5467635 
0.7550918 -0.2078826 -0.6217887 
0.5737871 0.8188066 0.01800592 
0.1202528 0.9890213 -0.08588426 
0.02531095 0.9612657 -0.2744588 
0.3474733 0.936357 0.04997919 
0.6663904 0.7380103 -0.1061347 
0.9030907 -0.08403835 -0.421147 
0.8971266 -0.1114457 -0.4274853 
0.8843809 -0.155256 -0.4401886 
0.8554949 -0.2237906 -0.4669544 
0.7772699 -0.3304468 -0.535403 
0.9043366 -0.07585696 -0.420025 
0.9038311 -0.07732953 -0.4208439 
0.9034975 -0.07833481 -0.4213738 
0.903199 -0.07926458 -0.4218397 
0.9028136 -0.08051401 -0.4224277 
0.901988 -0.08346551 -0.4236167 
0.9014378 -0.08547966 -0.4243855 
0.9012454 -0.08620021 -0.4246483 
0.9012961 -0.08609587 -0.4245619 
0.9016579 -0.08492415 -0.4240293 
-0.2554802 0.0948332 -0.962152 
-0.6506003 0.7247771 -0.2267542 
0.9935874 -0.03655798 -0.1069927 
0.8988563 0.1961897 -0.3918762 
0.8721837 0.1790676 -0.4552257 
0.9105911 -0.08095012 -0.4053035 
0.7381361 0.2107842 -0.6408784 
0.6744778 0.442538 -0.5909652 
0.6544507 0.5740603 -0.4920864 
0.652433 0.6731074 -0.3482205 
0.09032511 0.7594087 -0.6443135 
0.2535547 0.676885 -0.6910403 
0.404444 0.6329569 -0.6601443 
0.558966 0.6169627 -0.5539982 
0.6846343 0.6535217 -0.3227773 
-0.03560217 0.8983972 -0.4377385 
-0.007050477 0.9773787 -0.2113793 
0.1141667 0.9930383 -0.02899832 
0.3192833 0.943612 0.08748972 
0.5765758 0.8162959 0.03494705 
0.822925 0.5271181 0.211993 
0.7041078 0.7097325 -0.02262939 
0.6714966 0.7212805 -0.1698428 
0.6580471 0.7020867 -0.2721183 
0.6510783 0.6495999 -0.3925773 
0.402572 0.636588 -0.6577929 
0.6894162 0.6573209 -0.3043591 
0.6933278 0.6995658 -0.1729282 
0.6866452 0.7141464 -0.1360632 
0.6972675 0.6809494 -0.2238884 
0.1119523 0.993539 -0.01862593 
0.6034493 0.7971786 0.01884899 
0.6722246 0.7349215 -0.08946729 
0.683749 0.7190059 -0.1245705 
0.6501969 0.7586652 -0.04088111 
0.8079607 0.141185 -0.5720719 
0.6907724 0.04185209 -0.72186 
0.4897541 0.07551336 -0.8685843 
0.4607774 -0.03315455 -0.8868963 
0.8085496 -0.1580948 -0.5667924 
0.04648598 0.8040251 -0.5927755 
0.1707418 0.720948 -0.671626 
0.4085713 0.6368433 -0.6538349 
0.6372685 0.6275452 -0.4472985 
0.6963603 0.6910779 -0.1936328 
0.7656059 0.02481824 -0.642831 
0.7854459 0.275778 -0.5540949 
0.7110351 0.5288915 -0.4633603 
0.735477 0.4982556 -0.4591458 
0.879772 0.09979601 -0.4648031 
-0.02503913 0.8534676 -0.5205442 
-0.05015093 0.9410046 -0.3346569 
0.1040534 0.9943611 -0.02046526 
0.45061 0.8866968 0.1035345 
0.6526371 0.7563789 -0.04422401 
0.6076822 0.7941661 -0.004732362 
0.381005 0.9203897 0.08785234 
0.08800869 0.9942938 -0.06028501 
-0.03709899 0.9501685 -0.3095214 
-0.03386301 0.8793876 -0.4749007 
0.1876452 0.8396547 -0.5096756 
0.7526345 0.5193498 -0.4047432 
0.9122967 0.1081052 -0.395004 
0.9149565 0.04603192 -0.4009186 
0.8556556 0.3396455 -0.3905054 
0.5537961 0.7082867 -0.4377668 
0.2355792 0.8344704 -0.4981582 
0.2835844 0.8259519 -0.4872199 
0.8134979 0.4256986 -0.3962345 
0.9149644 0.03534917 -0.4019833 
0.9204261 0.01640883 -0.3905722 
0.886273 0.3140696 -0.3404123 
0.750243 0.5367837 -0.3860034 
0.7764279 0.4947505 -0.3903609 
0.8562064 0.3218277 -0.4041506 
0.879178 0.2133209 -0.4260752 
0.8889716 0.1513064 -0.4322453 
0.8965715 0.08717472 -0.434235 
0.9019315 0.02192126 -0.4313224 
0.9051436 -0.04332452 -0.4228925 
0.3594182 0.6439967 -0.675342 
0.6938838 0.6694133 -0.265351 
0.6241415 0.781253 -0.009546252 
0.5357191 0.841848 0.06555182 
0.4888082 0.8681512 0.08590633 
0.8457018 0.3654349 -0.3889036 
0.7849954 0.475057 -0.3976218 
0.7088527 0.5735096 -0.4106271 
0.5734468 0.6938242 -0.4356222 
0.2469045 0.8277418 -0.5038667 
0.01639637 0.8200036 -0.5721234 
0.05378517 0.787552 -0.6138966 
0.1152949 0.7455977 -0.6563469 
0.2396083 0.684584 -0.6884276 
0.5444171 0.6182176 -0.5669366 
0.6904067 0.6684791 -0.2765398 
0.6010476 0.6188028 -0.5057913 
0.3835799 0.6364684 -0.6691595 
0.185241 0.7076933 -0.6818035 
0.07032893 0.7785598 -0.6236172 
-0.1584138 0.7585413 -0.6320761 
0.2019365 -0.3108393 -0.928763 
0.8345125 -0.2519915 -0.4899891 
0.8654143 -0.1956621 -0.461275 
0.6096465 -0.4108004 -0.677919 
-0.2943383 0.2839939 -0.9125307 
-0.1975916 0.72712 -0.6574604 
-0.2332033 0.6886905 -0.6865288 
0.4491048 -0.4070492 -0.7953715 
0.8699678 -0.1858804 -0.4567325 
0.883409 -0.1784259 -0.4333044 
0.7163256 -0.4994795 -0.4872349 
0.01337477 -0.3581555 -0.9335662 
0.2529621 -0.4100524 -0.8762803 
0.6251844 -0.3672569 -0.6886703 
0.736555 -0.2761168 -0.6174514 
0.7856897 -0.2340025 -0.5726557 
0.8280138 -0.191936 -0.5268337 
0.8636689 -0.1488786 -0.4815716 
0.8927434 -0.1043904 -0.4383057 
0.06873864 0.9946566 -0.07702742 
0.6158864 0.7878349 -0.0002890257 
0.6950403 0.6736163 -0.2513166 
0.6716054 0.6416762 -0.3704023 
0.6520427 0.6319864 -0.4188479 
0.5702073 -0.4252264 -0.7028841 
0.3260087 -0.3857004 -0.8631069 
0.01570237 -0.1896413 -0.9817278 
-0.2988366 0.2489923 -0.9212489 
-0.2139956 0.7340601 -0.6444855 
0.001013213 0.8366287 -0.5477694 
-0.02412485 0.869736 -0.4929273 
-0.04203103 0.9133526 -0.4049943 
-0.01874958 0.9727468 -0.2311107 
0.292289 0.9523789 0.08684132 
0.8689476 0.01398741 -0.4947064 
0.8456374 0.01756434 -0.5334688 
0.7941324 0.09206903 -0.6007304 
0.708576 0.307276 -0.6352178 
0.6521189 0.668506 -0.357548 
0.7000872 0.324123 -0.6362563 
0.7997742 0.05690468 -0.5975978 
0.8538276 -0.02973035 -0.5197062 
0.8807486 -0.05967392 -0.4698094 
0.8920491 -0.06661175 -0.4470025 
0.01276883 0.8293774 -0.5585427 
0.01160513 0.8290861 -0.5590006 
0.0112146 0.8286617 -0.5596373 
0.01127803 0.8280255 -0.560577 
0.01181749 0.8269942 -0.5620863 
0.004101425 0.8271837 -0.5619166 
0.005248811 0.8274887 -0.5614579 
0.00563486 0.8279293 -0.5608041 
0.005580495 0.8285815 -0.5598406 
0.005065659 0.8296275 -0.5582943 
0.8943459 -0.06348818 -0.4428483 
0.8974227 -0.06423224 -0.4364707 
0.9013743 -0.06677532 -0.4278613 
0.9067355 -0.07124962 -0.415637 
0.9144536 -0.07805807 -0.3970914 
0.5748662 0.8171952 0.04148493 
0.3097325 0.9465135 0.09043202 
0.1173546 0.9929115 -0.01883474 
-0.007671736 0.9801497 -0.1981103 
-0.04131176 0.8953956 -0.4433508 
0.9111031 -0.04322514 -0.4099059 
0.9169319 0.04918164 -0.3960014 
0.8974904 0.2126577 -0.3863775 
0.765635 0.5023866 -0.4017598 
0.3035078 0.8198227 -0.4855654 
0.689109 0.6578596 -0.3038908 
0.5762257 0.6184507 -0.5343059 
0.4351419 0.6289814 -0.6442313 
0.2788054 0.6705541 -0.6874771 
0.09411461 0.76221 -0.6404517 
0.8998533 -0.1039624 -0.4236224 
0.8759065 -0.1798732 -0.447698 
0.7874548 -0.31957 -0.5270577 
0.3122271 -0.3739523 -0.8733121 
-0.2538509 0.6726847 -0.6950216 
0.852695 0.4700814 0.2278919 
0.9993824 -0.02395883 -0.02570506 
0.9679396 -0.09408551 -0.2328964 
0.9412196 -0.09557444 -0.3239925 
0.9251523 -0.08801706 -0.3692507 
