60 90
-33.834133 -25.481892 25.027847
-32.391777 -8.003339 35.866890
2.189871 32.176731 -36.112740
19.258690 36.206127 -25.273668
29.717079 -13.128690 35.866901
41.157608 0.163960 25.027838
-42.166973 -1.115599 -25.273674
-38.054691 -18.535511 -25.273674
-21.877316 -25.308460 -36.112740
-17.517420 27.524469 35.866909
-34.586239 23.495071 25.027838
37.936764 28.386223 7.489871
42.822937 20.344347 -7.735704
15.672701 -7.248771 45.276821
10.935857 12.816830 45.276821
15.065693 -45.954666 -7.735703
32.685444 -35.249058 -7.735708
37.045326 17.583874 25.027838
20.867954 24.356823 35.866901
40.489140 -7.936556 -25.273682
31.382397 7.051695 -36.112740
-6.916864 47.164982 -7.735697
13.630412 45.469383 -7.735702
-20.268051 -37.157768 25.027832
-12.770568 -40.296715 -25.273682
-23.319679 -42.787018 -7.735702
22.310316 41.835381 7.489864
11.761208 39.345078 25.027847
-1.947050 -17.954380 45.276825
-3.199232 -33.128368 35.866901
-16.075054 45.003029 7.489866
-6.076887 40.817120 25.027842
-14.639773 -46.421021 7.489865
5.907504 -48.116619 7.489860
-43.832302 -21.295984 7.489867
-47.795254 8.147653 -7.735705
0.937689 17.002741 -45.522663
-39.833176 27.165302 -7.735697
-29.284067 29.655611 -25.273678
12.978146 -39.901318 25.027836
-9.611421 14.512430 45.276825
8.602059 -15.464068 -45.522663
-11.945217 -13.768468 -45.522655
28.274702 -30.607248 25.027842
33.576874 -24.446711 -25.273674
16.508059 -28.476107 -36.112743
-38.946125 -29.337860 -7.735708
5.067526 -41.768761 -25.273678
16.564135 3.553581 -45.522655
-48.569145 -1.230384 7.489869
-16.682062 6.297132 -45.522655
-33.694809 34.297421 7.489871
-13.987506 38.949680 -25.273672
32.824772 24.530254 -25.273682
47.559776 0.278768 -7.735705
46.785892 -9.099292 7.489869
38.823814 -28.116941 7.489860
-17.573496 -4.505220 45.276821
-30.726444 12.177052 -36.112740
-41.498505 6.984918 25.027847
0 1
2 3
4 5
6 7
7 8
9 10
11 12
13 14
15 16
17 18
19 20
5 17
21 22
23 0
24 25
26 27
28 29
30 31
32 25
22 26
15 33
0 34
6 35
2 36
37 38
33 39
9 40
41 42
29 23
43 4
8 42
13 28
44 45
46 7
47 45
48 36
31 9
47 24
34 49
34 46
3 22
32 23
50 36
51 30
35 49
21 52
48 41
45 41
20 53
38 52
54 12
54 55
56 55
14 18
44 16
28 57
42 50
58 50
39 29
19 44
15 47
51 10
35 37
57 40
31 27
6 58
3 53
58 38
30 21
10 59
55 5
14 40
24 8
57 1
20 48
52 2
17 11
19 54
16 56
1 59
49 59
18 27
25 46
13 4
56 43
11 26
39 43
12 53
51 37
33 32
