15
153
44.000000 46.000000 14.500000 36.000000 36.000000 37.000000

44.000000 46.000000 52.000000 36.000000 36.000000 38.000000

44.000000 46.000000 90.000000 36.000000 36.000000 38.000000

82.000000 8.500000 128.500000 36.000000 37.000000 37.000000
93.504089 -24.993893 115.002693 -0.002559 0.196756 -0.980449 93.494141 24.808382 125.983749 -0.008285 -0.198278 0.980111 
82.000000 8.500000 128.500000 36.000000 37.000000 37.000000
93.504089 -24.993893 115.002693 0.002559 -0.196756 0.980449 93.494141 24.808382 125.983749 -0.008285 -0.198278 0.980111 
44.500000 46.500000 128.000000 37.000000 37.000000 38.000000

81.500000 46.000000 128.500000 37.000000 38.000000 37.000000
93.494141 24.808382 125.983749 -0.008285 -0.198278 0.980111 68.540367 68.279930 135.977600 0.036401 -0.226619 0.973303 
81.500000 83.500000 128.500000 37.000000 37.000000 37.000000
68.540367 68.279930 135.977600 0.036401 -0.226619 0.973303 
44.000000 83.500000 128.500000 38.000000 37.000000 37.000000
68.540367 68.279930 135.977600 0.036401 -0.226619 0.973303 25.007332 93.506256 145.006287 0.114686 -0.290443 0.949995 
6.500000 84.000000 128.500000 37.000000 36.000000 37.000000
25.007332 93.506256 145.006287 0.114686 -0.290443 0.949995 -24.992371 93.505341 155.007935 -0.254965 0.265664 -0.929739 
6.500000 84.000000 128.500000 37.000000 36.000000 37.000000
25.007332 93.506256 145.006287 0.114686 -0.290443 0.949995 -24.992371 93.505341 155.007935 0.254965 -0.265664 0.929739 
44.000000 84.000000 166.000000 38.000000 38.000000 38.000000
25.007332 93.506256 145.006287 0.114686 -0.290443 0.949995 
44.000000 46.000000 166.000000 38.000000 38.000000 38.000000

44.000000 8.000000 166.500000 38.000000 38.000000 37.000000

44.000000 84.000000 166.000000 38.000000 38.000000 38.000000
25.007332 93.506256 145.006287 -0.114686 0.290443 -0.949995 
82.000000 8.500000 166.000000 38.000000 37.000000 38.000000

119.500000 8.500000 166.500000 37.000000 37.000000 37.000000

82.000000 46.000000 166.000000 38.000000 38.000000 38.000000

119.500000 46.000000 166.500000 37.000000 38.000000 37.000000

82.000000 84.000000 166.000000 38.000000 38.000000 38.000000

119.500000 84.000000 166.500000 37.000000 38.000000 37.000000

44.000000 121.500000 166.500000 38.000000 37.000000 37.000000

82.000000 121.500000 166.500000 38.000000 37.000000 37.000000

119.500000 121.500000 166.500000 37.000000 37.000000 37.000000

44.000000 8.000000 204.000000 38.000000 38.000000 38.000000

44.000000 46.000000 204.000000 38.000000 38.000000 38.000000

44.000000 84.000000 204.000000 38.000000 38.000000 38.000000

44.000000 121.500000 204.000000 38.000000 37.000000 38.000000

44.000000 8.000000 241.500000 38.000000 38.000000 37.000000

44.000000 46.000000 241.500000 38.000000 38.000000 37.000000

44.000000 84.000000 241.500000 38.000000 38.000000 37.000000

44.000000 121.500000 241.500000 38.000000 37.000000 37.000000

82.000000 8.000000 204.000000 38.000000 38.000000 38.000000

119.500000 8.500000 204.000000 37.000000 37.000000 38.000000

82.000000 8.000000 241.500000 38.000000 38.000000 37.000000

119.500000 8.500000 241.500000 37.000000 37.000000 37.000000

82.000000 46.000000 204.000000 38.000000 38.000000 38.000000

119.500000 46.000000 204.000000 37.000000 38.000000 38.000000

82.000000 46.000000 241.500000 38.000000 38.000000 37.000000

119.500000 46.000000 241.500000 37.000000 38.000000 37.000000

82.000000 84.000000 204.000000 38.000000 38.000000 38.000000

119.500000 84.000000 204.000000 37.000000 38.000000 38.000000

82.000000 121.500000 204.000000 38.000000 37.000000 38.000000

119.500000 121.500000 204.000000 37.000000 37.000000 38.000000

82.000000 84.000000 241.500000 38.000000 38.000000 37.000000

82.000000 121.500000 241.500000 38.000000 37.000000 37.000000

119.500000 84.000000 241.500000 37.000000 38.000000 37.000000

119.500000 121.500000 241.500000 37.000000 37.000000 37.000000

43.500000 -29.500000 166.500000 37.000000 37.000000 37.000000

6.000000 -67.500000 166.500000 36.000000 37.000000 37.000000

6.000000 -30.000000 166.500000 38.000000 38.000000 37.000000

-32.000000 -29.500000 166.500000 38.000000 37.000000 37.000000

-70.000000 -29.500000 166.500000 38.000000 37.000000 37.000000
-93.496078 -24.996031 185.006653 0.337200 0.267976 0.902488 
-107.500000 -30.000000 166.500000 37.000000 38.000000 37.000000
-93.496078 -24.996031 185.006653 0.337200 0.267976 0.902488 
6.000000 8.000000 166.500000 38.000000 38.000000 37.000000

-32.000000 8.000000 166.500000 38.000000 38.000000 37.000000

-70.000000 8.000000 166.500000 38.000000 38.000000 37.000000
-93.494331 25.005539 175.005188 0.377105 0.086643 0.922109 
-107.500000 8.000000 166.500000 37.000000 38.000000 37.000000
-93.494331 25.005539 175.005188 0.377105 0.086643 0.922109 -93.496078 -24.996031 185.006653 0.337200 0.267976 0.902488 
81.500000 -30.000000 204.500000 37.000000 38.000000 37.000000

44.000000 -30.000000 204.000000 38.000000 38.000000 38.000000

6.000000 8.000000 204.000000 38.000000 38.000000 38.000000

6.000000 -30.000000 204.000000 38.000000 38.000000 38.000000

-32.000000 8.000000 204.000000 38.000000 38.000000 38.000000

-32.000000 -30.000000 204.000000 38.000000 38.000000 38.000000

-70.000000 -30.000000 204.000000 38.000000 38.000000 38.000000
-93.496078 -24.996031 185.006653 0.337200 0.267976 0.902488 -68.494446 -68.497833 195.006836 -0.260056 -0.485801 -0.834487 
-70.000000 8.000000 204.000000 38.000000 38.000000 38.000000

-70.000000 -30.000000 204.000000 38.000000 38.000000 38.000000
-93.496078 -24.996031 185.006653 0.337200 0.267976 0.902488 -68.494446 -68.497833 195.006836 0.260056 0.485801 0.834487 
-107.500000 8.000000 204.000000 37.000000 38.000000 38.000000
-93.494331 25.005539 175.005188 -0.377105 -0.086643 -0.922109 -93.496078 -24.996031 185.006653 0.337200 0.267976 0.902488 
-107.500000 8.000000 204.000000 37.000000 38.000000 38.000000
-93.494331 25.005539 175.005188 -0.377105 -0.086643 -0.922109 -93.496078 -24.996031 185.006653 -0.337200 -0.267976 -0.902488 
-107.500000 8.000000 204.000000 37.000000 38.000000 38.000000
-93.494331 25.005539 175.005188 0.377105 0.086643 0.922109 -93.496078 -24.996031 185.006653 -0.337200 -0.267976 -0.902488 
-107.500000 8.000000 204.000000 37.000000 38.000000 38.000000
-93.494331 25.005539 175.005188 0.377105 0.086643 0.922109 -93.496078 -24.996031 185.006653 0.337200 0.267976 0.902488 
-107.500000 -30.000000 204.000000 37.000000 38.000000 38.000000
-93.496078 -24.996031 185.006653 0.337200 0.267976 0.902488 
6.000000 46.000000 166.500000 38.000000 38.000000 37.000000

6.000000 84.000000 166.000000 38.000000 38.000000 38.000000
25.007332 93.506256 145.006287 0.114686 -0.290443 0.949995 -24.992371 93.505341 155.007935 0.254965 -0.265664 0.929739 
6.000000 121.500000 166.500000 38.000000 37.000000 37.000000
25.007332 93.506256 145.006287 0.114686 -0.290443 0.949995 -24.992371 93.505341 155.007935 0.254965 -0.265664 0.929739 
-32.000000 46.000000 166.500000 38.000000 38.000000 37.000000

-32.000000 84.000000 166.500000 38.000000 38.000000 37.000000
-24.992371 93.505341 155.007935 0.254965 -0.265664 0.929739 -68.137306 68.400902 165.932922 0.355668 -0.104989 0.928697 
-32.000000 121.500000 166.500000 38.000000 37.000000 37.000000
-24.992371 93.505341 155.007935 0.254965 -0.265664 0.929739 
81.500000 -67.500000 204.500000 37.000000 37.000000 37.000000
68.501846 -68.494659 225.003265 -0.507983 0.288759 0.811524 
44.000000 -68.000000 204.500000 38.000000 38.000000 37.000000
25.004528 -93.492142 215.003815 -0.286055 0.448639 0.846697 68.501846 -68.494659 225.003265 -0.507983 0.288759 0.811524 
43.500000 -105.500000 204.500000 37.000000 37.000000 37.000000
25.004528 -93.492142 215.003815 -0.286055 0.448639 0.846697 
6.000000 -68.000000 204.000000 38.000000 38.000000 38.000000
25.004528 -93.492142 215.003815 0.286055 -0.448639 -0.846697 
6.000000 -68.000000 204.000000 38.000000 38.000000 38.000000
25.004528 -93.492142 215.003815 -0.286055 0.448639 0.846697 
6.000000 -105.500000 204.500000 38.000000 37.000000 37.000000
-25.029745 -92.982941 205.864151 -0.038113 0.512729 0.857704 25.004528 -93.492142 215.003815 -0.286055 0.448639 0.846697 
-32.000000 -68.000000 204.500000 38.000000 38.000000 37.000000
-68.494446 -68.497833 195.006836 -0.260056 -0.485801 -0.834487 -25.029745 -92.982941 205.864151 -0.038113 0.512729 0.857704 
-32.000000 -68.000000 204.500000 38.000000 38.000000 37.000000
-68.494446 -68.497833 195.006836 0.260056 0.485801 0.834487 -25.029745 -92.982941 205.864151 -0.038113 0.512729 0.857704 
-32.000000 -105.500000 204.500000 38.000000 37.000000 37.000000
-25.029745 -92.982941 205.864151 -0.038113 0.512729 0.857704 
-70.000000 46.000000 166.500000 38.000000 38.000000 37.000000
-68.137306 68.400902 165.932922 0.355668 -0.104989 0.928697 -93.494331 25.005539 175.005188 0.377105 0.086643 0.922109 
-107.500000 46.000000 166.500000 37.000000 38.000000 37.000000
-93.494331 25.005539 175.005188 0.377105 0.086643 0.922109 
-70.000000 -68.000000 204.500000 38.000000 38.000000 37.000000
-68.494446 -68.497833 195.006836 0.260056 0.485801 0.834487 
-70.000000 84.000000 166.500000 38.000000 38.000000 37.000000
-68.137306 68.400902 165.932922 0.355668 -0.104989 0.928697 
-70.500000 122.000000 90.500000 37.000000 36.000000 37.000000

-108.000000 84.500000 90.500000 36.000000 37.000000 37.000000

-107.500000 121.500000 90.500000 37.000000 37.000000 37.000000

-70.500000 122.000000 128.000000 37.000000 36.000000 38.000000

-108.000000 84.500000 128.000000 36.000000 37.000000 38.000000

-107.500000 121.500000 128.000000 37.000000 37.000000 38.000000

-70.000000 121.500000 166.000000 38.000000 37.000000 38.000000

-107.500000 84.000000 166.000000 37.000000 38.000000 38.000000

-107.500000 121.500000 166.000000 37.000000 37.000000 38.000000

6.000000 46.000000 204.000000 38.000000 38.000000 38.000000

6.000000 84.000000 204.000000 38.000000 38.000000 38.000000

6.000000 121.500000 204.000000 38.000000 37.000000 38.000000

6.000000 46.000000 241.500000 38.000000 38.000000 37.000000

6.000000 84.000000 241.500000 38.000000 38.000000 37.000000

6.000000 121.500000 241.500000 38.000000 37.000000 37.000000

-32.000000 46.000000 204.000000 38.000000 38.000000 38.000000

-32.000000 84.000000 204.000000 38.000000 38.000000 38.000000

-32.000000 121.500000 204.000000 38.000000 37.000000 38.000000

-32.000000 46.000000 241.500000 38.000000 38.000000 37.000000

-32.000000 84.000000 241.500000 38.000000 38.000000 37.000000

-32.000000 121.500000 241.500000 38.000000 37.000000 37.000000

-70.000000 46.000000 204.000000 38.000000 38.000000 38.000000

-70.000000 46.000000 241.500000 38.000000 38.000000 37.000000

-107.500000 46.000000 204.000000 37.000000 38.000000 38.000000

-107.500000 46.000000 241.500000 37.000000 38.000000 37.000000

-70.000000 84.000000 204.000000 38.000000 38.000000 38.000000

-70.000000 121.500000 204.000000 38.000000 37.000000 38.000000

-70.000000 84.000000 241.500000 38.000000 38.000000 37.000000

-70.000000 121.500000 241.500000 38.000000 37.000000 37.000000

-107.500000 84.000000 204.000000 37.000000 38.000000 38.000000

-107.500000 121.500000 204.000000 37.000000 37.000000 38.000000

-107.500000 84.000000 241.500000 37.000000 38.000000 37.000000

-107.500000 121.500000 241.500000 37.000000 37.000000 37.000000

81.500000 -30.000000 241.500000 37.000000 38.000000 37.000000
68.501846 -68.494659 225.003265 0.507983 -0.288759 -0.811524 
81.500000 -30.000000 241.500000 37.000000 38.000000 37.000000
68.501846 -68.494659 225.003265 -0.507983 0.288759 0.811524 
81.500000 -67.500000 241.500000 37.000000 37.000000 37.000000
68.501846 -68.494659 225.003265 -0.507983 0.288759 0.811524 
44.000000 -30.000000 241.500000 38.000000 38.000000 37.000000

44.000000 -68.000000 241.500000 38.000000 38.000000 37.000000
25.004528 -93.492142 215.003815 -0.286055 0.448639 0.846697 68.501846 -68.494659 225.003265 -0.507983 0.288759 0.811524 
43.500000 -105.500000 241.500000 37.000000 37.000000 37.000000
25.004528 -93.492142 215.003815 0.286055 -0.448639 -0.846697 
43.500000 -105.500000 241.500000 37.000000 37.000000 37.000000
25.004528 -93.492142 215.003815 -0.286055 0.448639 0.846697 
6.000000 8.000000 241.500000 38.000000 38.000000 37.000000

6.000000 -30.000000 241.500000 38.000000 38.000000 37.000000

6.000000 -68.000000 241.500000 38.000000 38.000000 37.000000

6.000000 -105.500000 241.500000 38.000000 37.000000 37.000000

-70.500000 -106.000000 166.500000 37.000000 36.000000 37.000000

-108.000000 -68.000000 166.500000 36.000000 38.000000 37.000000

-107.500000 -105.500000 166.500000 37.000000 37.000000 37.000000

-32.000000 8.000000 241.500000 38.000000 38.000000 37.000000

-70.000000 8.000000 241.500000 38.000000 38.000000 37.000000

-107.500000 8.000000 241.500000 37.000000 38.000000 37.000000

-70.000000 -105.500000 204.000000 38.000000 37.000000 38.000000

-107.500000 -68.000000 204.000000 37.000000 38.000000 38.000000

-107.500000 -105.500000 204.000000 37.000000 37.000000 38.000000

-32.000000 -30.000000 241.500000 38.000000 38.000000 37.000000

-32.000000 -68.000000 241.500000 38.000000 38.000000 37.000000

-32.000000 -105.500000 241.500000 38.000000 37.000000 37.000000

-70.000000 -30.000000 241.500000 38.000000 38.000000 37.000000

-107.500000 -30.000000 241.500000 37.000000 38.000000 37.000000

-70.000000 -68.000000 241.500000 38.000000 38.000000 37.000000

-70.000000 -105.500000 241.500000 38.000000 37.000000 37.000000

-107.500000 -105.500000 241.500000 37.000000 37.000000 37.000000

-107.500000 -68.000000 241.500000 37.000000 38.000000 37.000000

107
44.000000 7.500000 127.500000 36.000000 37.000000 37.000000

44.500000 -67.500000 128.000000 37.000000 37.000000 36.000000
68.502579 -68.492546 105.001579 0.018860 0.243260 -0.969778 
44.500000 -30.000000 127.500000 37.000000 38.000000 37.000000

81.500000 -30.500000 127.500000 37.000000 37.000000 37.000000
68.502579 -68.492546 105.001579 -0.018860 -0.243260 0.969778 93.501534 -24.797136 114.022247 -0.002559 0.196756 -0.980449 
81.500000 -30.500000 127.500000 37.000000 37.000000 37.000000
68.502579 -68.492546 105.001579 0.018860 0.243260 -0.969778 93.501534 -24.797136 114.022247 -0.002559 0.196756 -0.980449 
81.500000 -67.500000 127.500000 37.000000 37.000000 37.000000
68.502579 -68.492546 105.001579 0.018860 0.243260 -0.969778 
5.500000 45.500000 89.500000 37.000000 37.000000 37.000000

-31.500000 45.500000 89.500000 37.000000 37.000000 37.000000

5.500000 46.000000 52.000000 37.000000 38.000000 38.000000

-32.000000 46.000000 52.000000 38.000000 38.000000 38.000000

-31.500000 8.000000 89.500000 37.000000 38.000000 37.000000

-31.500000 -29.500000 89.500000 37.000000 37.000000 37.000000

-31.500000 8.000000 52.000000 37.000000 38.000000 38.000000

-31.500000 -29.500000 52.000000 37.000000 37.000000 38.000000

43.500000 7.500000 90.000000 37.000000 37.000000 38.000000

6.000000 8.000000 89.500000 38.000000 38.000000 37.000000

6.000000 -29.500000 89.500000 38.000000 37.000000 37.000000

44.000000 -29.500000 90.000000 38.000000 37.000000 38.000000

43.500000 7.500000 52.000000 37.000000 37.000000 38.000000

6.000000 8.000000 52.000000 38.000000 38.000000 38.000000

82.000000 -67.500000 90.000000 36.000000 37.000000 38.000000
68.502579 -68.492546 105.001579 0.018860 0.243260 -0.969778 
82.000000 -30.500000 90.000000 38.000000 37.000000 38.000000
68.502579 -68.492546 105.001579 0.018860 0.243260 -0.969778 93.501534 -24.797136 114.022247 -0.002559 0.196756 -0.980449 
6.000000 8.000000 14.000000 38.000000 38.000000 38.000000

44.000000 7.500000 14.000000 38.000000 37.000000 38.000000

82.000000 7.500000 13.500000 38.000000 37.000000 37.000000
93.461746 25.190353 4.020845 -0.040893 0.185718 -0.981752 
119.500000 7.500000 13.500000 37.000000 37.000000 37.000000
93.461746 25.190353 4.020845 -0.040893 0.185718 -0.981752 
6.000000 8.000000 -23.500000 38.000000 38.000000 37.000000

6.000000 -29.500000 52.000000 38.000000 37.000000 38.000000

6.000000 -29.500000 14.000000 38.000000 37.000000 38.000000

6.000000 -29.500000 -23.500000 38.000000 37.000000 37.000000

44.000000 7.500000 -23.500000 38.000000 37.000000 37.000000

44.000000 -29.500000 52.000000 38.000000 37.000000 38.000000

44.000000 -29.500000 14.000000 38.000000 37.000000 38.000000

44.000000 -29.500000 -23.500000 38.000000 37.000000 37.000000

119.500000 -30.000000 89.500000 37.000000 36.000000 37.000000

82.000000 7.500000 -23.500000 38.000000 37.000000 37.000000

82.000000 -30.500000 52.000000 38.000000 37.000000 38.000000

82.000000 -30.000000 14.000000 38.000000 38.000000 38.000000

82.000000 -30.000000 -23.500000 38.000000 38.000000 37.000000

82.500000 -68.000000 52.000000 37.000000 38.000000 38.000000

82.500000 -68.000000 14.000000 37.000000 38.000000 38.000000

82.500000 -68.000000 -23.500000 37.000000 38.000000 37.000000

82.500000 -105.500000 51.500000 37.000000 37.000000 37.000000

82.500000 -105.500000 14.000000 37.000000 37.000000 38.000000

82.500000 -105.500000 -23.500000 37.000000 37.000000 37.000000

119.500000 7.500000 -23.500000 37.000000 37.000000 37.000000

119.500000 -30.500000 52.000000 37.000000 37.000000 38.000000

119.500000 -68.000000 51.500000 37.000000 38.000000 37.000000

119.500000 -105.500000 51.500000 37.000000 37.000000 37.000000

119.500000 -30.000000 14.000000 37.000000 38.000000 38.000000

119.500000 -30.000000 -23.500000 37.000000 38.000000 37.000000

119.500000 -68.000000 14.000000 37.000000 38.000000 38.000000

119.500000 -68.000000 -23.500000 37.000000 38.000000 37.000000

119.500000 -105.500000 -23.500000 37.000000 37.000000 37.000000

119.500000 -105.500000 14.000000 37.000000 37.000000 38.000000

-69.500000 46.500000 51.500000 37.000000 37.000000 37.000000
-68.491653 68.502373 45.005363 -0.655912 0.503816 -0.562093 -93.494026 25.004166 55.005100 0.964152 -0.221792 0.145669 
-69.500000 46.500000 51.500000 37.000000 37.000000 37.000000
-68.491653 68.502373 45.005363 -0.655912 0.503816 -0.562093 -93.494026 25.004166 55.005100 -0.964152 0.221792 -0.145669 
5.500000 121.500000 13.500000 37.000000 37.000000 37.000000
25.005142 93.505005 25.009516 -0.101755 0.330790 -0.938203 -24.992073 93.501083 35.006607 0.296089 -0.526838 0.796727 
5.500000 121.500000 13.500000 37.000000 37.000000 37.000000
25.005142 93.505005 25.009516 -0.101755 0.330790 -0.938203 -24.992073 93.501083 35.006607 -0.296089 0.526838 -0.796727 
5.500000 121.500000 13.500000 37.000000 37.000000 37.000000
25.005142 93.505005 25.009516 0.101755 -0.330790 0.938203 -24.992073 93.501083 35.006607 -0.296089 0.526838 -0.796727 
5.500000 84.000000 14.000000 37.000000 38.000000 38.000000
25.005142 93.505005 25.009516 -0.101755 0.330790 -0.938203 -24.992073 93.501083 35.006607 0.296089 -0.526838 0.796727 
5.500000 84.000000 14.000000 37.000000 38.000000 38.000000
25.005142 93.505005 25.009516 -0.101755 0.330790 -0.938203 -24.992073 93.501083 35.006607 -0.296089 0.526838 -0.796727 
5.500000 84.000000 -23.500000 37.000000 38.000000 37.000000

5.500000 84.000000 14.000000 37.000000 38.000000 38.000000
25.005142 93.505005 25.009516 0.101755 -0.330790 0.938203 -24.992073 93.501083 35.006607 -0.296089 0.526838 -0.796727 
5.500000 46.000000 14.000000 37.000000 38.000000 38.000000

5.500000 46.000000 -23.500000 37.000000 38.000000 37.000000

-32.000000 -29.500000 14.000000 38.000000 37.000000 38.000000

-32.000000 8.000000 14.000000 38.000000 38.000000 38.000000

-32.000000 46.000000 14.000000 38.000000 38.000000 38.000000

-32.000000 -29.500000 -23.500000 38.000000 37.000000 37.000000

-70.000000 -29.500000 13.500000 38.000000 37.000000 37.000000

-70.000000 -29.500000 -23.500000 38.000000 37.000000 37.000000

-107.500000 -29.500000 13.500000 37.000000 37.000000 37.000000

-107.500000 -29.500000 -23.500000 37.000000 37.000000 37.000000

5.500000 121.500000 -23.500000 37.000000 37.000000 37.000000

-32.000000 8.000000 -23.500000 38.000000 38.000000 37.000000

-70.000000 8.000000 13.500000 38.000000 38.000000 37.000000

-70.000000 8.000000 -23.500000 38.000000 38.000000 37.000000

-107.500000 8.000000 13.500000 37.000000 38.000000 37.000000

-107.500000 8.000000 -23.500000 37.000000 38.000000 37.000000

5.500000 83.500000 51.500000 37.000000 37.000000 37.000000
25.005142 93.505005 25.009516 0.101755 -0.330790 0.938203 -24.992073 93.501083 35.006607 -0.296089 0.526838 -0.796727 
-32.000000 84.000000 51.500000 38.000000 38.000000 37.000000
-24.992073 93.501083 35.006607 -0.296089 0.526838 -0.796727 -68.491653 68.502373 45.005363 0.655912 -0.503816 0.562093 
-32.500000 121.500000 51.500000 37.000000 37.000000 37.000000
-24.992073 93.501083 35.006607 0.296089 -0.526838 0.796727 
-32.000000 84.000000 51.500000 38.000000 38.000000 37.000000
-24.992073 93.501083 35.006607 0.296089 -0.526838 0.796727 -68.491653 68.502373 45.005363 -0.655912 0.503816 -0.562093 
-32.000000 84.000000 51.500000 38.000000 38.000000 37.000000
-24.992073 93.501083 35.006607 -0.296089 0.526838 -0.796727 -68.491653 68.502373 45.005363 -0.655912 0.503816 -0.562093 
-32.500000 121.500000 51.500000 37.000000 37.000000 37.000000
-24.992073 93.501083 35.006607 -0.296089 0.526838 -0.796727 
-32.000000 84.000000 14.000000 38.000000 38.000000 38.000000
-24.992073 93.501083 35.006607 -0.296089 0.526838 -0.796727 
-32.000000 121.500000 14.000000 38.000000 37.000000 38.000000
-24.992073 93.501083 35.006607 -0.296089 0.526838 -0.796727 
-32.000000 46.000000 -23.500000 38.000000 38.000000 37.000000

-32.000000 84.000000 -23.500000 38.000000 38.000000 37.000000

-32.000000 121.500000 -23.500000 38.000000 37.000000 37.000000

-70.000000 84.000000 51.500000 38.000000 38.000000 37.000000
-68.491653 68.502373 45.005363 -0.655912 0.503816 -0.562093 
-70.000000 121.500000 51.500000 38.000000 37.000000 37.000000

-107.500000 84.500000 51.500000 37.000000 37.000000 37.000000

-107.500000 121.500000 51.500000 37.000000 37.000000 37.000000

-70.000000 46.000000 14.000000 38.000000 38.000000 38.000000

-70.000000 46.000000 -23.500000 38.000000 38.000000 37.000000

-107.500000 46.000000 13.500000 37.000000 38.000000 37.000000

-107.500000 46.000000 -23.500000 37.000000 38.000000 37.000000

-70.000000 84.000000 14.000000 38.000000 38.000000 38.000000

-70.000000 121.500000 14.000000 38.000000 37.000000 38.000000

-70.000000 84.000000 -23.500000 38.000000 38.000000 37.000000

-70.000000 121.500000 -23.500000 38.000000 37.000000 37.000000

-107.500000 84.000000 14.000000 37.000000 38.000000 38.000000

-107.500000 84.000000 -23.500000 37.000000 38.000000 37.000000

-107.500000 121.500000 -23.500000 37.000000 37.000000 37.000000

-107.500000 121.500000 14.000000 37.000000 37.000000 38.000000

55
-70.500000 46.000000 52.500000 37.000000 36.000000 37.000000
-67.835739 67.998558 45.567455 0.655912 -0.503816 0.562093 -93.494026 25.004166 55.005100 -0.964152 0.221792 -0.145669 
-70.500000 45.500000 127.500000 37.000000 37.000000 37.000000

-70.500000 45.500000 90.000000 37.000000 37.000000 38.000000

-70.500000 8.000000 90.500000 37.000000 38.000000 37.000000

-70.500000 8.000000 127.500000 37.000000 38.000000 37.000000

-70.500000 -29.500000 127.500000 37.000000 37.000000 37.000000

-107.500000 45.500000 52.500000 37.000000 37.000000 37.000000
-93.494026 25.004166 55.005100 -0.964152 0.221792 -0.145669 
-32.500000 -106.000000 89.500000 37.000000 36.000000 37.000000
-25.284977 -93.951157 85.848244 -0.287023 -0.456144 0.842348 
-108.000000 8.000000 52.500000 36.000000 38.000000 37.000000
-93.494026 25.004166 55.005100 -0.964152 0.221792 -0.145669 -93.498001 -24.995037 65.003960 0.935928 0.183216 -0.300783 
-108.000000 8.000000 52.500000 36.000000 38.000000 37.000000
-93.494026 25.004166 55.005100 -0.964152 0.221792 -0.145669 -93.498001 -24.995037 65.003960 -0.935928 -0.183216 0.300783 
-108.000000 8.000000 52.500000 36.000000 38.000000 37.000000
-93.494026 25.004166 55.005100 0.964152 -0.221792 0.145669 -93.498001 -24.995037 65.003960 -0.935928 -0.183216 0.300783 
-70.500000 -29.500000 90.000000 37.000000 37.000000 38.000000
-93.498001 -24.995037 65.003960 0.935928 0.183216 -0.300783 -68.497368 -68.495361 75.004196 -0.613528 -0.435453 0.658759 
-70.500000 -29.500000 90.000000 37.000000 37.000000 38.000000
-93.498001 -24.995037 65.003960 -0.935928 -0.183216 0.300783 -68.497368 -68.495361 75.004196 -0.613528 -0.435453 0.658759 
-70.500000 -29.500000 90.000000 37.000000 37.000000 38.000000
-93.498001 -24.995037 65.003960 -0.935928 -0.183216 0.300783 -68.497368 -68.495361 75.004196 0.613528 0.435453 -0.658759 
-107.500000 45.500000 127.500000 37.000000 37.000000 37.000000

-107.500000 45.500000 90.000000 37.000000 37.000000 38.000000

-107.500000 8.000000 90.000000 37.000000 38.000000 38.000000

-107.500000 8.000000 127.500000 37.000000 38.000000 37.000000

-107.500000 -30.000000 127.500000 37.000000 38.000000 37.000000

-107.500000 -30.000000 90.000000 37.000000 38.000000 38.000000
-93.498001 -24.995037 65.003960 -0.935928 -0.183216 0.300783 
-107.500000 -30.000000 52.500000 37.000000 38.000000 37.000000
-93.498001 -24.995037 65.003960 -0.935928 -0.183216 0.300783 
-70.500000 -30.500000 52.500000 37.000000 37.000000 37.000000
-93.498001 -24.995037 65.003960 -0.935928 -0.183216 0.300783 
-70.500000 -68.000000 51.500000 37.000000 38.000000 37.000000
-68.497368 -68.495361 75.004196 -0.613528 -0.435453 0.658759 
43.500000 -68.500000 13.500000 37.000000 37.000000 37.000000

43.500000 -68.500000 -23.500000 37.000000 37.000000 37.000000

6.000000 -68.500000 13.500000 38.000000 37.000000 37.000000

6.000000 -68.500000 -23.500000 38.000000 37.000000 37.000000

-32.000000 -68.500000 13.500000 38.000000 37.000000 37.000000

-32.000000 -68.500000 -23.500000 38.000000 37.000000 37.000000

-70.000000 -68.500000 14.000000 38.000000 37.000000 38.000000

-70.000000 -68.500000 -23.500000 38.000000 37.000000 37.000000

-108.000000 -68.000000 127.500000 36.000000 38.000000 37.000000

-108.000000 -68.000000 90.000000 36.000000 38.000000 38.000000

-107.500000 -68.000000 52.000000 37.000000 38.000000 38.000000

-107.500000 -68.500000 14.000000 37.000000 37.000000 38.000000

-107.500000 -68.500000 -23.500000 37.000000 37.000000 37.000000

-70.500000 -106.000000 127.500000 37.000000 36.000000 37.000000

-107.500000 -105.500000 127.500000 37.000000 37.000000 37.000000

-70.000000 -106.000000 90.000000 38.000000 36.000000 38.000000

-107.500000 -105.500000 90.000000 37.000000 37.000000 38.000000

43.500000 -106.000000 51.500000 37.000000 36.000000 37.000000

43.500000 -105.500000 14.000000 37.000000 37.000000 38.000000

43.500000 -105.500000 -23.500000 37.000000 37.000000 37.000000

6.000000 -106.000000 51.500000 38.000000 36.000000 37.000000

6.000000 -105.500000 14.000000 38.000000 37.000000 38.000000

6.000000 -105.500000 -23.500000 38.000000 37.000000 37.000000

-32.000000 -106.000000 52.000000 38.000000 36.000000 38.000000

-32.000000 -105.500000 14.000000 38.000000 37.000000 38.000000

-32.000000 -105.500000 -23.500000 38.000000 37.000000 37.000000

-70.000000 -105.500000 52.000000 38.000000 37.000000 38.000000

-70.000000 -105.500000 14.000000 38.000000 37.000000 38.000000

-70.000000 -105.500000 -23.500000 38.000000 37.000000 37.000000

-107.500000 -105.500000 52.000000 37.000000 37.000000 38.000000

-107.500000 -105.500000 -23.500000 37.000000 37.000000 37.000000

-107.500000 -105.500000 14.000000 37.000000 37.000000 38.000000

43
5.500000 84.500000 90.000000 37.000000 37.000000 36.000000

-32.000000 84.500000 90.000000 38.000000 37.000000 36.000000

120.000000 -29.500000 128.000000 36.000000 37.000000 36.000000
93.504089 -24.993893 115.002693 -0.002559 0.196756 -0.980449 
120.000000 8.000000 127.500000 36.000000 38.000000 37.000000
93.504089 -24.993893 115.002693 0.002559 -0.196756 0.980449 93.510712 25.204939 124.023529 0.008285 0.198278 -0.980111 
120.000000 8.000000 127.500000 36.000000 38.000000 37.000000
93.504089 -24.993893 115.002693 -0.002559 0.196756 -0.980449 93.510712 25.204939 124.023529 0.008285 0.198278 -0.980111 
-31.500000 121.500000 90.000000 37.000000 37.000000 36.000000

6.000000 121.500000 89.500000 38.000000 37.000000 37.000000

120.000000 8.500000 90.000000 36.000000 37.000000 38.000000

120.000000 8.500000 52.500000 36.000000 37.000000 37.000000

120.000000 46.000000 127.500000 36.000000 38.000000 37.000000

120.000000 84.000000 127.500000 36.000000 38.000000 37.000000

44.500000 122.000000 127.500000 37.000000 36.000000 37.000000

82.000000 122.000000 127.500000 38.000000 36.000000 37.000000

119.500000 121.500000 127.500000 37.000000 37.000000 37.000000

120.000000 46.000000 90.000000 36.000000 38.000000 38.000000

120.000000 84.000000 90.000000 36.000000 38.000000 38.000000

44.000000 122.000000 90.000000 38.000000 36.000000 38.000000

82.000000 122.000000 90.000000 38.000000 36.000000 38.000000

119.500000 121.500000 90.000000 37.000000 37.000000 38.000000

120.000000 46.000000 52.000000 36.000000 38.000000 38.000000

120.000000 46.500000 14.000000 36.000000 37.000000 38.000000

44.500000 46.500000 -24.000000 37.000000 37.000000 36.000000

82.000000 46.500000 -24.000000 38.000000 37.000000 36.000000

119.500000 46.500000 -23.500000 37.000000 37.000000 37.000000

6.500000 122.000000 52.500000 37.000000 36.000000 37.000000
25.005142 93.505005 25.009516 -0.101755 0.330790 -0.938203 -24.992073 93.501083 35.006607 0.296089 -0.526838 0.796727 
120.000000 84.000000 52.000000 36.000000 38.000000 38.000000

44.000000 122.000000 52.000000 38.000000 36.000000 38.000000

82.000000 122.000000 52.000000 38.000000 36.000000 38.000000

119.500000 121.500000 52.000000 37.000000 37.000000 38.000000

44.500000 122.000000 14.000000 37.000000 36.000000 38.000000

44.500000 84.000000 -24.000000 37.000000 38.000000 36.000000

44.500000 121.500000 -23.500000 37.000000 37.000000 37.000000

82.000000 122.000000 14.000000 38.000000 36.000000 38.000000

82.000000 84.000000 -24.000000 38.000000 38.000000 36.000000

82.000000 121.500000 -23.500000 38.000000 37.000000 37.000000

120.000000 84.000000 14.000000 36.000000 38.000000 38.000000

119.500000 121.500000 14.000000 37.000000 37.000000 38.000000

119.500000 84.000000 -23.500000 37.000000 38.000000 37.000000

119.500000 121.500000 -23.500000 37.000000 37.000000 37.000000

6.500000 122.000000 52.500000 37.000000 36.000000 37.000000
25.005142 93.505005 25.009516 0.101755 -0.330790 0.938203 -24.992073 93.501083 35.006607 -0.296089 0.526838 -0.796727 
6.500000 122.000000 52.500000 37.000000 36.000000 37.000000
25.005142 93.505005 25.009516 -0.101755 0.330790 -0.938203 -24.992073 93.501083 35.006607 -0.296089 0.526838 -0.796727 
-69.500000 84.000000 90.500000 37.000000 36.000000 37.000000

-70.000000 84.000000 127.500000 36.000000 36.000000 37.000000

55
-31.500000 46.000000 128.000000 37.000000 38.000000 36.000000

-32.000000 84.000000 128.000000 36.000000 38.000000 36.000000

-32.000000 121.500000 128.000000 36.000000 37.000000 36.000000

-31.500000 8.000000 128.000000 37.000000 38.000000 36.000000

-31.500000 -30.000000 128.000000 37.000000 38.000000 36.000000

-31.500000 -105.500000 128.500000 37.000000 37.000000 37.000000

-32.000000 -68.000000 128.500000 38.000000 38.000000 37.000000

44.500000 -68.500000 166.000000 37.000000 37.000000 36.000000

6.000000 -106.000000 166.000000 38.000000 36.000000 38.000000

44.000000 -105.500000 165.500000 38.000000 37.000000 37.000000

5.500000 -106.000000 203.500000 37.000000 36.000000 37.000000
-24.953520 -94.008392 204.148758 0.038113 -0.512729 -0.857704 25.004528 -93.492142 215.003815 0.286055 -0.448639 -0.846697 
5.500000 -106.000000 203.500000 37.000000 36.000000 37.000000
-24.953520 -94.008392 204.148758 0.038113 -0.512729 -0.857704 25.004528 -93.492142 215.003815 -0.286055 0.448639 0.846697 
-32.500000 -68.500000 203.500000 37.000000 37.000000 37.000000
-68.494446 -68.497833 195.006836 0.260056 0.485801 0.834487 -24.953520 -94.008392 204.148758 0.038113 -0.512729 -0.857704 
-31.500000 -105.500000 203.500000 37.000000 37.000000 37.000000
-24.953520 -94.008392 204.148758 0.038113 -0.512729 -0.857704 
-32.500000 -68.500000 203.500000 37.000000 37.000000 37.000000
-68.494446 -68.497833 195.006836 -0.260056 -0.485801 -0.834487 -24.953520 -94.008392 204.148758 0.038113 -0.512729 -0.857704 
-31.500000 -105.500000 166.000000 37.000000 37.000000 38.000000

-32.500000 -68.500000 166.000000 37.000000 37.000000 38.000000

5.500000 45.500000 128.000000 37.000000 37.000000 36.000000

5.500000 8.000000 128.000000 37.000000 38.000000 36.000000

5.500000 -30.000000 128.000000 37.000000 38.000000 36.000000

5.500000 -68.000000 128.000000 37.000000 38.000000 36.000000

6.000000 -105.500000 128.500000 38.000000 37.000000 37.000000

44.000000 -106.000000 128.500000 38.000000 36.000000 37.000000

120.000000 7.500000 128.000000 36.000000 37.000000 36.000000
93.506645 -25.190649 115.983139 0.002559 -0.196756 0.980449 93.494141 24.808382 125.983749 -0.008285 -0.198278 0.980111 
82.500000 -30.500000 166.000000 37.000000 37.000000 36.000000

82.000000 -68.000000 166.000000 38.000000 38.000000 36.000000

120.000000 -30.000000 128.500000 36.000000 38.000000 37.000000
93.506645 -25.190649 115.983139 0.002559 -0.196756 0.980449 
120.000000 -68.500000 90.500000 36.000000 37.000000 37.000000

82.500000 -106.000000 90.500000 37.000000 36.000000 37.000000

119.500000 -105.500000 90.500000 37.000000 37.000000 37.000000

120.000000 -68.000000 128.000000 36.000000 38.000000 38.000000

82.000000 -106.000000 128.000000 38.000000 36.000000 38.000000

119.500000 -105.500000 128.000000 37.000000 37.000000 38.000000

119.500000 -30.500000 166.000000 37.000000 37.000000 38.000000

120.000000 -30.500000 204.000000 36.000000 37.000000 38.000000

120.000000 -30.500000 241.500000 36.000000 37.000000 37.000000

119.500000 -68.000000 166.000000 37.000000 38.000000 38.000000

120.000000 -68.000000 204.000000 36.000000 38.000000 38.000000

120.000000 -68.000000 241.500000 36.000000 38.000000 37.000000

82.000000 -105.500000 166.000000 38.000000 37.000000 38.000000

82.500000 -106.000000 204.000000 37.000000 36.000000 38.000000

82.500000 -106.000000 241.500000 37.000000 36.000000 37.000000

119.500000 -105.500000 166.000000 37.000000 37.000000 38.000000

119.500000 -105.500000 204.000000 37.000000 37.000000 38.000000

119.500000 -105.500000 241.500000 37.000000 37.000000 37.000000

-107.500000 -29.500000 166.500000 37.000000 37.000000 37.000000
-93.833275 -25.264008 184.104172 -0.337200 -0.267976 -0.902488 
-108.000000 7.500000 166.000000 36.000000 37.000000 36.000000
-93.117226 25.092182 175.927292 0.377105 0.086643 0.922109 -93.833275 -25.264008 184.104172 -0.337200 -0.267976 -0.902488 
-70.500000 -30.500000 166.500000 37.000000 37.000000 37.000000
-93.833275 -25.264008 184.104172 -0.337200 -0.267976 -0.902488 
-69.500000 -67.500000 166.000000 37.000000 37.000000 38.000000

-107.500000 -30.000000 203.500000 37.000000 36.000000 37.000000
-93.833275 -25.264008 184.104172 -0.337200 -0.267976 -0.902488 
-70.500000 -30.500000 203.500000 37.000000 37.000000 37.000000
-93.833275 -25.264008 184.104172 -0.337200 -0.267976 -0.902488 -68.494446 -68.497833 195.006836 0.260056 0.485801 0.834487 
-69.500000 -67.500000 203.500000 37.000000 37.000000 37.000000
-68.494446 -68.497833 195.006836 -0.260056 -0.485801 -0.834487 
-70.500000 -30.500000 203.500000 37.000000 37.000000 37.000000
-93.833275 -25.264008 184.104172 -0.337200 -0.267976 -0.902488 -68.494446 -68.497833 195.006836 -0.260056 -0.485801 -0.834487 
-70.000000 -68.000000 90.500000 36.000000 36.000000 37.000000
-69.110893 -68.930817 75.662956 -0.613528 -0.435453 0.658759 
-69.500000 -68.000000 128.000000 37.000000 36.000000 38.000000

15
44.000000 84.000000 52.500000 38.000000 36.000000 37.000000

44.500000 84.000000 89.500000 37.000000 36.000000 37.000000

6.000000 121.500000 52.000000 36.000000 37.000000 36.000000
25.106897 93.174217 25.947718 0.101755 -0.330790 0.938203 -24.695984 92.974243 35.803333 0.296089 -0.526838 0.796727 
6.000000 84.500000 51.500000 38.000000 37.000000 37.000000
25.106897 93.174217 25.947718 0.101755 -0.330790 0.938203 -24.695984 92.974243 35.803333 0.296089 -0.526838 0.796727 
-31.500000 84.000000 51.500000 37.000000 36.000000 37.000000
-24.695984 92.974243 35.803333 0.296089 -0.526838 0.796727 -67.835739 67.998558 45.567455 0.655912 -0.503816 0.562093 
-31.500000 84.000000 14.500000 37.000000 36.000000 37.000000
-24.695984 92.974243 35.803333 0.296089 -0.526838 0.796727 
5.500000 84.000000 14.500000 37.000000 36.000000 37.000000
25.106897 93.174217 25.947718 0.101755 -0.330790 0.938203 -24.695984 92.974243 35.803333 0.296089 -0.526838 0.796727 
82.500000 8.000000 14.500000 37.000000 36.000000 37.000000
93.543533 24.818916 5.984349 0.040893 -0.185718 0.981752 
119.500000 8.000000 14.000000 37.000000 36.000000 36.000000
93.543533 24.818916 5.984349 0.040893 -0.185718 0.981752 
81.500000 83.500000 89.500000 37.000000 37.000000 37.000000

81.500000 83.500000 52.500000 37.000000 37.000000 37.000000

82.000000 46.000000 52.500000 36.000000 38.000000 37.000000

82.000000 46.000000 89.500000 36.000000 38.000000 37.000000

82.000000 8.500000 52.000000 36.000000 37.000000 38.000000

82.000000 8.500000 89.500000 36.000000 37.000000 37.000000

12
43.500000 -105.500000 90.000000 37.000000 37.000000 36.000000
25.000992 -93.491791 95.004356 0.089943 0.366420 -0.926092 
-31.500000 -105.500000 90.000000 37.000000 37.000000 36.000000
-24.710930 -93.038864 84.163551 0.287023 0.456144 -0.842348 
6.000000 -105.500000 90.000000 38.000000 37.000000 36.000000
-24.710930 -93.038864 84.163551 0.287023 0.456144 -0.842348 25.000992 -93.491791 95.004356 0.089943 0.366420 -0.926092 
43.500000 -68.500000 89.500000 37.000000 37.000000 37.000000
25.000992 -93.491791 95.004356 0.089943 0.366420 -0.926092 68.521439 -68.249283 104.031799 0.018860 0.243260 -0.969778 
6.000000 -68.500000 89.500000 38.000000 37.000000 37.000000
25.000992 -93.491791 95.004356 -0.089943 -0.366420 0.926092 
6.000000 -68.500000 89.500000 38.000000 37.000000 37.000000
25.000992 -93.491791 95.004356 0.089943 0.366420 -0.926092 
-32.000000 -68.500000 89.500000 38.000000 37.000000 37.000000
-67.883842 -68.059906 74.345436 0.613528 0.435453 -0.658759 -24.710930 -93.038864 84.163551 0.287023 0.456144 -0.842348 
-32.000000 -68.000000 52.500000 38.000000 36.000000 37.000000

6.000000 -68.000000 52.500000 38.000000 36.000000 37.000000

43.500000 -68.000000 52.500000 37.000000 36.000000 37.000000

-69.500000 -68.000000 52.500000 37.000000 36.000000 37.000000
-67.883842 -68.059906 74.345436 0.613528 0.435453 -0.658759 
-69.500000 -68.000000 89.500000 37.000000 36.000000 37.000000
-67.883842 -68.059906 74.345436 0.613528 0.435453 -0.658759 
7
44.500000 84.000000 14.000000 37.000000 36.000000 36.000000
68.501900 68.505875 15.004616 -0.053418 0.210813 -0.976066 25.005142 93.505005 25.009516 0.101755 -0.330790 0.938203 
44.500000 84.000000 14.000000 37.000000 36.000000 36.000000
68.501900 68.505875 15.004616 -0.053418 0.210813 -0.976066 25.005142 93.505005 25.009516 -0.101755 0.330790 -0.938203 
44.500000 84.000000 14.000000 37.000000 36.000000 36.000000
68.501900 68.505875 15.004616 0.053418 -0.210813 0.976066 25.005142 93.505005 25.009516 -0.101755 0.330790 -0.938203 
81.500000 83.500000 14.000000 37.000000 37.000000 36.000000
68.501900 68.505875 15.004616 -0.053418 0.210813 -0.976066 
82.000000 46.500000 14.000000 36.000000 37.000000 36.000000
93.502640 25.004635 5.002597 -0.040893 0.185718 -0.981752 68.501900 68.505875 15.004616 0.053418 -0.210813 0.976066 
82.000000 46.500000 14.000000 36.000000 37.000000 36.000000
93.502640 25.004635 5.002597 -0.040893 0.185718 -0.981752 68.501900 68.505875 15.004616 -0.053418 0.210813 -0.976066 
82.000000 46.500000 14.000000 36.000000 37.000000 36.000000
93.502640 25.004635 5.002597 0.040893 -0.185718 0.981752 68.501900 68.505875 15.004616 -0.053418 0.210813 -0.976066 
29
-69.500000 83.500000 166.000000 37.000000 37.000000 36.000000
-68.492973 68.505890 165.004227 -0.355668 0.104989 -0.928697 
-70.500000 8.500000 166.000000 37.000000 37.000000 36.000000
-93.494331 25.005539 175.005188 -0.377105 -0.086643 -0.922109 
-70.500000 46.000000 166.000000 37.000000 38.000000 36.000000
-68.492973 68.505890 165.004227 0.355668 -0.104989 0.928697 -93.494331 25.005539 175.005188 -0.377105 -0.086643 -0.922109 
-70.500000 46.000000 166.000000 37.000000 38.000000 36.000000
-68.492973 68.505890 165.004227 -0.355668 0.104989 -0.928697 -93.494331 25.005539 175.005188 -0.377105 -0.086643 -0.922109 
-70.500000 46.000000 166.000000 37.000000 38.000000 36.000000
-68.492973 68.505890 165.004227 -0.355668 0.104989 -0.928697 -93.494331 25.005539 175.005188 0.377105 0.086643 0.922109 
-107.500000 45.500000 166.000000 37.000000 37.000000 36.000000
-93.494331 25.005539 175.005188 -0.377105 -0.086643 -0.922109 
-107.500000 8.500000 166.000000 37.000000 37.000000 36.000000
-93.494331 25.005539 175.005188 -0.377105 -0.086643 -0.922109 -93.496078 -24.996031 185.006653 -0.337200 -0.267976 -0.902488 
-107.500000 8.500000 166.000000 37.000000 37.000000 36.000000
-93.494331 25.005539 175.005188 -0.377105 -0.086643 -0.922109 -93.496078 -24.996031 185.006653 0.337200 0.267976 0.902488 
-31.500000 121.500000 166.000000 37.000000 37.000000 36.000000
-24.992371 93.505341 155.007935 -0.254965 0.265664 -0.929739 
5.500000 121.500000 165.500000 37.000000 37.000000 37.000000
25.007332 93.506256 145.006287 0.114686 -0.290443 0.949995 -24.992371 93.505341 155.007935 -0.254965 0.265664 -0.929739 
5.500000 84.500000 165.500000 37.000000 37.000000 37.000000
25.007332 93.506256 145.006287 0.114686 -0.290443 0.949995 -24.992371 93.505341 155.007935 -0.254965 0.265664 -0.929739 
5.500000 84.500000 165.500000 37.000000 37.000000 37.000000
25.007332 93.506256 145.006287 -0.114686 0.290443 -0.949995 -24.992371 93.505341 155.007935 -0.254965 0.265664 -0.929739 
5.500000 84.500000 165.500000 37.000000 37.000000 37.000000
25.007332 93.506256 145.006287 -0.114686 0.290443 -0.949995 -24.992371 93.505341 155.007935 0.254965 -0.265664 0.929739 
6.500000 84.500000 128.500000 37.000000 37.000000 37.000000
25.007332 93.506256 145.006287 -0.114686 0.290443 -0.949995 -24.992371 93.505341 155.007935 -0.254965 0.265664 -0.929739 
6.500000 84.500000 128.500000 37.000000 37.000000 37.000000
25.007332 93.506256 145.006287 -0.114686 0.290443 -0.949995 -24.992371 93.505341 155.007935 0.254965 -0.265664 0.929739 
5.500000 121.500000 165.500000 37.000000 37.000000 37.000000
25.007332 93.506256 145.006287 -0.114686 0.290443 -0.949995 -24.992371 93.505341 155.007935 0.254965 -0.265664 0.929739 
6.000000 121.500000 128.500000 36.000000 37.000000 37.000000
25.007332 93.506256 145.006287 -0.114686 0.290443 -0.949995 
5.500000 121.500000 165.500000 37.000000 37.000000 37.000000
25.007332 93.506256 145.006287 -0.114686 0.290443 -0.949995 -24.992371 93.505341 155.007935 -0.254965 0.265664 -0.929739 
-32.000000 84.500000 166.000000 38.000000 37.000000 36.000000
-24.992371 93.505341 155.007935 -0.254965 0.265664 -0.929739 -68.492973 68.505890 165.004227 0.355668 -0.104989 0.928697 
-32.000000 84.500000 166.000000 38.000000 37.000000 36.000000
-24.992371 93.505341 155.007935 -0.254965 0.265664 -0.929739 -68.492973 68.505890 165.004227 -0.355668 0.104989 -0.928697 
-32.000000 84.500000 166.000000 38.000000 37.000000 36.000000
-24.992371 93.505341 155.007935 0.254965 -0.265664 0.929739 -68.492973 68.505890 165.004227 -0.355668 0.104989 -0.928697 
82.000000 8.500000 128.000000 36.000000 37.000000 36.000000
93.501534 -24.797136 114.022247 -0.002559 0.196756 -0.980449 93.502426 25.006660 125.003639 0.008285 0.198278 -0.980111 
82.000000 46.000000 128.000000 36.000000 38.000000 36.000000
93.502426 25.006660 125.003639 -0.008285 -0.198278 0.980111 68.503967 68.506546 135.004303 -0.036401 0.226619 -0.973303 
82.000000 46.000000 128.000000 36.000000 38.000000 36.000000
93.502426 25.006660 125.003639 0.008285 0.198278 -0.980111 68.503967 68.506546 135.004303 -0.036401 0.226619 -0.973303 
82.000000 46.000000 128.000000 36.000000 38.000000 36.000000
93.502426 25.006660 125.003639 0.008285 0.198278 -0.980111 68.503967 68.506546 135.004303 0.036401 -0.226619 0.973303 
81.500000 83.500000 128.000000 37.000000 37.000000 36.000000
68.503967 68.506546 135.004303 -0.036401 0.226619 -0.973303 
44.000000 84.000000 128.000000 38.000000 36.000000 36.000000
68.503967 68.506546 135.004303 0.036401 -0.226619 0.973303 25.007332 93.506256 145.006287 -0.114686 0.290443 -0.949995 
44.000000 84.000000 128.000000 38.000000 36.000000 36.000000
68.503967 68.506546 135.004303 -0.036401 0.226619 -0.973303 25.007332 93.506256 145.006287 -0.114686 0.290443 -0.949995 
44.000000 84.000000 128.000000 38.000000 36.000000 36.000000
68.503967 68.506546 135.004303 -0.036401 0.226619 -0.973303 25.007332 93.506256 145.006287 0.114686 -0.290443 0.949995 
9
-70.000000 83.500000 52.000000 36.000000 37.000000 36.000000
-67.835739 67.998558 45.567455 0.655912 -0.503816 0.562093 
-107.500000 -30.000000 89.500000 37.000000 36.000000 37.000000
-92.562073 -24.811821 64.703178 0.935928 0.183216 -0.300783 
-70.500000 -30.000000 89.500000 37.000000 36.000000 37.000000
-92.562073 -24.811821 64.703178 0.935928 0.183216 -0.300783 -67.883842 -68.059906 74.345436 0.613528 0.435453 -0.658759 
-107.500000 -29.500000 52.500000 37.000000 37.000000 37.000000
-92.562073 -24.811821 64.703178 0.935928 0.183216 -0.300783 
-70.500000 -29.500000 52.500000 37.000000 37.000000 37.000000
-92.562073 -24.811821 64.703178 0.935928 0.183216 -0.300783 
-107.500000 45.500000 52.000000 37.000000 37.000000 36.000000
-92.529877 24.782373 55.150768 0.964152 -0.221792 0.145669 
-70.500000 46.000000 52.000000 37.000000 38.000000 36.000000
-67.835739 67.998558 45.567455 0.655912 -0.503816 0.562093 -92.529877 24.782373 55.150768 0.964152 -0.221792 0.145669 
-107.500000 8.000000 52.000000 37.000000 38.000000 36.000000
-92.529877 24.782373 55.150768 0.964152 -0.221792 0.145669 -92.562073 -24.811821 64.703178 0.935928 0.183216 -0.300783 
-70.500000 8.000000 52.000000 37.000000 38.000000 36.000000
-92.529877 24.782373 55.150768 0.964152 -0.221792 0.145669 
12
82.000000 -30.500000 128.000000 36.000000 37.000000 36.000000
68.502579 -68.492546 105.001579 0.018860 0.243260 -0.969778 93.506645 -25.190649 115.983139 0.002559 -0.196756 0.980449 
82.000000 -30.500000 128.000000 36.000000 37.000000 36.000000
68.502579 -68.492546 105.001579 -0.018860 -0.243260 0.969778 93.506645 -25.190649 115.983139 0.002559 -0.196756 0.980449 
81.500000 -68.000000 90.500000 37.000000 36.000000 37.000000
68.502579 -68.492546 105.001579 -0.018860 -0.243260 0.969778 
81.500000 -67.500000 127.500000 37.000000 37.000000 37.000000
68.502579 -68.492546 105.001579 -0.018860 -0.243260 0.969778 
43.500000 -105.500000 90.000000 37.000000 37.000000 36.000000
25.000992 -93.491791 95.004356 -0.089943 -0.366420 0.926092 
6.500000 -106.000000 90.000000 37.000000 36.000000 36.000000
-24.997953 -93.495010 85.005898 0.287023 0.456144 -0.842348 25.000992 -93.491791 95.004356 -0.089943 -0.366420 0.926092 
6.500000 -106.000000 90.000000 37.000000 36.000000 36.000000
-24.997953 -93.495010 85.005898 -0.287023 -0.456144 0.842348 25.000992 -93.491791 95.004356 0.089943 0.366420 -0.926092 
6.500000 -106.000000 90.000000 37.000000 36.000000 36.000000
-24.997953 -93.495010 85.005898 -0.287023 -0.456144 0.842348 25.000992 -93.491791 95.004356 -0.089943 -0.366420 0.926092 
44.500000 -68.500000 90.500000 37.000000 37.000000 37.000000
25.000992 -93.491791 95.004356 -0.089943 -0.366420 0.926092 68.502579 -68.492546 105.001579 0.018860 0.243260 -0.969778 
44.500000 -68.500000 90.500000 37.000000 37.000000 37.000000
25.000992 -93.491791 95.004356 0.089943 0.366420 -0.926092 68.502579 -68.492546 105.001579 -0.018860 -0.243260 0.969778 
44.500000 -68.500000 90.500000 37.000000 37.000000 37.000000
25.000992 -93.491791 95.004356 -0.089943 -0.366420 0.926092 68.502579 -68.492546 105.001579 -0.018860 -0.243260 0.969778 
44.500000 -68.000000 127.500000 37.000000 36.000000 37.000000
68.502579 -68.492546 105.001579 -0.018860 -0.243260 0.969778 
9
6.500000 -106.000000 204.000000 37.000000 36.000000 36.000000
-25.029745 -92.982941 205.864151 -0.038113 0.512729 0.857704 25.004528 -93.492142 215.003815 0.286055 -0.448639 -0.846697 
43.500000 -105.500000 204.000000 37.000000 37.000000 36.000000
25.004528 -93.492142 215.003815 0.286055 -0.448639 -0.846697 
44.500000 -68.000000 241.500000 37.000000 36.000000 37.000000
25.004528 -93.492142 215.003815 -0.286055 0.448639 0.846697 68.501846 -68.494659 225.003265 0.507983 -0.288759 -0.811524 
44.500000 -68.000000 241.500000 37.000000 36.000000 37.000000
25.004528 -93.492142 215.003815 0.286055 -0.448639 -0.846697 68.501846 -68.494659 225.003265 0.507983 -0.288759 -0.811524 
44.500000 -68.500000 204.500000 37.000000 37.000000 37.000000
25.004528 -93.492142 215.003815 -0.286055 0.448639 0.846697 68.501846 -68.494659 225.003265 0.507983 -0.288759 -0.811524 
44.500000 -68.500000 204.500000 37.000000 37.000000 37.000000
25.004528 -93.492142 215.003815 0.286055 -0.448639 -0.846697 68.501846 -68.494659 225.003265 -0.507983 0.288759 0.811524 
44.500000 -68.500000 204.500000 37.000000 37.000000 37.000000
25.004528 -93.492142 215.003815 0.286055 -0.448639 -0.846697 68.501846 -68.494659 225.003265 0.507983 -0.288759 -0.811524 
81.500000 -68.000000 204.500000 37.000000 36.000000 37.000000
68.501846 -68.494659 225.003265 0.507983 -0.288759 -0.811524 
81.500000 -68.000000 241.500000 37.000000 36.000000 37.000000
68.501846 -68.494659 225.003265 0.507983 -0.288759 -0.811524 
3
82.000000 46.500000 14.000000 36.000000 37.000000 36.000000
93.543533 24.818916 5.984349 0.040893 -0.185718 0.981752 68.555321 68.295059 15.980681 0.053418 -0.210813 0.976066 
44.500000 84.000000 14.000000 37.000000 36.000000 36.000000
68.555321 68.295059 15.980681 0.053418 -0.210813 0.976066 25.106897 93.174217 25.947718 0.101755 -0.330790 0.938203 
81.500000 83.500000 14.000000 37.000000 37.000000 36.000000
68.555321 68.295059 15.980681 0.053418 -0.210813 0.976066 
2
-32.000000 -68.000000 90.000000 36.000000 36.000000 36.000000
-68.497368 -68.495361 75.004196 -0.613528 -0.435453 0.658759 -25.284977 -93.951157 85.848244 -0.287023 -0.456144 0.842348 
-32.000000 -68.000000 90.000000 36.000000 36.000000 36.000000
-68.497368 -68.495361 75.004196 0.613528 0.435453 -0.658759 -25.284977 -93.951157 85.848244 -0.287023 -0.456144 0.842348 
1
6.000000 122.000000 14.000000 36.000000 36.000000 36.000000
25.106897 93.174217 25.947718 0.101755 -0.330790 0.938203 -24.695984 92.974243 35.803333 0.296089 -0.526838 0.796727 
