15
0.000000 0.000000 1.000000 1000
0.000000 0.000000 -1.000000 1000
-1.000000 0.000000 0.000000 1000
0.000000 1.000000 0.000000 1000
0.000000 -1.000000 0.000000 1000
0.000000 -1.000000 0.000000 75
0.000000 0.000000 -1.000000 1000
0.000000 0.000000 -1.000000 1000
0.000000 0.000000 -1.000000 37
1.000000 0.000000 0.000000 1000
0.000000 0.000000 1.000000 36
1.000000 0.000000 0.000000 1000
0.000000 0.000000 1.000000 46
-1.000000 0.000000 0.000000 1000
0.000000 0.000000 1.000000 1000
0
11
8
4
10
13
6
2
9
12
7
3
5
1
14
