7
11
51.500000 58.000000 -51.500000 53.000000 52.000000 53.000000
0.002712 50.715309 -49.286953 0.000015 0.707107 0.707107 50.001915 0.006630 -49.994820 -0.707107 -0.000000 -0.707107 49.296593 50.714989 0.006911 -0.707107 0.707107 -0.000003 
51.500000 58.000000 -51.500000 53.000000 52.000000 53.000000
0.002712 50.715309 -49.286953 0.000015 0.707107 0.707107 50.001915 0.006630 -49.994820 0.707107 0.000000 0.707107 49.296593 50.714989 0.006911 -0.707107 0.707107 -0.000003 
-55.500000 58.000000 -52.000000 53.000000 52.000000 52.000000
-49.287811 0.006818 -50.700298 0.707107 0.000055 -0.707107 -48.998276 50.007744 0.005642 1.000000 0.000000 0.000000 0.002712 50.715309 -49.286953 0.000015 0.707107 0.707107 
-2.000000 58.000000 -51.500000 54.000000 52.000000 53.000000
0.002712 50.715309 -49.286953 0.000015 0.707107 0.707107 
-2.000000 4.500000 2.000000 52.000000 53.000000 52.000000

-1.500000 57.500000 2.000000 53.000000 53.000000 54.000000

-55.500000 58.000000 56.000000 53.000000 52.000000 52.000000
-48.998276 50.007744 0.005642 1.000000 0.000000 0.000000 -49.288467 0.005976 50.712616 0.707107 0.000058 0.707107 0.002728 50.714531 49.299507 -0.000002 0.707107 -0.707107 
-2.000000 58.000000 55.500000 54.000000 52.000000 53.000000
0.002728 50.714531 49.299507 -0.000002 0.707107 -0.707107 
51.500000 58.000000 2.000000 53.000000 52.000000 54.000000
49.296593 50.714989 0.006911 -0.707107 0.707107 -0.000003 
51.500000 58.000000 55.500000 53.000000 52.000000 53.000000
0.002728 50.714531 49.299507 -0.000002 0.707107 -0.707107 49.296593 50.714989 0.006911 -0.707107 0.707107 -0.000003 50.002693 0.005220 50.003113 -0.707107 0.000041 0.707107 
51.500000 58.000000 55.500000 53.000000 52.000000 53.000000
0.002728 50.714531 49.299507 -0.000002 0.707107 -0.707107 49.296593 50.714989 0.006911 -0.707107 0.707107 -0.000003 50.002693 0.005220 50.003113 0.707107 -0.000041 -0.707107 
13
51.500000 -50.000000 2.000000 53.000000 52.000000 54.000000
49.293793 -50.703140 0.001363 -0.707107 -0.707107 -0.000020 
51.500000 -50.000000 -51.500000 53.000000 52.000000 53.000000
0.004278 -50.701916 -49.286842 -0.000019 -0.707107 0.707107 49.293793 -50.703140 0.001363 -0.707107 -0.707107 -0.000020 50.001915 0.006630 -49.994820 -0.707107 -0.000000 -0.707107 
51.500000 -50.000000 -51.500000 53.000000 52.000000 53.000000
0.004278 -50.701916 -49.286842 -0.000019 -0.707107 0.707107 49.293793 -50.703140 0.001363 -0.707107 -0.707107 -0.000020 50.001915 0.006630 -49.994820 0.707107 0.000000 0.707107 
-2.000000 -50.000000 55.500000 54.000000 52.000000 53.000000
0.004381 -50.703392 49.294899 -0.000005 -0.707107 -0.707107 
51.500000 -50.000000 55.500000 53.000000 52.000000 53.000000
0.004381 -50.703392 49.294899 -0.000005 -0.707107 -0.707107 49.293793 -50.703140 0.001363 -0.707107 -0.707107 -0.000020 50.002693 0.005220 50.003113 -0.707107 0.000041 0.707107 
51.500000 -50.000000 55.500000 53.000000 52.000000 53.000000
0.004381 -50.703392 49.294899 -0.000005 -0.707107 -0.707107 49.293793 -50.703140 0.001363 -0.707107 -0.707107 -0.000020 50.002693 0.005220 50.003113 0.707107 -0.000041 -0.707107 
-2.000000 -50.000000 2.000000 54.000000 52.000000 54.000000

-55.500000 -50.000000 2.000000 53.000000 52.000000 54.000000
-49.285110 -50.702171 0.006676 0.707107 -0.707107 -0.000002 
-55.500000 -50.000000 55.500000 53.000000 52.000000 53.000000
-49.285110 -50.702171 0.006676 0.707107 -0.707107 -0.000002 -49.995575 0.005919 50.005508 -0.707107 -0.000058 -0.707107 0.004381 -50.703392 49.294899 -0.000005 -0.707107 -0.707107 
-55.500000 -50.000000 55.500000 53.000000 52.000000 53.000000
-49.285110 -50.702171 0.006676 0.707107 -0.707107 -0.000002 -49.995575 0.005919 50.005508 0.707107 0.000058 0.707107 0.004381 -50.703392 49.294899 -0.000005 -0.707107 -0.707107 
-2.000000 -50.000000 -51.500000 54.000000 52.000000 53.000000
0.004278 -50.701916 -49.286842 -0.000019 -0.707107 0.707107 
-55.500000 -50.000000 -51.500000 53.000000 52.000000 53.000000
-49.285110 -50.702171 0.006676 0.707107 -0.707107 -0.000002 -49.994919 0.006763 -49.993191 0.707107 0.000055 -0.707107 0.004278 -50.701916 -49.286842 -0.000019 -0.707107 0.707107 
-55.500000 -50.000000 -51.500000 53.000000 52.000000 53.000000
-49.285110 -50.702171 0.006676 0.707107 -0.707107 -0.000002 -49.994919 0.006763 -49.993191 -0.707107 -0.000055 0.707107 0.004278 -50.701916 -49.286842 -0.000019 -0.707107 0.707107 
15
-56.000000 4.000000 2.000000 52.000000 54.000000 54.000000

-56.000000 -49.500000 2.000000 52.000000 53.000000 54.000000
-50.699326 -49.287956 0.006679 -0.707107 0.707107 0.000002 
-56.000000 4.000000 -51.500000 52.000000 54.000000 53.000000
-50.702026 0.006709 -49.286083 -0.707107 -0.000055 0.707107 
-56.000000 -49.500000 -51.500000 52.000000 53.000000 53.000000
-50.699326 -49.287956 0.006679 -0.707107 0.707107 0.000002 -50.702026 0.006709 -49.286083 -0.707107 -0.000055 0.707107 0.004297 -49.994808 -49.993950 0.000019 0.707107 -0.707107 
-56.000000 -49.500000 -51.500000 52.000000 53.000000 53.000000
-50.699326 -49.287956 0.006679 -0.707107 0.707107 0.000002 -50.702026 0.006709 -49.286083 -0.707107 -0.000055 0.707107 0.004297 -49.994808 -49.993950 -0.000019 -0.707107 0.707107 
-56.000000 57.500000 2.000000 52.000000 53.000000 54.000000
-49.998276 50.007744 0.005642 -1.000000 -0.000000 -0.000000 
-56.000000 57.500000 -51.500000 52.000000 53.000000 53.000000
-50.702026 0.006709 -49.286083 -0.707107 -0.000055 0.707107 -49.998276 50.007744 0.005642 1.000000 0.000000 0.000000 0.002697 50.008202 -49.994061 -0.000015 -0.707107 -0.707107 
-56.000000 57.500000 -51.500000 52.000000 53.000000 53.000000
-50.702026 0.006709 -49.286083 -0.707107 -0.000055 0.707107 -49.998276 50.007744 0.005642 -1.000000 -0.000000 -0.000000 0.002697 50.008202 -49.994061 -0.000015 -0.707107 -0.707107 
-56.000000 57.500000 -51.500000 52.000000 53.000000 53.000000
-50.702026 0.006709 -49.286083 -0.707107 -0.000055 0.707107 -49.998276 50.007744 0.005642 -1.000000 -0.000000 -0.000000 0.002697 50.008202 -49.994061 0.000015 0.707107 0.707107 
-56.000000 57.500000 55.500000 52.000000 53.000000 53.000000
-49.998276 50.007744 0.005642 1.000000 0.000000 0.000000 -50.702682 0.005861 49.298401 -0.707107 -0.000058 -0.707107 0.002729 50.007423 50.006615 0.000002 -0.707107 0.707107 
-56.000000 57.500000 55.500000 52.000000 53.000000 53.000000
-49.998276 50.007744 0.005642 -1.000000 -0.000000 -0.000000 -50.702682 0.005861 49.298401 -0.707107 -0.000058 -0.707107 0.002729 50.007423 50.006615 -0.000002 0.707107 -0.707107 
-56.000000 57.500000 55.500000 52.000000 53.000000 53.000000
-49.998276 50.007744 0.005642 -1.000000 -0.000000 -0.000000 -50.702682 0.005861 49.298401 -0.707107 -0.000058 -0.707107 0.002729 50.007423 50.006615 0.000002 -0.707107 0.707107 
-56.000000 4.000000 55.500000 52.000000 54.000000 53.000000
-50.702682 0.005861 49.298401 -0.707107 -0.000058 -0.707107 
-56.000000 -49.500000 55.500000 52.000000 53.000000 53.000000
-50.699326 -49.287956 0.006679 -0.707107 0.707107 0.000002 -50.702682 0.005861 49.298401 -0.707107 -0.000058 -0.707107 0.004387 -49.996284 50.002007 -0.000005 -0.707107 -0.707107 
-56.000000 -49.500000 55.500000 52.000000 53.000000 53.000000
-50.699326 -49.287956 0.006679 -0.707107 0.707107 0.000002 -50.702682 0.005861 49.298401 -0.707107 -0.000058 -0.707107 0.004387 -49.996284 50.002007 0.000005 0.707107 0.707107 
13
52.000000 -49.500000 2.000000 52.000000 53.000000 54.000000
50.708008 -49.288925 0.001403 0.707107 0.707107 0.000020 
52.000000 -49.500000 -51.500000 52.000000 53.000000 53.000000
0.004297 -49.994808 -49.993950 0.000019 0.707107 -0.707107 50.708008 -49.288925 0.001403 0.707107 0.707107 0.000020 50.709023 0.006630 -49.287712 0.707107 0.000000 0.707107 
52.000000 -49.500000 -51.500000 52.000000 53.000000 53.000000
0.004297 -49.994808 -49.993950 -0.000019 -0.707107 0.707107 50.708008 -49.288925 0.001403 0.707107 0.707107 0.000020 50.709023 0.006630 -49.287712 0.707107 0.000000 0.707107 
52.000000 4.000000 55.500000 52.000000 54.000000 53.000000
50.709801 0.005180 49.296005 0.707107 -0.000041 -0.707107 
52.000000 -49.500000 55.500000 52.000000 53.000000 53.000000
0.004387 -49.996284 50.002007 0.000005 0.707107 0.707107 50.708008 -49.288925 0.001403 0.707107 0.707107 0.000020 50.709801 0.005180 49.296005 0.707107 -0.000041 -0.707107 
52.000000 -49.500000 55.500000 52.000000 53.000000 53.000000
0.004387 -49.996284 50.002007 -0.000005 -0.707107 -0.707107 50.708008 -49.288925 0.001403 0.707107 0.707107 0.000020 50.709801 0.005180 49.296005 0.707107 -0.000041 -0.707107 
52.000000 4.000000 2.000000 52.000000 54.000000 54.000000

52.000000 57.500000 2.000000 52.000000 53.000000 54.000000
50.710808 49.300774 0.006917 0.707107 -0.707107 0.000003 
52.000000 57.500000 55.500000 52.000000 53.000000 53.000000
0.002729 50.007423 50.006615 -0.000002 0.707107 -0.707107 50.710808 49.300774 0.006917 0.707107 -0.707107 0.000003 50.709801 0.005180 49.296005 0.707107 -0.000041 -0.707107 
52.000000 57.500000 55.500000 52.000000 53.000000 53.000000
0.002729 50.007423 50.006615 0.000002 -0.707107 0.707107 50.710808 49.300774 0.006917 0.707107 -0.707107 0.000003 50.709801 0.005180 49.296005 0.707107 -0.000041 -0.707107 
52.000000 4.000000 -51.500000 52.000000 54.000000 53.000000
50.709023 0.006630 -49.287712 0.707107 0.000000 0.707107 
52.000000 57.500000 -51.500000 52.000000 53.000000 53.000000
0.002697 50.008202 -49.994061 0.000015 0.707107 0.707107 50.709023 0.006630 -49.287712 0.707107 0.000000 0.707107 50.710808 49.300774 0.006917 0.707107 -0.707107 0.000003 
52.000000 57.500000 -51.500000 52.000000 53.000000 53.000000
0.002697 50.008202 -49.994061 -0.000015 -0.707107 -0.707107 50.709023 0.006630 -49.287712 0.707107 0.000000 0.707107 50.710808 49.300774 0.006917 0.707107 -0.707107 0.000003 
14
51.500000 4.000000 56.000000 53.000000 54.000000 52.000000
49.295586 0.005261 50.710220 -0.707107 0.000041 0.707107 
51.500000 57.500000 56.000000 53.000000 53.000000 52.000000
0.002729 50.007423 50.006615 0.000002 -0.707107 0.707107 50.003700 50.007881 0.006914 -0.707107 0.707107 -0.000003 49.295586 0.005261 50.710220 -0.707107 0.000041 0.707107 
51.500000 57.500000 56.000000 53.000000 53.000000 52.000000
0.002729 50.007423 50.006615 0.000002 -0.707107 0.707107 50.003700 50.007881 0.006914 0.707107 -0.707107 0.000003 49.295586 0.005261 50.710220 -0.707107 0.000041 0.707107 
-2.000000 -49.500000 56.000000 54.000000 53.000000 52.000000
0.004392 -49.289177 50.709114 0.000005 0.707107 0.707107 
51.500000 -49.500000 56.000000 53.000000 53.000000 52.000000
0.004392 -49.289177 50.709114 0.000005 0.707107 0.707107 50.000900 -49.996033 0.001383 -0.707107 -0.707107 -0.000020 49.295586 0.005261 50.710220 -0.707107 0.000041 0.707107 
51.500000 -49.500000 56.000000 53.000000 53.000000 52.000000
0.004392 -49.289177 50.709114 0.000005 0.707107 0.707107 50.000900 -49.996033 0.001383 0.707107 0.707107 0.000020 49.295586 0.005261 50.710220 -0.707107 0.000041 0.707107 
-2.000000 4.000000 56.000000 54.000000 54.000000 52.000000

-55.500000 4.000000 56.000000 53.000000 54.000000 52.000000
-49.288467 0.005976 50.712616 0.707107 0.000058 0.707107 
-55.500000 -49.500000 56.000000 53.000000 53.000000 52.000000
-49.992218 -49.995064 0.006678 -0.707107 0.707107 0.000002 -49.288467 0.005976 50.712616 0.707107 0.000058 0.707107 0.004392 -49.289177 50.709114 0.000005 0.707107 0.707107 
-55.500000 -49.500000 56.000000 53.000000 53.000000 52.000000
-49.992218 -49.995064 0.006678 0.707107 -0.707107 -0.000002 -49.288467 0.005976 50.712616 0.707107 0.000058 0.707107 0.004392 -49.289177 50.709114 0.000005 0.707107 0.707107 
-2.000000 57.500000 56.000000 54.000000 53.000000 52.000000
0.002729 50.007423 50.006615 0.000002 -0.707107 0.707107 
-55.500000 57.500000 56.000000 53.000000 53.000000 52.000000
-49.998276 50.007744 0.005642 1.000000 0.000000 0.000000 -49.288467 0.005976 50.712616 0.707107 0.000058 0.707107 0.002729 50.007423 50.006615 0.000002 -0.707107 0.707107 
-55.500000 57.500000 56.000000 53.000000 53.000000 52.000000
-49.998276 50.007744 0.005642 -1.000000 -0.000000 -0.000000 -49.288467 0.005976 50.712616 0.707107 0.000058 0.707107 0.002729 50.007423 50.006615 0.000002 -0.707107 0.707107 
-55.500000 57.500000 56.000000 53.000000 53.000000 52.000000
-49.998276 50.007744 0.005642 -1.000000 -0.000000 -0.000000 -49.288467 0.005976 50.712616 0.707107 0.000058 0.707107 0.002729 50.007423 50.006615 -0.000002 0.707107 -0.707107 
14
51.500000 4.000000 -52.000000 53.000000 54.000000 52.000000
49.294807 0.006630 -50.701927 -0.707107 -0.000000 -0.707107 
51.500000 57.500000 -52.000000 53.000000 53.000000 52.000000
0.002697 50.008202 -49.994061 -0.000015 -0.707107 -0.707107 49.294807 0.006630 -50.701927 -0.707107 -0.000000 -0.707107 50.003700 50.007881 0.006914 -0.707107 0.707107 -0.000003 
51.500000 57.500000 -52.000000 53.000000 53.000000 52.000000
0.002697 50.008202 -49.994061 -0.000015 -0.707107 -0.707107 49.294807 0.006630 -50.701927 -0.707107 -0.000000 -0.707107 50.003700 50.007881 0.006914 0.707107 -0.707107 0.000003 
-2.000000 -49.500000 -52.000000 54.000000 53.000000 52.000000
0.004316 -49.287701 -50.701057 0.000019 0.707107 -0.707107 
51.500000 -49.500000 -52.000000 53.000000 53.000000 52.000000
0.004316 -49.287701 -50.701057 0.000019 0.707107 -0.707107 50.000900 -49.996033 0.001383 -0.707107 -0.707107 -0.000020 49.294807 0.006630 -50.701927 -0.707107 -0.000000 -0.707107 
51.500000 -49.500000 -52.000000 53.000000 53.000000 52.000000
0.004316 -49.287701 -50.701057 0.000019 0.707107 -0.707107 50.000900 -49.996033 0.001383 0.707107 0.707107 0.000020 49.294807 0.006630 -50.701927 -0.707107 -0.000000 -0.707107 
-2.000000 4.000000 -52.000000 54.000000 54.000000 52.000000

-55.500000 4.000000 -52.000000 53.000000 54.000000 52.000000
-49.287811 0.006818 -50.700298 0.707107 0.000055 -0.707107 
-55.500000 -49.500000 -52.000000 53.000000 53.000000 52.000000
-49.992218 -49.995064 0.006678 -0.707107 0.707107 0.000002 -49.287811 0.006818 -50.700298 0.707107 0.000055 -0.707107 0.004316 -49.287701 -50.701057 0.000019 0.707107 -0.707107 
-55.500000 -49.500000 -52.000000 53.000000 53.000000 52.000000
-49.992218 -49.995064 0.006678 0.707107 -0.707107 -0.000002 -49.287811 0.006818 -50.700298 0.707107 0.000055 -0.707107 0.004316 -49.287701 -50.701057 0.000019 0.707107 -0.707107 
-2.000000 57.500000 -52.000000 54.000000 53.000000 52.000000
0.002697 50.008202 -49.994061 -0.000015 -0.707107 -0.707107 
-55.500000 57.500000 -52.000000 53.000000 53.000000 52.000000
-49.287811 0.006818 -50.700298 0.707107 0.000055 -0.707107 -49.998276 50.007744 0.005642 1.000000 0.000000 0.000000 0.002697 50.008202 -49.994061 -0.000015 -0.707107 -0.707107 
-55.500000 57.500000 -52.000000 53.000000 53.000000 52.000000
-49.287811 0.006818 -50.700298 0.707107 0.000055 -0.707107 -49.998276 50.007744 0.005642 -1.000000 -0.000000 -0.000000 0.002697 50.008202 -49.994061 -0.000015 -0.707107 -0.707107 
-55.500000 57.500000 -52.000000 53.000000 53.000000 52.000000
-49.287811 0.006818 -50.700298 0.707107 0.000055 -0.707107 -49.998276 50.007744 0.005642 -1.000000 -0.000000 -0.000000 0.002697 50.008202 -49.994061 0.000015 0.707107 0.707107 
3
-56.000000 58.000000 -51.500000 52.000000 52.000000 53.000000
-50.702026 0.006709 -49.286083 -0.707107 -0.000055 0.707107 -48.998276 50.007744 0.005642 1.000000 0.000000 0.000000 0.002712 50.715309 -49.286953 0.000015 0.707107 0.707107 
-56.000000 58.000000 2.000000 52.000000 52.000000 54.000000
-48.998276 50.007744 0.005642 1.000000 0.000000 0.000000 
-56.000000 58.000000 55.500000 52.000000 52.000000 53.000000
-48.998276 50.007744 0.005642 1.000000 0.000000 0.000000 -50.702682 0.005861 49.298401 -0.707107 -0.000058 -0.707107 0.002728 50.714531 49.299507 -0.000002 0.707107 -0.707107 
