0.9320774 -0.3140116 0.1806336 
0.7798439 -0.5923812 -0.2023066 
-0.9321178 0.3142911 -0.1799375 
-0.931262 0.3642118 0.01005504 
-0.5538796 0.5835507 0.5938737 
-0.3049941 0.6655791 0.6811629 
0.8966556 -0.4425133 -0.01380832 
0.8324759 -0.5463964 -0.09184116 
0.9148249 -0.4036875 -0.01147442 
0.7359548 -0.5633094 -0.3755701 
0.1073626 0.6658841 0.7382897 
0.435863 0.5426489 0.718022 
-0.4960919 0.5659209 0.6585031 
-0.2340581 0.600674 0.7644655 
0.6883034 -0.7172815 -0.1083775 
0.3365282 -0.8865081 -0.3175723 
0.7657238 -0.6363049 -0.09371839 
0.6704565 -0.6113798 -0.4203604 
0.6713926 0.5455354 0.5016204 
0.8920392 0.408365 0.1936596 
0.0008143505 0.6000899 0.7999321 
0.3469045 0.5728166 0.7426564 
-0.4153037 0.6167596 0.668678 
-0.1788985 0.6211898 0.7629669 
-0.2077364 -0.900936 -0.3809984 
-0.5911894 -0.746458 -0.3054433 
-0.05535971 0.9580373 0.2812469 
0.1011918 -0.6419722 -0.7600209 
0.8782061 0.4072194 0.2508511 
-0.8379202 -0.4538469 -0.3031709 
0.6082688 0.5656655 0.5568048 
-0.7819688 -0.526786 -0.3331985 
-0.0116925 0.621546 0.7832904 
0.3010925 0.645818 0.7016141 
0.7091898 0.6286051 0.3192261 
0.7813162 0.5381669 0.3161035 
0.6577578 0.6870428 0.3087503 
-0.5359018 -0.6606822 -0.5256504 
0.4749774 0.5923357 0.6507956 
-0.5396036 -0.507773 -0.6715612 
-0.6211381 0.5630077 0.5451695 
0.6882861 -0.5064822 -0.519363 
-0.1092143 0.5864247 0.8026072 
0.1133505 -0.5889471 -0.8001831 
