208
1 64
1 63
2 63
2 62
3 62
3 61
4 61
4 60
6 24
6 23
7 23
7 22
8 22
8 21
9 21
9 20
11 4
11 3
12 3
12 2
13 2
13 1
14 1
14 0
16 5
16 6
17 6
17 7
18 7
18 8
19 8
19 9
22 39
22 38
23 38
23 37
24 37
24 36
25 36
25 35
27 14
27 13
28 13
28 12
29 12
29 11
30 11
30 10
31 15
31 16
32 16
32 17
33 17
33 18
34 18
34 19
38 74
38 73
39 73
39 72
40 72
40 71
41 71
41 70
43 29
43 28
44 28
44 27
45 27
45 26
46 26
46 25
47 30
47 31
48 31
48 32
49 32
49 33
50 33
50 34
54 44
54 43
55 43
55 42
56 42
56 41
57 41
57 40
58 45
58 46
59 46
59 47
60 47
60 48
61 48
61 49
63 118
63 119
64 117
64 118
65 116
65 117
66 115
66 116
68 98
68 99
69 97
69 98
70 96
70 97
71 95
71 96
73 53
73 54
74 52
74 53
75 51
75 52
76 50
76 51
77 55
77 56
78 56
78 57
79 57
79 58
80 58
80 59
84 128
84 129
85 127
85 128
86 126
86 127
87 125
87 126
88 113
88 114
89 112
89 113
90 111
90 112
91 110
91 111
93 88
93 89
94 87
94 88
95 86
95 87
96 85
96 86
97 90
97 91
98 91
98 92
99 92
99 93
100 93
100 94
102 123
102 124
103 122
103 123
104 121
104 122
105 120
105 121
106 108
106 109
107 107
107 108
108 106
108 107
109 105
109 106
112 104
112 103
113 103
113 102
114 102
114 101
115 101
115 100
116 69
116 68
117 68
117 67
118 67
118 66
119 66
119 65
121 78
121 79
122 77
122 78
123 76
123 77
124 75
124 76
125 81
125 80
126 82
126 81
127 83
127 82
128 84
128 83
