0.8316368 -0.5059856 0.2288204 0.836993 -0.5021893 0.2173677 -0.836993 0.5021893 -0.2173677
0.8364975 -0.5025225 0.218502 0.836993 -0.5021893 0.2173677 -0.836993 0.5021893 -0.2173677
0.8386454 -0.5009815 0.2137553 0.836993 -0.5021893 0.2173677 -0.836993 0.5021893 -0.2173677
0.83937 -0.5004603 0.212126 0.836993 -0.5021893 0.2173677 -0.836993 0.5021893 -0.2173677
0.8387113 -0.5009342 0.2136079 0.836993 -0.5021893 0.2173677 -0.836993 0.5021893 -0.2173677
-0.6457605 -0.574894 -0.5024841 -0.649968 -0.5778571 -0.4935815 0.649968 0.5778571 0.4935815
-0.6495243 -0.5775318 -0.4945455 -0.649968 -0.5778571 -0.4935815 0.649968 0.5778571 0.4935815
-0.6516652 -0.5790803 -0.4898964 -0.649968 -0.5778571 -0.4935815 0.649968 0.5778571 0.4935815
-0.6520398 -0.5793333 -0.4890982 -0.649968 -0.5778571 -0.4935815 0.649968 0.5778571 0.4935815
-0.6508 -0.5784013 -0.4918447 -0.649968 -0.5778571 -0.4935815 0.649968 0.5778571 0.4935815
0.4329363 0.2873342 -0.8544034 0.4325717 0.2875192 -0.8545259 -0.4325717 -0.2875192 0.8545259
0.4324969 0.2879156 -0.8544302 0.4325717 0.2875192 -0.8545259 -0.4325717 -0.2875192 0.8545259
0.4320168 0.2876627 -0.8547583 0.4325717 0.2875192 -0.8545259 -0.4325717 -0.2875192 0.8545259
0.4324722 0.2873489 -0.8546335 0.4325717 0.2875192 -0.8545259 -0.4325717 -0.2875192 0.8545259
0.4329364 0.2873343 -0.8544034 0.4325717 0.2875192 -0.8545259 -0.4325717 -0.2875192 0.8545259
0.3662527 -0.07562859 0.9274369 0.3670604 -0.07869473 0.9268624 -0.3670604 0.07869473 -0.9268624
0.3662544 -0.07563501 0.9274358 0.3670604 -0.07869473 0.9268624 -0.3670604 0.07869473 -0.9268624
0.3666333 -0.0770813 0.9271669 0.3670604 -0.07869473 0.9268624 -0.3670604 0.07869473 -0.9268624
0.367403 -0.08003446 0.9266118 0.3670604 -0.07869473 0.9268624 -0.3670604 0.07869473 -0.9268624
0.3687455 -0.08509152 0.9256275 0.3670604 -0.07869473 0.9268624 -0.3670604 0.07869473 -0.9268624
-0.3436993 -0.6748343 0.6530463 -0.3467073 -0.6746972 0.6515964 0.3467073 0.6746972 -0.6515964
-0.3450902 -0.6747711 0.6523777 -0.3467073 -0.6746972 0.6515964 0.3467073 0.6746972 -0.6515964
-0.3465894 -0.6747012 0.651655 -0.3467073 -0.6746972 0.6515964 0.3467073 0.6746972 -0.6515964
-0.3482066 -0.6746252 0.650871 -0.3467073 -0.6746972 0.6515964 0.3467073 0.6746972 -0.6515964
-0.3499458 -0.6745441 0.6500218 -0.3467073 -0.6746972 0.6515964 0.3467073 0.6746972 -0.6515964
0.4396536 0.2861378 -0.8513694 0.4400755 0.285896 -0.8512326 -0.4400755 -0.285896 0.8512326
0.4401666 0.2853908 -0.8513551 0.4400755 0.285896 -0.8512326 -0.4400755 -0.285896 0.8512326
0.4407091 0.2857044 -0.8509691 0.4400755 0.285896 -0.8512326 -0.4400755 -0.285896 0.8512326
0.4401946 0.2861089 -0.8510995 0.4400755 0.285896 -0.8512326 -0.4400755 -0.285896 0.8512326
0.4396536 0.2861378 -0.8513694 0.4400755 0.285896 -0.8512326 -0.4400755 -0.285896 0.8512326
-0.3618879 -0.2743507 0.8909371 -0.3612555 -0.2767305 0.8904575 0.3612555 0.2767305 -0.8904575
-0.3613493 -0.2763639 0.8905334 -0.3612555 -0.2767305 0.8904575 0.3612555 0.2767305 -0.8904575
-0.3610645 -0.2774549 0.8903096 -0.3612555 -0.2767305 0.8904575 0.3612555 0.2767305 -0.8904575
-0.3609574 -0.2778629 0.8902258 -0.3612555 -0.2767305 0.8904575 0.3612555 0.2767305 -0.8904575
-0.361017 -0.2776187 0.8902779 -0.3612555 -0.2767305 0.8904575 0.3612555 0.2767305 -0.8904575
0.3254822 -0.6500084 -0.6866953 0.3276736 -0.6500379 -0.6856244 -0.3276736 0.6500379 0.6856244
0.3281833 -0.6500489 -0.6853701 0.3276736 -0.6500379 -0.6856244 -0.3276736 0.6500379 0.6856244
0.3293356 -0.6500495 -0.6848166 0.3276736 -0.6500379 -0.6856244 -0.3276736 0.6500379 0.6856244
0.3288109 -0.650048 -0.68507 0.3276736 -0.6500379 -0.6856244 -0.3276736 0.6500379 0.6856244
0.3265539 -0.6500306 -0.6861653 0.3276736 -0.6500379 -0.6856244 -0.3276736 0.6500379 0.6856244
-0.8965618 0.04166753 -0.4409544 -0.8965532 0.04168074 -0.4409707 0.8965532 -0.04168074 0.4409707
-0.8965514 0.04167438 -0.4409749 -0.8965532 0.04168074 -0.4409707 0.8965532 -0.04168074 0.4409707
-0.8965411 0.0416908 -0.4409945 -0.8965532 0.04168074 -0.4409707 0.8965532 -0.04168074 0.4409707
-0.8965499 0.04170348 -0.4409752 -0.8965532 0.04168074 -0.4409707 0.8965532 -0.04168074 0.4409707
-0.8965618 0.04166752 -0.4409545 -0.8965532 0.04168074 -0.4409707 0.8965532 -0.04168074 0.4409707
0.7683539 0.3865667 0.5100967 0.7669008 0.3857138 0.512921 -0.7669008 -0.3857138 -0.512921
0.7676923 0.3861844 0.5113808 0.7669008 0.3857138 0.512921 -0.7669008 -0.3857138 -0.512921
0.766978 0.3857805 0.5127556 0.7669008 0.3857138 0.512921 -0.7669008 -0.3857138 -0.512921
0.7661866 0.3853122 0.5142885 0.7669008 0.3857138 0.512921 -0.7669008 -0.3857138 -0.512921
0.7652819 0.3847198 0.5160758 0.7669008 0.3857138 0.512921 -0.7669008 -0.3857138 -0.512921
0.114979 -0.9572856 -0.2652999 0.117287 -0.9558107 -0.269573 -0.117287 0.9558107 0.269573
0.1177353 -0.9552877 -0.2712264 0.117287 -0.9558107 -0.269573 -0.117287 0.9558107 0.269573
0.1190752 -0.9545146 -0.2733551 0.117287 -0.9558107 -0.269573 -0.117287 0.9558107 0.269573
0.1196614 -0.9546369 -0.2726712 0.117287 -0.9558107 -0.269573 -0.117287 0.9558107 0.269573
0.114979 -0.9572856 -0.2652999 0.117287 -0.9558107 -0.269573 -0.117287 0.9558107 0.269573
-0.891533 0.3290991 -0.3112279 -0.8929621 0.3281012 -0.3081695 0.8929621 -0.3281012 0.3081695
-0.8928439 0.3281848 -0.3084227 -0.8929621 0.3281012 -0.3081695 0.8929621 -0.3281012 0.3081695
-0.8935586 0.3276822 -0.3068835 -0.8929621 0.3281012 -0.3081695 0.8929621 -0.3281012 0.3081695
-0.8936925 0.3275866 -0.3065957 -0.8929621 0.3281012 -0.3081695 0.8929621 -0.3281012 0.3081695
-0.8931743 0.3279502 -0.3077148 -0.8929621 0.3281012 -0.3081695 0.8929621 -0.3281012 0.3081695
-0.2888059 0.700507 0.6525958 -0.2889387 0.7005127 0.6525307 0.2889387 -0.7005127 -0.6525307
-0.2891349 0.7005222 0.6524336 -0.2889387 0.7005127 0.6525307 0.2889387 -0.7005127 -0.6525307
-0.2891658 0.7005229 0.6524192 -0.2889387 0.7005127 0.6525307 0.2889387 -0.7005127 -0.6525307
-0.288972 0.7005134 0.6525152 -0.2889387 0.7005127 0.6525307 0.2889387 -0.7005127 -0.6525307
-0.288615 0.700498 0.6526898 -0.2889387 0.7005127 0.6525307 0.2889387 -0.7005127 -0.6525307
0.1657527 0.9408795 -0.2954181 0.1683147 0.9407977 -0.2942277 -0.1683147 -0.9407977 0.2942277
0.1669462 0.9408436 -0.2948597 0.1683147 0.9407977 -0.2942277 -0.1683147 -0.9407977 0.2942277
0.168221 0.9408019 -0.2942679 0.1683147 0.9407977 -0.2942277 -0.1683147 -0.9407977 0.2942277
0.1695808 0.9407542 -0.293639 0.1683147 0.9407977 -0.2942277 -0.1683147 -0.9407977 0.2942277
0.1710712 0.940699 -0.2929506 0.1683147 0.9407977 -0.2942277 -0.1683147 -0.9407977 0.2942277
0.3841709 -0.5315565 -0.754891 0.3840706 -0.5315495 -0.754947 -0.3840706 0.5315495 0.754947
0.3847277 -0.5315498 -0.7546121 0.3840706 -0.5315495 -0.754947 -0.3840706 0.5315495 0.754947
0.3846951 -0.5315448 -0.7546322 0.3840706 -0.5315495 -0.754947 -0.3840706 0.5315495 0.754947
0.3840393 -0.5315459 -0.7549654 0.3840706 -0.5315495 -0.754947 -0.3840706 0.5315495 0.754947
0.3827195 -0.5315495 -0.7556328 0.3840706 -0.5315495 -0.754947 -0.3840706 0.5315495 0.754947
-0.4600621 -0.7663336 -0.4484145 -0.4596277 -0.7660911 -0.4492736 0.4596277 0.7660911 0.4492736
-0.460053 -0.7663286 -0.4484327 -0.4596277 -0.7660911 -0.4492736 0.4596277 0.7660911 0.4492736
-0.4598334 -0.7662064 -0.4488664 -0.4596277 -0.7660911 -0.4492736 0.4596277 0.7660911 0.4492736
-0.4594184 -0.7659756 -0.4496845 -0.4596277 -0.7660911 -0.4492736 0.4596277 0.7660911 0.4492736
-0.4587702 -0.7656091 -0.4509684 -0.4596277 -0.7660911 -0.4492736 0.4596277 0.7660911 0.4492736
-0.8988495 0.0344129 -0.4369043 -0.8992295 0.03387208 -0.436164 0.8992295 -0.03387208 0.436164
-0.8993291 0.03411692 -0.4359396 -0.8992295 0.03387208 -0.436164 0.8992295 -0.03387208 0.436164
-0.8997 0.03350913 -0.4352206 -0.8992295 0.03387208 -0.436164 0.8992295 -0.03387208 0.436164
-0.8994173 0.03290845 -0.4358503 -0.8992295 0.03387208 -0.436164 0.8992295 -0.03387208 0.436164
-0.8988495 0.0344129 -0.4369043 -0.8992295 0.03387208 -0.436164 0.8992295 -0.03387208 0.436164
0.1011192 -0.9569098 -0.2722107 0.1020688 -0.9563136 -0.2739461 -0.1020688 0.9563136 0.2739461
0.1022342 -0.9560869 -0.2746745 0.1020688 -0.9563136 -0.2739461 -0.1020688 0.9563136 0.2739461
0.1027934 -0.9557878 -0.2755055 0.1020688 -0.9563136 -0.2739461 -0.1020688 0.9563136 0.2739461
0.1030774 -0.9558662 -0.2751271 0.1020688 -0.9563136 -0.2739461 -0.1020688 0.9563136 0.2739461
0.1011192 -0.9569098 -0.2722107 0.1020688 -0.9563136 -0.2739461 -0.1020688 0.9563136 0.2739461
-0.8648232 -0.1901196 -0.4646887 -0.8646143 -0.1899714 -0.4651376 0.8646143 0.1899714 0.4651376
-0.864759 -0.190074 -0.4648267 -0.8646143 -0.1899714 -0.4651376 0.8646143 0.1899714 0.4651376
-0.8646649 -0.1900072 -0.465029 -0.8646143 -0.1899714 -0.4651376 0.8646143 0.1899714 0.4651376
-0.864516 -0.1899017 -0.4653487 -0.8646143 -0.1899714 -0.4651376 0.8646143 0.1899714 0.4651376
-0.8643082 -0.1897547 -0.4657945 -0.8646143 -0.1899714 -0.4651376 0.8646143 0.1899714 0.4651376
0.09649003 -0.9560218 -0.2769694 0.09656183 -0.9560235 -0.2769384 -0.09656183 0.9560235 0.2769384
0.09661534 -0.956023 -0.2769216 0.09656183 -0.9560235 -0.2769384 -0.09656183 0.9560235 0.2769384
0.09662477 -0.9560256 -0.2769094 0.09656183 -0.9560235 -0.2769384 -0.09656183 0.9560235 0.2769384
0.09658904 -0.9560255 -0.2769223 0.09656183 -0.9560235 -0.2769384 -0.09656183 0.9560235 0.2769384
0.09649003 -0.9560218 -0.2769695 0.09656183 -0.9560235 -0.2769384 -0.09656183 0.9560235 0.2769384
0.3800392 -0.3575387 -0.8530747 0.3799175 -0.3575344 -0.8531306 -0.3799175 0.3575344 0.8531306
0.3795217 -0.3575194 -0.853313 0.3799175 -0.3575344 -0.8531306 -0.3799175 0.3575344 0.8531306
0.3794577 -0.3575173 -0.8533425 0.3799175 -0.3575344 -0.8531306 -0.3799175 0.3575344 0.8531306
0.3798488 -0.3575318 -0.8531623 0.3799175 -0.3575344 -0.8531306 -0.3799175 0.3575344 0.8531306
0.3807198 -0.3575648 -0.8527601 0.3799175 -0.3575344 -0.8531306 -0.3799175 0.3575344 0.8531306
-0.3910765 0.2623227 0.8821825 -0.3904724 0.2623102 0.8824538 0.3904724 -0.2623102 -0.8824538
-0.3899235 0.262299 0.8826998 -0.3904724 0.2623102 0.8824538 0.3904724 -0.2623102 -0.8824538
-0.3896308 0.2622921 0.882831 -0.3904724 0.2623102 0.8824538 0.3904724 -0.2623102 -0.8824538
-0.3901784 0.2623028 0.882586 -0.3904724 0.2623102 0.8824538 0.3904724 -0.2623102 -0.8824538
-0.3915525 0.2623339 0.8819681 -0.3904724 0.2623102 0.8824538 0.3904724 -0.2623102 -0.8824538
0.09633317 -0.9544927 -0.2822475 0.09658231 -0.9544984 -0.2821431 -0.09658231 0.9544984 0.2821431
0.09672052 -0.9544928 -0.2821147 0.09658231 -0.9544984 -0.2821431 -0.09658231 0.9544984 0.2821431
0.09682777 -0.9545059 -0.2820336 0.09658231 -0.9544984 -0.2821431 -0.09658231 0.9544984 0.2821431
0.09669688 -0.9545077 -0.2820722 0.09658231 -0.9544984 -0.2821431 -0.09658231 0.9544984 0.2821431
0.09633316 -0.9544927 -0.2822475 0.09658231 -0.9544984 -0.2821431 -0.09658231 0.9544984 0.2821431
0.3078026 -0.6395827 -0.7044087 0.3077412 -0.6395802 -0.7044376 -0.3077412 0.6395802 0.7044376
0.307985 -0.6395895 -0.7043228 0.3077412 -0.6395802 -0.7044376 -0.3077412 0.6395802 0.7044376
0.3079408 -0.6395879 -0.7043435 0.3077412 -0.6395802 -0.7044376 -0.3077412 0.6395802 0.7044376
0.3077098 -0.6395792 -0.7044525 0.3077412 -0.6395802 -0.7044376 -0.3077412 0.6395802 0.7044376
0.3072677 -0.6395622 -0.7046608 0.3077412 -0.6395802 -0.7044376 -0.3077412 0.6395802 0.7044376
0.07785118 0.9900259 -0.1174217 0.08038817 0.9899595 -0.1162668 -0.08038817 -0.9899595 0.1162668
0.07917967 0.989992 -0.1168184 0.08038817 0.9899595 -0.1162668 -0.08038817 -0.9899595 0.1162668
0.08043381 0.9899581 -0.1162467 0.08038817 0.9899595 -0.1162668 -0.08038817 -0.9899595 0.1162668
0.08163918 0.989924 -0.1156963 0.08038817 0.9899595 -0.1162668 -0.08038817 -0.9899595 0.1162668
0.08283622 0.9898882 -0.1151497 0.08038817 0.9899595 -0.1162668 -0.08038817 -0.9899595 0.1162668
-0.372754 -0.5777571 0.7261207 -0.3731547 -0.5777402 0.7259282 0.3731547 0.5777402 -0.7259282
-0.3734003 -0.5777299 0.7258101 -0.3731547 -0.5777402 0.7259282 0.3731547 0.5777402 -0.7259282
-0.3735995 -0.5777215 0.7257144 -0.3731547 -0.5777402 0.7259282 0.3731547 0.5777402 -0.7259282
-0.3733422 -0.5777323 0.7258382 -0.3731547 -0.5777402 0.7259282 0.3731547 0.5777402 -0.7259282
-0.3726772 -0.5777602 0.7261575 -0.3731547 -0.5777402 0.7259282 0.3731547 0.5777402 -0.7259282
0.8844512 0.1343042 0.4468877 0.8844512 0.1343042 0.4468877 -0.8844512 -0.1343042 -0.4468877
0.9674945 0.2184997 0.1273273 0.9674945 0.2184997 0.1273273 -0.9674945 -0.2184997 -0.1273273
0.9354511 0.001296903 0.3534537 0.9354511 0.001296903 0.3534538 -0.9354511 -0.001296903 -0.3534538
0.8915503 -0.01731853 0.4525905 0.8915503 -0.01731853 0.4525905 -0.8915503 0.01731853 -0.4525905
0.8058999 -0.0568445 0.5893165 0.8058999 -0.05684451 0.5893166 -0.8058999 0.05684451 -0.5893166
0.9981056 -0.008695317 0.06090694 0.9981056 -0.008695317 0.06090694 -0.9981056 0.008695317 -0.06090694
0.7004506 -0.02492042 0.7132656 0.7004507 -0.02492042 0.7132657 -0.7004507 0.02492042 -0.7132657
0.2015475 -0.1091698 0.9733758 0.2015475 -0.1091698 0.9733759 -0.2015475 0.1091698 -0.9733759
0.6964839 -0.05919876 0.7151265 0.6964839 -0.05919876 0.7151265 -0.6964839 0.05919876 -0.7151265
0.06457272 -0.1146262 0.9913079 0.06457272 -0.1146262 0.9913079 -0.06457272 0.1146262 -0.9913079
0.6810309 -0.0615516 0.7296633 0.6810309 -0.0615516 0.7296633 -0.6810309 0.0615516 -0.7296633
0.6783046 -0.03343377 0.7340198 0.6783046 -0.03343377 0.7340198 -0.6783046 0.03343377 -0.7340198
