129 142
-0.641591 0.00736874 -0.172469
-0.554744 0.00385151 -0.130291
-0.478437 0.000581188 -0.0929869
-0.410349 -0.00247663 -0.0595256
-0.348161 -0.00535632 -0.0288742
-0.289552 -0.00809227 -4.47697E-14
-0.213384 -0.01162 0.037345
-0.137342 -0.0151128 0.0744061
-0.0616592 -0.0185481 0.111102
0.0134291 -0.0219036 0.147351
0.0876887 -0.025157 0.183072
0.132541 0.00707159 0.0825433
0.186251 0.0458374 -0.0385254
0.243316 0.08685159 -0.166288
0.298234 0.125825 -0.286899
0.345503 0.158469 -0.386511
0.378347 0.180925 -0.454412
0.409191 0.202499 -0.520116
0.439588 0.223986 -0.585949
0.471089 0.246185 -0.654239
0.505246 0.269892 -0.7273139
-0.380553 0.353608 -0.68367
-0.311229 0.352619 -0.649741
-0.240769 0.35214 -0.615468
-0.169189 0.351735 -0.58066
-0.0965062 0.350968 -0.545129
-0.0227367 0.349405 -0.508684
0.111854 0.349055 -0.440603
0.203387 0.346174 -0.395253
0.264449 0.324375 -0.371727
0.307625 0.267269 -0.369115
0.363324 0.09360521 -0.398838
0.38249 0.0215892 -0.41228
0.402129 -0.0534451 -0.426284
0.421368 -0.127365 -0.440297
0.439334 -0.196036 -0.453767
0.457794 -0.268992 -0.468839
-0.205422 0.451882 -1.03042
-0.137288 0.451932 -0.995946
-0.0663645 0.452156 -0.960026
0.00631019 0.452376 -0.923133
0.0796996 0.452415 -0.885744
0.152767 0.452095 -0.848334
0.288879 0.452588 -0.777879
0.378266 0.447803 -0.733256
0.434846 0.424552 -0.71176
0.472533 0.369645 -0.710681
0.522957 0.204839 -0.740152
0.541803 0.134518 -0.754328
0.561252 0.0614027 -0.769226
0.580768 -0.0120326 -0.784234
0.599821 -0.0833146 -0.798736
0.618306 -0.155098 -0.813747
-0.29085 -0.152915 -0.0110052
-0.281915 0.105587 -0.00478576
-0.257435 0.179736 -0.0475439
-0.210091 0.232796 -0.138778
-0.133865 0.283206 -0.28899
0.011946 0.370164 -0.576658
0.0475739 0.390747 -0.645687
0.0834107 0.411219 -0.714694
0.11872 0.431646 -0.782602
-0.641306 -0.384318 -0.189451
-0.567836 -0.38715 -0.154844
-0.496454 -0.389899 -0.121168
-0.42652 -0.39256 -0.0881763
-0.357395 -0.395126 -0.0556193
-0.288439 -0.397592 -0.0232488
-0.217812 -0.400275 0.010617
-0.133991 -0.403373 0.0505487
-0.0463292 -0.405837 0.0896443
0.035821 -0.406618 0.121002
0.103107 -0.40467 0.137719
0.158239 -0.387046 0.0980199
0.228022 -0.346936 -0.0117834
0.30386 -0.294775 -0.160886
0.377162 -0.240996 -0.318482
0.472956 -0.172693 -0.525396
0.506035 -0.149496 -0.596472
0.538353 -0.126698 -0.66623
0.569688 -0.104552 -0.733906
-0.288858 -0.251031 -0.0177167
-0.288524 -0.472164 -0.0259349
-0.641865 -0.457287 -0.195725
-0.570286 -0.460298 -0.161385
-0.499336 -0.463303 -0.127283
-0.428842 -0.46629 -0.0933704
-0.358629 -0.469248 -0.0596031
-0.211159 -0.475564 0.0119683
-0.132772 -0.478787 0.0497465
-0.0535489 -0.480878 0.084022
0.0263271 -0.480881 0.111417
0.106671 -0.47784 0.128555
0.17299 -0.459602 0.0890782
0.248523 -0.419086 -0.0233866
0.32601 -0.366804 -0.175853
0.398188 -0.313269 -0.335333
0.492405 -0.244408 -0.543311
0.526202 -0.220402 -0.616003
0.558744 -0.197298 -0.685951
0.589592 -0.175422 -0.752187
-0.64077 -0.241265 -0.177811
-0.57181 -0.243376 -0.14635
-0.50183 -0.245419 -0.11445
-0.431139 -0.247384 -0.0822713
-0.360045 -0.249259 -0.0499736
-0.210454 -0.252869 0.0176377
-0.132442 -0.254606 0.0526419
-0.0550817 -0.25626 0.0872757
0.0213686 -0.257849 0.121519
0.0966489 -0.259392 0.15535
-0.646169 -0.139342 -0.174921
-0.5777 -0.141974 -0.143249
-0.507375 -0.144648 -0.110818
-0.435753 -0.147363 -0.0778322
-0.363391 -0.150119 -0.0444936
-0.212072 -0.155907 0.0253903
-0.133912 -0.158736 0.0614653
-0.0567341 -0.161395 0.0970837
0.0190981 -0.163874 0.132109
0.0932201 -0.166163 0.166407
-0.239877 0.4325 -0.962464
-0.275134 0.412859 -0.892988
-0.310678 0.393081 -0.822815
-0.34599 0.37329 -0.752767
-0.479545 0.299007 -0.484313
-0.551642 0.254453 -0.339066
-0.600346 0.202576 -0.242378
-0.629161 0.126005 -0.188697
14 15
13 14
12 13
11 12
10 11
15 16
16 17
17 18
18 19
19 20
15 30
29 30
28 29
27 28
26 27
15 31
31 32
32 33
33 34
34 35
9 10
8 9
7 8
6 7
5 6
20 46
45 46
44 45
43 44
42 43
20 47
47 48
48 49
49 50
50 51
25 26
24 25
23 24
22 23
21 22
26 57
56 57
55 56
54 55
5 54
26 58
58 59
59 60
60 61
42 61
35 76
75 76
74 75
73 74
72 73
35 77
77 78
78 79
79 80
51 80
4 5
3 4
2 3
1 2
0 1
119 120
118 119
117 118
116 117
53 116
41 42
40 41
39 40
38 39
37 38
21 124
123 124
122 123
121 122
37 121
21 125
125 126
126 127
127 128
0 128
36 96
95 96
94 95
93 94
92 93
36 97
97 98
98 99
99 100
52 100
71 72
70 71
69 70
68 69
67 68
53 115
114 115
113 114
112 113
111 112
109 110
108 109
107 108
106 107
81 106
91 92
90 91
89 90
88 89
82 88
66 67
65 66
64 65
63 64
62 63
81 105
104 105
103 104
102 103
101 102
82 87
86 87
85 86
84 85
83 84
51 52
35 36
72 92
67 82
62 83
62 101
67 81
72 110
110 120
10 120
5 53
0 111
