7
47
61.000000 3.000000 31.000000 60.000000 60.000000 60.000000
68.500000 0.000000 68.500000 -0.000000 1.000000 -0.000000 93.500000 0.000000 25.000000 0.000000 1.000000 -0.000000 
121.000000 3.000000 31.000000 60.000000 60.000000 60.000000
93.500000 0.000000 25.000000 0.000000 1.000000 -0.000000 
1.000000 63.000000 31.000000 60.000000 60.000000 60.000000
0.000000 68.500000 68.500000 1.000000 0.000000 0.000000 0.000000 93.500000 25.000000 1.000000 -0.000000 0.000000 
1.000000 123.000000 31.000000 60.000000 60.000000 60.000000
0.000000 93.500000 25.000000 1.000000 -0.000000 0.000000 
61.000000 63.000000 31.000000 60.000000 60.000000 60.000000

121.000000 63.000000 31.000000 60.000000 60.000000 60.000000

61.000000 123.000000 31.000000 60.000000 60.000000 60.000000

121.000000 123.000000 31.000000 60.000000 60.000000 60.000000

1.000000 -57.000000 -29.000000 60.000000 60.000000 60.000000

61.000000 -57.000000 -29.000000 60.000000 60.000000 60.000000

121.000000 -57.000000 -29.000000 60.000000 60.000000 60.000000

1.000000 -117.000000 -29.000000 60.000000 60.000000 60.000000

61.000000 -117.000000 -29.000000 60.000000 60.000000 60.000000

121.000000 -117.000000 -29.000000 60.000000 60.000000 60.000000

1.000000 3.000000 -29.000000 60.000000 60.000000 60.000000

61.000000 3.000000 -29.000000 60.000000 60.000000 60.000000

121.000000 3.000000 -29.000000 60.000000 60.000000 60.000000

1.000000 63.000000 -29.000000 60.000000 60.000000 60.000000

61.000000 63.000000 -29.000000 60.000000 60.000000 60.000000

121.000000 63.000000 -29.000000 60.000000 60.000000 60.000000

1.000000 123.000000 -29.000000 60.000000 60.000000 60.000000

61.000000 123.000000 -29.000000 60.000000 60.000000 60.000000

121.000000 123.000000 -29.000000 60.000000 60.000000 60.000000

1.000000 3.000000 91.000000 60.000000 60.000000 60.000000
25.000000 0.000000 93.500000 -0.000000 1.000000 0.000000 -25.000000 0.000000 93.500000 -0.000000 1.000000 -0.000000 0.000000 25.000000 93.500000 1.000000 0.000000 -0.000000 0.000000 -25.000000 93.500000 1.000000 0.000000 0.000000 
61.000000 3.000000 91.000000 60.000000 60.000000 60.000000
25.000000 0.000000 93.500000 -0.000000 1.000000 0.000000 68.500000 0.000000 68.500000 -0.000000 1.000000 -0.000000 
1.000000 63.000000 91.000000 60.000000 60.000000 60.000000
0.000000 25.000000 93.500000 1.000000 0.000000 -0.000000 0.000000 68.500000 68.500000 1.000000 0.000000 0.000000 
121.000000 3.000000 91.000000 60.000000 60.000000 60.000000

61.000000 63.000000 91.000000 60.000000 60.000000 60.000000

121.000000 63.000000 91.000000 60.000000 60.000000 60.000000

1.000000 123.000000 91.000000 60.000000 60.000000 60.000000

61.000000 123.000000 91.000000 60.000000 60.000000 60.000000

121.000000 123.000000 91.000000 60.000000 60.000000 60.000000

-119.000000 3.000000 151.000000 60.000000 60.000000 60.000000

-59.000000 3.000000 151.000000 60.000000 60.000000 60.000000

1.000000 3.000000 151.000000 60.000000 60.000000 60.000000

61.000000 3.000000 151.000000 60.000000 60.000000 60.000000

121.000000 3.000000 151.000000 60.000000 60.000000 60.000000

61.000000 63.000000 151.000000 60.000000 60.000000 60.000000

121.000000 63.000000 151.000000 60.000000 60.000000 60.000000

61.000000 123.000000 151.000000 60.000000 60.000000 60.000000

121.000000 123.000000 151.000000 60.000000 60.000000 60.000000

1.000000 63.000000 151.000000 60.000000 60.000000 60.000000

-59.000000 63.000000 151.000000 60.000000 60.000000 60.000000

-119.000000 63.000000 151.000000 60.000000 60.000000 60.000000

1.000000 123.000000 151.000000 60.000000 60.000000 60.000000

-119.000000 123.000000 151.000000 60.000000 60.000000 60.000000

-59.000000 123.000000 151.000000 60.000000 60.000000 60.000000

1
1.000000 3.000000 31.000000 60.000000 60.000000 60.000000

21
1.000000 3.000000 91.000000 60.000000 60.000000 60.000000
25.000000 0.000000 93.500000 -0.000000 1.000000 0.000000 -25.000000 0.000000 93.500000 -0.000000 1.000000 -0.000000 0.000000 25.000000 93.500000 -1.000000 -0.000000 0.000000 0.000000 -25.000000 93.500000 -1.000000 -0.000000 -0.000000 
1.000000 63.000000 91.000000 60.000000 60.000000 60.000000
0.000000 25.000000 93.500000 -1.000000 -0.000000 0.000000 0.000000 68.500000 68.500000 -1.000000 -0.000000 -0.000000 
1.000000 63.000000 31.000000 60.000000 60.000000 60.000000
0.000000 68.500000 68.500000 -1.000000 -0.000000 -0.000000 0.000000 93.500000 25.000000 -1.000000 0.000000 -0.000000 
1.000000 123.000000 31.000000 60.000000 60.000000 60.000000
0.000000 93.500000 25.000000 -1.000000 0.000000 -0.000000 
-59.000000 3.000000 31.000000 60.000000 60.000000 60.000000
-68.500000 0.000000 68.500000 0.000000 1.000000 0.000000 -93.500000 0.000000 25.000000 0.000000 1.000000 0.000000 
-119.000000 3.000000 31.000000 60.000000 60.000000 60.000000
-93.500000 0.000000 25.000000 0.000000 1.000000 0.000000 
-59.000000 3.000000 91.000000 60.000000 60.000000 60.000000
-25.000000 0.000000 93.500000 -0.000000 1.000000 -0.000000 -68.500000 0.000000 68.500000 0.000000 1.000000 0.000000 
-119.000000 -57.000000 91.000000 60.000000 60.000000 60.000000

-119.000000 3.000000 91.000000 60.000000 60.000000 60.000000

-59.000000 63.000000 91.000000 60.000000 60.000000 60.000000

-59.000000 123.000000 91.000000 60.000000 60.000000 60.000000

-59.000000 63.000000 31.000000 60.000000 60.000000 60.000000

-59.000000 123.000000 31.000000 60.000000 60.000000 60.000000

-59.000000 63.000000 -29.000000 60.000000 60.000000 60.000000

-59.000000 123.000000 -29.000000 60.000000 60.000000 60.000000

-119.000000 63.000000 91.000000 60.000000 60.000000 60.000000

-119.000000 123.000000 91.000000 60.000000 60.000000 60.000000

-119.000000 63.000000 31.000000 60.000000 60.000000 60.000000

-119.000000 63.000000 -29.000000 60.000000 60.000000 60.000000

-119.000000 123.000000 -29.000000 60.000000 60.000000 60.000000

-119.000000 123.000000 31.000000 60.000000 60.000000 60.000000

2
-59.000000 -57.000000 91.000000 60.000000 60.000000 60.000000

1.000000 -57.000000 91.000000 60.000000 60.000000 60.000000
0.000000 -25.000000 93.500000 -1.000000 -0.000000 -0.000000 0.000000 -68.500000 68.500000 -1.000000 0.000000 0.000000 
28
1.000000 3.000000 91.000000 60.000000 60.000000 60.000000
25.000000 0.000000 93.500000 0.000000 -1.000000 -0.000000 -25.000000 0.000000 93.500000 0.000000 -1.000000 0.000000 0.000000 25.000000 93.500000 1.000000 0.000000 -0.000000 0.000000 -25.000000 93.500000 1.000000 0.000000 0.000000 
61.000000 3.000000 91.000000 60.000000 60.000000 60.000000
25.000000 0.000000 93.500000 0.000000 -1.000000 -0.000000 68.500000 0.000000 68.500000 0.000000 -1.000000 0.000000 
61.000000 3.000000 31.000000 60.000000 60.000000 60.000000
68.500000 0.000000 68.500000 0.000000 -1.000000 0.000000 93.500000 0.000000 25.000000 -0.000000 -1.000000 0.000000 
121.000000 3.000000 31.000000 60.000000 60.000000 60.000000
93.500000 0.000000 25.000000 -0.000000 -1.000000 0.000000 
1.000000 -57.000000 31.000000 60.000000 60.000000 60.000000
0.000000 -68.500000 68.500000 1.000000 -0.000000 -0.000000 0.000000 -93.500000 25.000000 1.000000 -0.000000 -0.000000 
1.000000 -57.000000 91.000000 60.000000 60.000000 60.000000
0.000000 -25.000000 93.500000 1.000000 0.000000 0.000000 0.000000 -68.500000 68.500000 1.000000 -0.000000 -0.000000 
1.000000 -117.000000 31.000000 60.000000 60.000000 60.000000
0.000000 -93.500000 25.000000 1.000000 -0.000000 -0.000000 
61.000000 -57.000000 31.000000 60.000000 60.000000 60.000000

121.000000 -57.000000 31.000000 60.000000 60.000000 60.000000

61.000000 -57.000000 91.000000 60.000000 60.000000 60.000000

121.000000 -57.000000 91.000000 60.000000 60.000000 60.000000

-119.000000 -57.000000 151.000000 60.000000 60.000000 60.000000

-59.000000 -57.000000 151.000000 60.000000 60.000000 60.000000

1.000000 -57.000000 151.000000 60.000000 60.000000 60.000000

61.000000 -57.000000 151.000000 60.000000 60.000000 60.000000

121.000000 -57.000000 151.000000 60.000000 60.000000 60.000000

61.000000 -117.000000 31.000000 60.000000 60.000000 60.000000

121.000000 -117.000000 31.000000 60.000000 60.000000 60.000000

61.000000 -117.000000 91.000000 60.000000 60.000000 60.000000

121.000000 -117.000000 91.000000 60.000000 60.000000 60.000000

61.000000 -117.000000 151.000000 60.000000 60.000000 60.000000

121.000000 -117.000000 151.000000 60.000000 60.000000 60.000000

1.000000 -117.000000 91.000000 60.000000 60.000000 60.000000

1.000000 -117.000000 151.000000 60.000000 60.000000 60.000000

-59.000000 -117.000000 91.000000 60.000000 60.000000 60.000000

-59.000000 -117.000000 151.000000 60.000000 60.000000 60.000000

-119.000000 -117.000000 91.000000 60.000000 60.000000 60.000000

-119.000000 -117.000000 151.000000 60.000000 60.000000 60.000000

16
1.000000 3.000000 91.000000 60.000000 60.000000 60.000000
25.000000 0.000000 93.500000 0.000000 -1.000000 -0.000000 -25.000000 0.000000 93.500000 0.000000 -1.000000 0.000000 0.000000 25.000000 93.500000 -1.000000 -0.000000 0.000000 0.000000 -25.000000 93.500000 -1.000000 -0.000000 -0.000000 
-59.000000 3.000000 91.000000 60.000000 60.000000 60.000000
-25.000000 0.000000 93.500000 0.000000 -1.000000 0.000000 -68.500000 0.000000 68.500000 -0.000000 -1.000000 -0.000000 
1.000000 -57.000000 31.000000 60.000000 60.000000 60.000000
0.000000 -68.500000 68.500000 -1.000000 0.000000 0.000000 0.000000 -93.500000 25.000000 -1.000000 0.000000 0.000000 
1.000000 -117.000000 31.000000 60.000000 60.000000 60.000000
0.000000 -93.500000 25.000000 -1.000000 0.000000 0.000000 
-59.000000 3.000000 31.000000 60.000000 60.000000 60.000000
-68.500000 0.000000 68.500000 -0.000000 -1.000000 -0.000000 -93.500000 0.000000 25.000000 -0.000000 -1.000000 -0.000000 
-119.000000 3.000000 31.000000 60.000000 60.000000 60.000000
-93.500000 0.000000 25.000000 -0.000000 -1.000000 -0.000000 
-59.000000 3.000000 -29.000000 60.000000 60.000000 60.000000

-59.000000 -57.000000 31.000000 60.000000 60.000000 60.000000

-59.000000 -57.000000 -29.000000 60.000000 60.000000 60.000000

-59.000000 -117.000000 31.000000 60.000000 60.000000 60.000000

-59.000000 -117.000000 -29.000000 60.000000 60.000000 60.000000

-119.000000 -57.000000 31.000000 60.000000 60.000000 60.000000

-119.000000 -117.000000 31.000000 60.000000 60.000000 60.000000

-119.000000 3.000000 -29.000000 60.000000 60.000000 60.000000

-119.000000 -117.000000 -29.000000 60.000000 60.000000 60.000000

-119.000000 -57.000000 -29.000000 60.000000 60.000000 60.000000

0
