3
8
53.000000 113.000000 5.000000 60.000000 60.000000 60.000000
50.000000 100.000000 0.000000 0.000000 -0.707107 0.707107 
113.000000 113.000000 5.000000 60.000000 60.000000 60.000000
50.000000 100.000000 0.000000 0.000000 -0.707107 0.707107 100.000000 50.000000 0.000000 -0.707107 0.000000 0.707107 
113.000000 53.000000 5.000000 60.000000 60.000000 60.000000
100.000000 50.000000 0.000000 -0.707107 0.000000 0.707107 
113.000000 -7.000000 5.000000 60.000000 60.000000 60.000000
100.000000 50.000000 0.000000 -0.707107 0.000000 0.707107 50.000000 0.000000 0.000000 -0.000000 0.707107 -0.707107 
-7.000000 -7.000000 5.000000 60.000000 60.000000 60.000000
0.000000 50.000000 0.000000 0.707107 0.000000 0.707107 50.000000 0.000000 0.000000 0.000000 -0.707107 0.707107 
53.000000 -7.000000 5.000000 60.000000 60.000000 60.000000
50.000000 0.000000 0.000000 0.000000 -0.707107 0.707107 
113.000000 -7.000000 5.000000 60.000000 60.000000 60.000000
100.000000 50.000000 0.000000 0.707107 -0.000000 -0.707107 50.000000 0.000000 0.000000 0.000000 -0.707107 0.707107 
113.000000 -7.000000 5.000000 60.000000 60.000000 60.000000
100.000000 50.000000 0.000000 -0.707107 0.000000 0.707107 50.000000 0.000000 0.000000 0.000000 -0.707107 0.707107 
10
-7.000000 113.000000 5.000000 60.000000 60.000000 60.000000
0.000000 50.000000 0.000000 0.707107 0.000000 0.707107 50.000000 100.000000 0.000000 0.000000 -0.707107 0.707107 
-7.000000 113.000000 5.000000 60.000000 60.000000 60.000000
0.000000 50.000000 0.000000 -0.707107 -0.000000 -0.707107 50.000000 100.000000 0.000000 0.000000 -0.707107 0.707107 
113.000000 -7.000000 5.000000 60.000000 60.000000 60.000000
100.000000 50.000000 0.000000 0.707107 -0.000000 -0.707107 50.000000 0.000000 0.000000 -0.000000 0.707107 -0.707107 
113.000000 53.000000 5.000000 60.000000 60.000000 60.000000
100.000000 50.000000 0.000000 0.707107 -0.000000 -0.707107 
113.000000 113.000000 5.000000 60.000000 60.000000 60.000000
50.000000 100.000000 0.000000 0.000000 -0.707107 0.707107 100.000000 50.000000 0.000000 0.707107 -0.000000 -0.707107 
113.000000 113.000000 5.000000 60.000000 60.000000 60.000000
50.000000 100.000000 0.000000 -0.000000 0.707107 -0.707107 100.000000 50.000000 0.000000 0.707107 -0.000000 -0.707107 
113.000000 113.000000 5.000000 60.000000 60.000000 60.000000
50.000000 100.000000 0.000000 -0.000000 0.707107 -0.707107 100.000000 50.000000 0.000000 -0.707107 0.000000 0.707107 
53.000000 113.000000 5.000000 60.000000 60.000000 60.000000
50.000000 100.000000 0.000000 -0.000000 0.707107 -0.707107 
-7.000000 113.000000 5.000000 60.000000 60.000000 60.000000
0.000000 50.000000 0.000000 -0.707107 -0.000000 -0.707107 50.000000 100.000000 0.000000 -0.000000 0.707107 -0.707107 
-7.000000 113.000000 5.000000 60.000000 60.000000 60.000000
0.000000 50.000000 0.000000 0.707107 0.000000 0.707107 50.000000 100.000000 0.000000 -0.000000 0.707107 -0.707107 
7
53.000000 -7.000000 5.000000 60.000000 60.000000 60.000000
50.000000 0.000000 0.000000 -0.000000 0.707107 -0.707107 
-7.000000 -7.000000 5.000000 60.000000 60.000000 60.000000
0.000000 50.000000 0.000000 0.707107 0.000000 0.707107 50.000000 0.000000 0.000000 -0.000000 0.707107 -0.707107 
53.000000 53.000000 5.000000 60.000000 60.000000 60.000000

-7.000000 53.000000 5.000000 60.000000 60.000000 60.000000
0.000000 50.000000 0.000000 0.707107 0.000000 0.707107 
-7.000000 53.000000 5.000000 60.000000 60.000000 60.000000
0.000000 50.000000 0.000000 -0.707107 -0.000000 -0.707107 
-7.000000 -7.000000 5.000000 60.000000 60.000000 60.000000
0.000000 50.000000 0.000000 -0.707107 -0.000000 -0.707107 50.000000 0.000000 0.000000 0.000000 -0.707107 0.707107 
-7.000000 -7.000000 5.000000 60.000000 60.000000 60.000000
0.000000 50.000000 0.000000 -0.707107 -0.000000 -0.707107 50.000000 0.000000 0.000000 -0.000000 0.707107 -0.707107 
