19
48
81.500000 -29.500000 128.000000 37.000000 37.000000 36.000000
67.797318 -67.785561 105.004364 -0.707284 0.706929 -0.000048 92.535812 -24.739136 115.007652 -0.967804 0.251704 0.000014 
44.000000 -29.500000 128.000000 38.000000 37.000000 36.000000

6.000000 -29.500000 128.000000 38.000000 37.000000 36.000000

-32.000000 -29.500000 128.000000 38.000000 37.000000 36.000000

-107.500000 -29.500000 128.500000 37.000000 37.000000 37.000000

-70.000000 -29.500000 128.500000 38.000000 37.000000 37.000000

81.500000 7.500000 127.500000 37.000000 37.000000 37.000000
92.535812 -24.739136 115.007652 -0.967804 0.251704 0.000014 92.535950 24.756945 125.008331 -0.967803 -0.251710 -0.000015 
44.000000 7.500000 127.500000 38.000000 37.000000 37.000000

6.000000 7.500000 127.500000 38.000000 37.000000 37.000000

-32.000000 7.500000 127.500000 38.000000 37.000000 37.000000

-107.500000 8.000000 128.000000 37.000000 38.000000 38.000000

-70.000000 8.000000 127.500000 38.000000 38.000000 37.000000

-107.500000 45.500000 128.000000 37.000000 37.000000 38.000000

-70.500000 45.500000 128.000000 37.000000 37.000000 38.000000

-70.500000 -30.000000 203.500000 37.000000 36.000000 37.000000
-93.498581 -24.995432 185.006088 -0.967816 -0.251660 0.000005 -68.496063 -68.496178 195.005371 0.707087 0.707127 -0.000005 
-107.500000 -29.500000 203.500000 37.000000 37.000000 37.000000
-93.498581 -24.995432 185.006088 -0.967816 -0.251660 0.000005 
-70.500000 -30.000000 203.500000 37.000000 36.000000 37.000000
-93.498581 -24.995432 185.006088 -0.967816 -0.251660 0.000005 -68.496063 -68.496178 195.005371 -0.707087 -0.707127 0.000005 
-107.500000 -29.500000 166.000000 37.000000 37.000000 38.000000
-93.498581 -24.995432 185.006088 -0.967816 -0.251660 0.000005 
-70.500000 -30.000000 166.000000 37.000000 36.000000 38.000000
-93.498581 -24.995432 185.006088 -0.967816 -0.251660 0.000005 
-70.500000 46.000000 165.500000 37.000000 36.000000 37.000000
-68.493347 68.506752 165.007355 -0.707137 0.707077 0.000008 -93.495865 25.006752 175.005402 0.967779 -0.251800 0.000033 
-70.500000 46.000000 165.500000 37.000000 36.000000 37.000000
-68.493347 68.506752 165.007355 -0.707137 0.707077 0.000008 -93.495865 25.006752 175.005402 -0.967779 0.251800 -0.000033 
-107.500000 45.500000 165.500000 37.000000 37.000000 37.000000
-93.495865 25.006752 175.005402 -0.967779 0.251800 -0.000033 
-70.500000 46.000000 165.500000 37.000000 36.000000 37.000000
-68.493347 68.506752 165.007355 0.707137 -0.707077 -0.000008 -93.495865 25.006752 175.005402 -0.967779 0.251800 -0.000033 
-108.000000 7.500000 203.500000 36.000000 37.000000 37.000000
-93.495865 25.006752 175.005402 -0.967779 0.251800 -0.000033 -93.498581 -24.995432 185.006088 0.967816 0.251660 -0.000005 
-108.000000 7.500000 203.500000 36.000000 37.000000 37.000000
-93.495865 25.006752 175.005402 -0.967779 0.251800 -0.000033 -93.498581 -24.995432 185.006088 -0.967816 -0.251660 0.000005 
-108.000000 7.500000 203.500000 36.000000 37.000000 37.000000
-93.495865 25.006752 175.005402 0.967779 -0.251800 0.000033 -93.498581 -24.995432 185.006088 -0.967816 -0.251660 0.000005 
-108.000000 8.000000 166.000000 36.000000 38.000000 38.000000
-93.495865 25.006752 175.005402 -0.967779 0.251800 -0.000033 -93.498581 -24.995432 185.006088 0.967816 0.251660 -0.000005 
-108.000000 8.000000 166.000000 36.000000 38.000000 38.000000
-93.495865 25.006752 175.005402 -0.967779 0.251800 -0.000033 -93.498581 -24.995432 185.006088 -0.967816 -0.251660 0.000005 
-108.000000 8.000000 166.000000 36.000000 38.000000 38.000000
-93.495865 25.006752 175.005402 0.967779 -0.251800 0.000033 -93.498581 -24.995432 185.006088 -0.967816 -0.251660 0.000005 
81.500000 8.500000 90.500000 37.000000 37.000000 37.000000

44.000000 8.500000 90.500000 38.000000 37.000000 37.000000

6.000000 8.500000 90.500000 38.000000 37.000000 37.000000

-32.000000 8.500000 90.500000 38.000000 37.000000 37.000000

-70.000000 8.500000 90.500000 38.000000 37.000000 37.000000

-107.500000 8.500000 90.000000 37.000000 37.000000 38.000000

-108.000000 8.500000 52.500000 36.000000 37.000000 37.000000
-93.496780 25.005434 55.005478 -0.967815 0.251662 -0.000006 -93.495583 -24.996290 65.004395 0.967807 0.251694 -0.000012 
-108.000000 8.500000 52.500000 36.000000 37.000000 37.000000
-93.496780 25.005434 55.005478 -0.967815 0.251662 -0.000006 -93.495583 -24.996290 65.004395 -0.967807 -0.251694 0.000012 
-108.000000 8.500000 52.500000 36.000000 37.000000 37.000000
-93.496780 25.005434 55.005478 0.967815 -0.251662 0.000006 -93.495583 -24.996290 65.004395 -0.967807 -0.251694 0.000012 
-70.500000 46.000000 52.500000 37.000000 36.000000 37.000000
-68.493973 68.505089 45.006592 -0.706997 0.707216 -0.000030 -93.496780 25.005434 55.005478 0.967815 -0.251662 0.000006 
-70.500000 46.000000 52.500000 37.000000 36.000000 37.000000
-68.493973 68.505089 45.006592 -0.706997 0.707216 -0.000030 -93.496780 25.005434 55.005478 -0.967815 0.251662 -0.000006 
-107.500000 45.500000 52.500000 37.000000 37.000000 37.000000
-93.496780 25.005434 55.005478 -0.967815 0.251662 -0.000006 
-70.500000 46.000000 52.500000 37.000000 36.000000 37.000000
-68.493973 68.505089 45.006592 0.706997 -0.707216 0.000030 -93.496780 25.005434 55.005478 -0.967815 0.251662 -0.000006 
81.500000 45.500000 90.000000 37.000000 37.000000 36.000000

44.000000 45.500000 90.000000 38.000000 37.000000 36.000000

6.000000 45.500000 90.000000 38.000000 37.000000 36.000000

-32.000000 45.500000 90.000000 38.000000 37.000000 36.000000

-107.500000 45.500000 90.000000 37.000000 37.000000 38.000000

-70.000000 45.500000 90.000000 38.000000 37.000000 38.000000

41
6.500000 83.500000 128.500000 37.000000 37.000000 37.000000
25.005215 93.504997 145.003784 0.251502 0.967857 0.000026 -24.994293 93.505264 155.005554 -0.251592 0.967834 -0.000009 
5.500000 83.500000 165.500000 37.000000 37.000000 37.000000
25.005215 93.504997 145.003784 0.251502 0.967857 0.000026 -24.994293 93.505264 155.005554 -0.251592 0.967834 -0.000009 
-31.500000 -68.500000 128.000000 37.000000 37.000000 38.000000

6.000000 -68.500000 128.500000 38.000000 37.000000 37.000000

-31.500000 -105.500000 128.000000 37.000000 37.000000 38.000000

6.000000 -105.500000 128.000000 38.000000 37.000000 38.000000

6.000000 -106.000000 90.500000 38.000000 36.000000 37.000000
-24.997095 -93.495056 85.005264 0.251766 0.967788 0.000026 25.004242 -93.495743 95.002640 0.251576 -0.967838 -0.000012 
6.000000 -106.000000 90.500000 38.000000 36.000000 37.000000
-24.997095 -93.495056 85.005264 -0.251766 -0.967788 -0.000026 25.004242 -93.495743 95.002640 0.251576 -0.967838 -0.000012 
6.000000 -106.000000 90.500000 38.000000 36.000000 37.000000
-24.997095 -93.495056 85.005264 -0.251766 -0.967788 -0.000026 25.004242 -93.495743 95.002640 -0.251576 0.967838 0.000012 
-31.500000 -105.500000 90.500000 37.000000 37.000000 37.000000
-24.997095 -93.495056 85.005264 -0.251766 -0.967788 -0.000026 
-32.000000 -68.500000 90.500000 36.000000 37.000000 37.000000
-69.201942 -69.201447 75.006256 -0.707059 -0.707155 0.000013 -24.997095 -93.495056 85.005264 -0.251766 -0.967788 -0.000026 
44.000000 -68.500000 90.500000 36.000000 37.000000 37.000000
25.004242 -93.495743 95.002640 -0.251576 0.967838 0.000012 69.211884 -69.199425 105.004456 0.707284 -0.706929 0.000048 
43.500000 -105.500000 90.500000 37.000000 37.000000 37.000000
25.004242 -93.495743 95.002640 0.251576 -0.967838 -0.000012 
44.000000 -68.500000 90.500000 36.000000 37.000000 37.000000
25.004242 -93.495743 95.002640 0.251576 -0.967838 -0.000012 69.211884 -69.199425 105.004456 0.707284 -0.706929 0.000048 
43.500000 -105.500000 127.500000 37.000000 37.000000 37.000000

43.500000 -68.500000 127.500000 37.000000 37.000000 37.000000
69.211884 -69.199425 105.004456 0.707284 -0.706929 0.000048 
5.500000 -106.000000 203.500000 37.000000 36.000000 37.000000
-24.991537 -93.494835 205.004013 0.251611 0.967829 -0.000005 25.008610 -93.493927 215.003647 0.251643 -0.967820 0.000002 
5.500000 -106.000000 203.500000 37.000000 36.000000 37.000000
-24.991537 -93.494835 205.004013 -0.251611 -0.967829 0.000005 25.008610 -93.493927 215.003647 0.251643 -0.967820 0.000002 
5.500000 -106.000000 203.500000 37.000000 36.000000 37.000000
-24.991537 -93.494835 205.004013 -0.251611 -0.967829 0.000005 25.008610 -93.493927 215.003647 -0.251643 0.967820 -0.000002 
-31.500000 -105.500000 203.500000 37.000000 37.000000 37.000000
-24.991537 -93.494835 205.004013 -0.251611 -0.967829 0.000005 
-32.000000 -68.500000 203.500000 36.000000 37.000000 37.000000
-69.203148 -69.203308 195.005371 -0.707087 -0.707127 0.000005 -24.991537 -93.494835 205.004013 -0.251611 -0.967829 0.000005 
5.500000 83.500000 165.500000 37.000000 37.000000 37.000000
25.005215 93.504997 145.003784 -0.251502 -0.967857 -0.000026 -24.994293 93.505264 155.005554 0.251592 -0.967834 0.000009 
-31.500000 83.500000 166.000000 37.000000 37.000000 36.000000
-24.994293 93.505264 155.005554 0.251592 -0.967834 0.000009 -67.786209 67.799675 165.007339 0.707137 -0.707077 -0.000008 
5.500000 46.000000 165.500000 37.000000 38.000000 37.000000

-31.500000 46.000000 166.000000 37.000000 38.000000 36.000000

5.500000 8.000000 166.000000 37.000000 38.000000 36.000000

-31.500000 8.000000 166.000000 37.000000 38.000000 36.000000

-31.500000 -30.000000 166.000000 37.000000 38.000000 36.000000

5.500000 -30.000000 166.000000 37.000000 38.000000 36.000000

5.500000 -68.000000 165.500000 37.000000 38.000000 37.000000

-31.500000 -68.000000 166.000000 37.000000 38.000000 38.000000

-31.500000 -105.500000 166.000000 37.000000 37.000000 38.000000

5.500000 -105.500000 166.000000 37.000000 37.000000 38.000000

6.500000 83.500000 128.500000 37.000000 37.000000 37.000000
25.005215 93.504997 145.003784 -0.251502 -0.967857 -0.000026 -24.994293 93.505264 155.005554 0.251592 -0.967834 0.000009 
44.000000 83.500000 127.500000 38.000000 37.000000 37.000000
67.796524 67.801453 135.005798 -0.707198 -0.707016 0.000025 25.005215 93.504997 145.003784 -0.251502 -0.967857 -0.000026 
6.500000 46.500000 128.500000 37.000000 37.000000 37.000000

44.000000 46.500000 128.000000 38.000000 37.000000 36.000000

44.500000 84.000000 90.500000 37.000000 36.000000 37.000000

81.500000 84.000000 90.500000 37.000000 36.000000 37.000000

81.500000 46.500000 128.000000 37.000000 37.000000 36.000000
92.535950 24.756945 125.008331 -0.967803 -0.251710 -0.000015 67.796524 67.801453 135.005798 -0.707198 -0.707016 0.000025 
81.500000 83.500000 127.500000 37.000000 37.000000 37.000000
67.796524 67.801453 135.005798 -0.707198 -0.707016 0.000025 
34
-107.500000 -30.000000 52.000000 37.000000 36.000000 36.000000
-92.527779 -24.744596 65.004379 0.967807 0.251694 -0.000012 
-70.000000 -30.500000 52.000000 38.000000 37.000000 36.000000
-92.527779 -24.744596 65.004379 0.967807 0.251694 -0.000012 
-69.500000 -67.500000 52.000000 37.000000 37.000000 36.000000
-67.787819 -67.787140 75.006226 0.707059 0.707155 -0.000013 
-31.500000 -30.000000 14.500000 37.000000 36.000000 37.000000

-32.000000 -30.500000 51.500000 38.000000 37.000000 37.000000

-32.000000 -67.500000 52.000000 38.000000 37.000000 36.000000

6.000000 -67.500000 52.000000 38.000000 37.000000 36.000000

6.000000 -30.500000 51.500000 38.000000 37.000000 37.000000

6.000000 -30.000000 14.500000 38.000000 36.000000 37.000000

44.000000 -67.500000 52.000000 38.000000 37.000000 36.000000

82.500000 -30.000000 89.500000 37.000000 36.000000 37.000000
68.504601 -68.492493 105.004410 -0.707284 0.706929 -0.000048 94.471420 -25.242542 115.007622 0.967804 -0.251704 -0.000014 
82.500000 -30.000000 89.500000 37.000000 36.000000 37.000000
68.504601 -68.492493 105.004410 0.707284 -0.706929 0.000048 94.471420 -25.242542 115.007622 0.967804 -0.251704 -0.000014 
44.000000 -30.500000 51.500000 38.000000 37.000000 37.000000

44.000000 -30.000000 14.000000 38.000000 36.000000 38.000000

44.500000 -30.000000 -23.500000 37.000000 36.000000 37.000000

119.500000 -30.000000 89.500000 37.000000 36.000000 37.000000

82.000000 -30.500000 52.000000 38.000000 37.000000 38.000000

119.500000 -30.500000 52.000000 37.000000 37.000000 38.000000

82.000000 -30.500000 14.000000 38.000000 37.000000 38.000000

119.500000 -30.500000 14.000000 37.000000 37.000000 38.000000

82.000000 -30.500000 -23.500000 38.000000 37.000000 37.000000

119.500000 -30.500000 -23.500000 37.000000 37.000000 37.000000

82.000000 -68.000000 51.500000 38.000000 38.000000 37.000000

119.500000 -68.000000 51.500000 37.000000 38.000000 37.000000

82.500000 -68.000000 14.000000 37.000000 38.000000 38.000000

119.500000 -68.000000 14.000000 37.000000 38.000000 38.000000

82.500000 -68.000000 -23.500000 37.000000 38.000000 37.000000

119.500000 -68.000000 -23.500000 37.000000 38.000000 37.000000

82.500000 -105.500000 51.500000 37.000000 37.000000 37.000000

82.500000 -105.500000 14.000000 37.000000 37.000000 38.000000

82.500000 -105.500000 -23.500000 37.000000 37.000000 37.000000

119.500000 -105.500000 51.500000 37.000000 37.000000 37.000000

119.500000 -105.500000 -23.500000 37.000000 37.000000 37.000000

119.500000 -105.500000 14.000000 37.000000 37.000000 38.000000

60
5.500000 84.500000 89.500000 37.000000 37.000000 37.000000

-31.500000 84.500000 89.500000 37.000000 37.000000 37.000000

-31.500000 84.500000 52.000000 37.000000 37.000000 38.000000
-24.994249 93.501198 35.005745 -0.251678 0.967811 0.000009 -68.493973 68.505089 45.006592 0.706997 -0.707216 0.000030 
-31.500000 84.500000 52.000000 37.000000 37.000000 38.000000
-24.994249 93.501198 35.005745 -0.251678 0.967811 0.000009 -68.493973 68.505089 45.006592 -0.706997 0.707216 -0.000030 
-31.500000 84.500000 14.500000 37.000000 37.000000 37.000000
-24.994249 93.501198 35.005745 -0.251678 0.967811 0.000009 
-31.500000 121.500000 14.500000 37.000000 37.000000 37.000000
-24.994249 93.501198 35.005745 -0.251678 0.967811 0.000009 
5.500000 84.500000 52.000000 37.000000 37.000000 38.000000
25.002928 93.504990 25.007389 -0.251530 -0.967850 -0.000021 -24.994249 93.501198 35.005745 -0.251678 0.967811 0.000009 
6.000000 84.500000 14.500000 38.000000 37.000000 37.000000
25.002928 93.504990 25.007389 -0.251530 -0.967850 -0.000021 -24.994249 93.501198 35.005745 -0.251678 0.967811 0.000009 
5.500000 84.500000 52.000000 37.000000 37.000000 38.000000
25.002928 93.504990 25.007389 0.251530 0.967850 0.000021 -24.994249 93.501198 35.005745 0.251678 -0.967811 -0.000009 
6.000000 84.500000 14.500000 38.000000 37.000000 37.000000
25.002928 93.504990 25.007389 0.251530 0.967850 0.000021 -24.994249 93.501198 35.005745 -0.251678 0.967811 0.000009 
5.500000 84.500000 52.000000 37.000000 37.000000 38.000000
25.002928 93.504990 25.007389 0.251530 0.967850 0.000021 -24.994249 93.501198 35.005745 -0.251678 0.967811 0.000009 
6.000000 84.500000 14.500000 38.000000 37.000000 37.000000
25.002928 93.504990 25.007389 0.251530 0.967850 0.000021 -24.994249 93.501198 35.005745 0.251678 -0.967811 -0.000009 
6.000000 121.500000 14.500000 38.000000 37.000000 37.000000
25.002928 93.504990 25.007389 0.251530 0.967850 0.000021 -24.994249 93.501198 35.005745 0.251678 -0.967811 -0.000009 
6.000000 121.500000 14.500000 38.000000 37.000000 37.000000
25.002928 93.504990 25.007389 -0.251530 -0.967850 -0.000021 -24.994249 93.501198 35.005745 -0.251678 0.967811 0.000009 
6.000000 121.500000 14.500000 38.000000 37.000000 37.000000
25.002928 93.504990 25.007389 0.251530 0.967850 0.000021 -24.994249 93.501198 35.005745 -0.251678 0.967811 0.000009 
-31.500000 121.500000 52.000000 37.000000 37.000000 38.000000
-24.994249 93.501198 35.005745 -0.251678 0.967811 0.000009 
-31.500000 121.500000 89.500000 37.000000 37.000000 37.000000

6.000000 121.500000 89.500000 38.000000 37.000000 37.000000

120.000000 8.500000 89.500000 36.000000 37.000000 37.000000

120.000000 8.500000 52.000000 36.000000 37.000000 38.000000

82.500000 8.500000 13.500000 37.000000 37.000000 37.000000
93.503891 25.005672 5.003489 0.967783 0.251788 0.000031 
119.500000 8.500000 14.000000 37.000000 37.000000 38.000000
93.503891 25.005672 5.003489 -0.967783 -0.251788 -0.000031 
119.500000 8.500000 14.000000 37.000000 37.000000 38.000000
93.503891 25.005672 5.003489 0.967783 0.251788 0.000031 
44.000000 84.500000 13.500000 38.000000 37.000000 37.000000
68.502045 68.505730 15.005831 -0.707134 -0.707079 0.000007 25.002928 93.504990 25.007389 0.251530 0.967850 0.000021 
44.000000 84.500000 13.500000 38.000000 37.000000 37.000000
68.502045 68.505730 15.005831 0.707134 0.707079 -0.000007 25.002928 93.504990 25.007389 -0.251530 -0.967850 -0.000021 
44.000000 84.500000 13.500000 38.000000 37.000000 37.000000
68.502045 68.505730 15.005831 0.707134 0.707079 -0.000007 25.002928 93.504990 25.007389 0.251530 0.967850 0.000021 
82.500000 46.000000 13.500000 37.000000 38.000000 37.000000
93.503891 25.005672 5.003489 0.967783 0.251788 0.000031 68.502045 68.505730 15.005831 -0.707134 -0.707079 0.000007 
82.500000 46.000000 13.500000 37.000000 38.000000 37.000000
93.503891 25.005672 5.003489 -0.967783 -0.251788 -0.000031 68.502045 68.505730 15.005831 0.707134 0.707079 -0.000007 
82.500000 46.000000 13.500000 37.000000 38.000000 37.000000
93.503891 25.005672 5.003489 0.967783 0.251788 0.000031 68.502045 68.505730 15.005831 0.707134 0.707079 -0.000007 
82.000000 84.000000 13.500000 38.000000 38.000000 37.000000
68.502045 68.505730 15.005831 0.707134 0.707079 -0.000007 
120.000000 46.000000 89.500000 36.000000 38.000000 37.000000

120.000000 84.000000 89.500000 36.000000 38.000000 37.000000

44.000000 122.000000 89.500000 38.000000 36.000000 37.000000

82.000000 122.000000 89.500000 38.000000 36.000000 37.000000

119.500000 121.500000 89.500000 37.000000 37.000000 37.000000

120.000000 46.000000 52.000000 36.000000 38.000000 38.000000

120.000000 84.000000 52.000000 36.000000 38.000000 38.000000

44.000000 122.000000 52.000000 38.000000 36.000000 38.000000

82.000000 122.000000 52.000000 38.000000 36.000000 38.000000

119.500000 121.500000 52.000000 37.000000 37.000000 38.000000

119.500000 46.000000 14.000000 37.000000 38.000000 38.000000

119.500000 84.000000 14.000000 37.000000 38.000000 38.000000

44.000000 121.500000 14.000000 38.000000 37.000000 38.000000

82.000000 121.500000 14.000000 38.000000 37.000000 38.000000

119.500000 121.500000 14.000000 37.000000 37.000000 38.000000

44.500000 8.500000 -24.000000 37.000000 37.000000 36.000000

82.000000 8.500000 -23.500000 38.000000 37.000000 37.000000

119.500000 8.500000 -23.500000 37.000000 37.000000 37.000000

44.500000 46.000000 -24.000000 37.000000 38.000000 36.000000

44.500000 84.000000 -23.500000 37.000000 38.000000 37.000000

44.500000 121.500000 -23.500000 37.000000 37.000000 37.000000

82.000000 46.000000 -23.500000 38.000000 38.000000 37.000000

119.500000 46.000000 -23.500000 37.000000 38.000000 37.000000

82.000000 84.000000 -23.500000 38.000000 38.000000 37.000000

82.000000 121.500000 -23.500000 38.000000 37.000000 37.000000

119.500000 84.000000 -23.500000 37.000000 38.000000 37.000000

119.500000 121.500000 -23.500000 37.000000 37.000000 37.000000

6.000000 121.500000 52.000000 38.000000 37.000000 38.000000
25.002928 93.504990 25.007389 0.251530 0.967850 0.000021 -24.994249 93.501198 35.005745 0.251678 -0.967811 -0.000009 
6.000000 121.500000 52.000000 38.000000 37.000000 38.000000
25.002928 93.504990 25.007389 -0.251530 -0.967850 -0.000021 -24.994249 93.501198 35.005745 -0.251678 0.967811 0.000009 
6.000000 121.500000 52.000000 38.000000 37.000000 38.000000
25.002928 93.504990 25.007389 0.251530 0.967850 0.000021 -24.994249 93.501198 35.005745 -0.251678 0.967811 0.000009 
36
-70.500000 84.500000 128.500000 37.000000 37.000000 37.000000

-70.500000 84.500000 166.000000 37.000000 37.000000 38.000000
-69.200485 69.213829 165.007370 -0.707137 0.707077 0.000008 
5.500000 46.500000 204.500000 37.000000 37.000000 37.000000

5.500000 84.000000 204.500000 37.000000 38.000000 37.000000

5.500000 121.500000 204.500000 37.000000 37.000000 37.000000

5.500000 8.500000 242.000000 37.000000 37.000000 36.000000

5.500000 46.000000 241.500000 37.000000 38.000000 37.000000

5.500000 84.000000 241.500000 37.000000 38.000000 37.000000

5.500000 121.500000 241.500000 37.000000 37.000000 37.000000

-32.000000 46.500000 204.500000 38.000000 37.000000 37.000000

-32.000000 84.000000 204.500000 38.000000 38.000000 37.000000

-32.000000 121.500000 204.500000 38.000000 37.000000 37.000000

-32.000000 8.500000 242.000000 38.000000 37.000000 36.000000

-32.000000 46.000000 241.500000 38.000000 38.000000 37.000000

-32.000000 84.000000 241.500000 38.000000 38.000000 37.000000

-32.000000 121.500000 241.500000 38.000000 37.000000 37.000000

-70.500000 121.500000 128.500000 37.000000 37.000000 37.000000

-107.500000 84.500000 128.500000 37.000000 37.000000 37.000000

-107.500000 121.500000 128.500000 37.000000 37.000000 37.000000

-70.500000 121.500000 166.000000 37.000000 37.000000 38.000000

-107.500000 84.500000 166.000000 37.000000 37.000000 38.000000

-107.500000 121.500000 166.000000 37.000000 37.000000 38.000000

-70.000000 46.500000 204.500000 38.000000 37.000000 37.000000

-70.000000 84.000000 204.000000 38.000000 38.000000 38.000000

-70.000000 121.500000 204.000000 38.000000 37.000000 38.000000

-70.000000 8.500000 242.000000 38.000000 37.000000 36.000000

-70.000000 46.000000 241.500000 38.000000 38.000000 37.000000

-70.000000 84.000000 241.500000 38.000000 38.000000 37.000000

-70.000000 121.500000 241.500000 38.000000 37.000000 37.000000

-107.500000 46.500000 204.500000 37.000000 37.000000 37.000000

-107.500000 84.000000 204.000000 37.000000 38.000000 38.000000

-107.500000 121.500000 204.000000 37.000000 37.000000 38.000000

-107.500000 8.500000 242.000000 37.000000 37.000000 36.000000

-107.500000 46.000000 241.500000 37.000000 38.000000 37.000000

-107.500000 84.000000 241.500000 37.000000 38.000000 37.000000

-107.500000 121.500000 241.500000 37.000000 37.000000 37.000000

48
82.500000 -30.000000 241.500000 37.000000 38.000000 37.000000
69.214447 -69.202621 225.002838 0.707096 -0.707117 -0.000003 
44.500000 -68.500000 241.500000 37.000000 37.000000 37.000000
25.008610 -93.493927 215.003647 -0.251643 0.967820 -0.000002 69.214447 -69.202621 225.002838 0.707096 -0.707117 -0.000003 
44.500000 -68.500000 204.000000 37.000000 37.000000 38.000000
25.008610 -93.493927 215.003647 -0.251643 0.967820 -0.000002 69.214447 -69.202621 225.002838 0.707096 -0.707117 -0.000003 
82.500000 -30.000000 204.000000 37.000000 38.000000 38.000000

82.500000 -30.000000 128.500000 37.000000 38.000000 37.000000
68.504601 -68.492493 105.004410 -0.707284 0.706929 -0.000048 93.503616 -24.990839 115.007637 0.967804 -0.251704 -0.000014 
82.500000 -30.000000 166.000000 37.000000 38.000000 38.000000

82.000000 -68.000000 241.500000 38.000000 38.000000 37.000000
69.214447 -69.202621 225.002838 0.707096 -0.707117 -0.000003 
82.000000 -68.000000 204.000000 38.000000 38.000000 38.000000
69.214447 -69.202621 225.002838 0.707096 -0.707117 -0.000003 
82.000000 -68.000000 166.000000 38.000000 38.000000 38.000000

82.500000 -68.000000 128.000000 37.000000 38.000000 38.000000
68.504601 -68.492493 105.004410 0.707284 -0.706929 0.000048 
82.500000 -68.500000 90.500000 37.000000 37.000000 37.000000
68.504601 -68.492493 105.004410 0.707284 -0.706929 0.000048 
119.500000 7.500000 166.000000 37.000000 37.000000 38.000000

119.500000 7.500000 204.000000 37.000000 37.000000 38.000000

119.500000 7.500000 241.500000 37.000000 37.000000 37.000000

119.500000 -30.000000 166.000000 37.000000 38.000000 38.000000

119.500000 -30.000000 204.000000 37.000000 38.000000 38.000000

119.500000 -30.000000 241.500000 37.000000 38.000000 37.000000

119.500000 -68.500000 90.500000 37.000000 37.000000 37.000000

119.500000 -68.000000 128.000000 37.000000 38.000000 38.000000

119.500000 -68.000000 166.000000 37.000000 38.000000 38.000000

119.500000 -68.000000 204.000000 37.000000 38.000000 38.000000

119.500000 -68.000000 241.500000 37.000000 38.000000 37.000000

82.500000 -105.500000 90.500000 37.000000 37.000000 37.000000

119.500000 -105.500000 90.500000 37.000000 37.000000 37.000000

82.500000 -105.500000 128.000000 37.000000 37.000000 38.000000

82.000000 -105.500000 166.000000 38.000000 37.000000 38.000000

82.000000 -105.500000 204.000000 38.000000 37.000000 38.000000

82.000000 -105.500000 241.500000 38.000000 37.000000 37.000000

119.500000 -105.500000 128.000000 37.000000 37.000000 38.000000

119.500000 -105.500000 166.000000 37.000000 37.000000 38.000000

119.500000 -105.500000 204.000000 37.000000 37.000000 38.000000

119.500000 -105.500000 241.500000 37.000000 37.000000 37.000000

44.500000 -105.500000 241.500000 37.000000 37.000000 37.000000
25.008610 -93.493927 215.003647 0.251643 -0.967820 0.000002 
44.500000 -68.500000 241.500000 37.000000 37.000000 37.000000
25.008610 -93.493927 215.003647 0.251643 -0.967820 0.000002 69.214447 -69.202621 225.002838 0.707096 -0.707117 -0.000003 
44.500000 -105.500000 204.000000 37.000000 37.000000 38.000000
25.008610 -93.493927 215.003647 0.251643 -0.967820 0.000002 
44.500000 -68.500000 204.000000 37.000000 37.000000 38.000000
25.008610 -93.493927 215.003647 0.251643 -0.967820 0.000002 69.214447 -69.202621 225.002838 0.707096 -0.707117 -0.000003 
82.500000 -30.000000 128.500000 37.000000 38.000000 37.000000
68.504601 -68.492493 105.004410 0.707284 -0.706929 0.000048 93.503616 -24.990839 115.007637 0.967804 -0.251704 -0.000014 
119.500000 -30.000000 128.500000 37.000000 38.000000 37.000000
93.503616 -24.990839 115.007637 0.967804 -0.251704 -0.000014 
82.500000 7.500000 128.500000 37.000000 37.000000 37.000000
93.503616 -24.990839 115.007637 -0.967804 0.251704 0.000014 93.503754 25.008654 125.008347 0.967803 0.251710 0.000015 
82.500000 7.500000 128.500000 37.000000 37.000000 37.000000
93.503616 -24.990839 115.007637 0.967804 -0.251704 -0.000014 93.503754 25.008654 125.008347 -0.967803 -0.251710 -0.000015 
119.500000 7.500000 128.500000 37.000000 37.000000 37.000000
93.503616 -24.990839 115.007637 -0.967804 0.251704 0.000014 93.503754 25.008654 125.008347 0.967803 0.251710 0.000015 
119.500000 7.500000 128.500000 37.000000 37.000000 37.000000
93.503616 -24.990839 115.007637 0.967804 -0.251704 -0.000014 93.503754 25.008654 125.008347 -0.967803 -0.251710 -0.000015 
119.500000 7.500000 128.500000 37.000000 37.000000 37.000000
93.503616 -24.990839 115.007637 0.967804 -0.251704 -0.000014 93.503754 25.008654 125.008347 0.967803 0.251710 0.000015 
44.500000 -105.500000 166.500000 37.000000 37.000000 37.000000

44.500000 -68.500000 166.500000 37.000000 37.000000 37.000000

82.500000 7.500000 166.000000 37.000000 37.000000 38.000000

82.500000 7.500000 204.000000 37.000000 37.000000 38.000000

82.500000 7.500000 241.500000 37.000000 37.000000 37.000000

38
-70.500000 84.500000 89.500000 37.000000 37.000000 37.000000

-70.500000 84.500000 52.000000 37.000000 37.000000 38.000000
-69.200974 69.212303 45.006561 -0.706997 0.707216 -0.000030 
5.500000 -29.500000 -24.000000 37.000000 37.000000 36.000000

-32.000000 -29.500000 -24.000000 38.000000 37.000000 36.000000

-70.500000 -29.500000 13.500000 37.000000 37.000000 37.000000

-70.000000 -29.500000 -23.500000 38.000000 37.000000 37.000000

-107.500000 -29.500000 13.500000 37.000000 37.000000 37.000000

-107.500000 -29.500000 -23.500000 37.000000 37.000000 37.000000

5.500000 8.000000 -24.000000 37.000000 38.000000 36.000000

-32.000000 8.000000 -24.000000 38.000000 38.000000 36.000000

-70.500000 8.000000 13.500000 37.000000 38.000000 37.000000

-70.000000 8.000000 -23.500000 38.000000 38.000000 37.000000

-107.500000 8.000000 13.500000 37.000000 38.000000 37.000000

-107.500000 8.000000 -23.500000 37.000000 38.000000 37.000000

5.500000 46.000000 -24.000000 37.000000 38.000000 36.000000

-32.000000 46.000000 -24.000000 38.000000 38.000000 36.000000

-70.500000 46.000000 13.500000 37.000000 38.000000 37.000000

-70.000000 46.000000 -23.500000 38.000000 38.000000 37.000000

-107.500000 46.000000 13.500000 37.000000 38.000000 37.000000

-107.500000 46.000000 -23.500000 37.000000 38.000000 37.000000

5.500000 84.000000 -24.000000 37.000000 38.000000 36.000000

5.500000 121.500000 -24.000000 37.000000 37.000000 36.000000

-32.000000 84.000000 -24.000000 38.000000 38.000000 36.000000

-70.500000 84.000000 14.000000 37.000000 38.000000 38.000000

-70.000000 84.000000 -23.500000 38.000000 38.000000 37.000000

-107.500000 84.500000 89.500000 37.000000 37.000000 37.000000

-107.500000 84.500000 52.000000 37.000000 37.000000 38.000000

-107.500000 84.000000 14.000000 37.000000 38.000000 38.000000

-107.500000 84.000000 -23.500000 37.000000 38.000000 37.000000

-32.000000 121.500000 -24.000000 38.000000 37.000000 36.000000

-70.500000 121.500000 89.500000 37.000000 37.000000 37.000000

-107.500000 121.500000 89.500000 37.000000 37.000000 37.000000

-70.500000 121.500000 52.000000 37.000000 37.000000 38.000000

-107.500000 121.500000 52.000000 37.000000 37.000000 38.000000

-70.500000 121.500000 14.000000 37.000000 37.000000 38.000000

-70.000000 121.500000 -23.500000 38.000000 37.000000 37.000000

-107.500000 121.500000 -23.500000 37.000000 37.000000 37.000000

-107.500000 121.500000 14.000000 37.000000 37.000000 38.000000

20
-70.500000 -68.500000 166.500000 37.000000 37.000000 37.000000

-70.500000 -68.500000 204.000000 37.000000 37.000000 38.000000
-69.203148 -69.203308 195.005371 -0.707087 -0.707127 0.000005 
-70.500000 -105.500000 166.500000 37.000000 37.000000 37.000000

-107.500000 -68.500000 166.500000 37.000000 37.000000 37.000000

-107.500000 -105.500000 166.500000 37.000000 37.000000 37.000000

-70.500000 -105.500000 204.000000 37.000000 37.000000 38.000000

-107.500000 -68.500000 204.000000 37.000000 37.000000 38.000000

-107.500000 -105.500000 204.000000 37.000000 37.000000 38.000000

5.500000 -30.500000 242.000000 37.000000 37.000000 36.000000

5.500000 -68.000000 242.000000 37.000000 38.000000 36.000000

5.500000 -105.500000 242.000000 37.000000 37.000000 36.000000

-32.000000 -30.500000 242.000000 38.000000 37.000000 36.000000

-70.000000 -30.500000 242.000000 38.000000 37.000000 36.000000

-107.500000 -30.500000 242.000000 37.000000 37.000000 36.000000

-32.000000 -68.000000 242.000000 38.000000 38.000000 36.000000

-32.000000 -105.500000 242.000000 38.000000 37.000000 36.000000

-70.000000 -68.000000 241.500000 38.000000 38.000000 37.000000

-70.000000 -105.500000 241.500000 38.000000 37.000000 37.000000

-107.500000 -105.500000 241.500000 37.000000 37.000000 37.000000

-107.500000 -68.000000 241.500000 37.000000 38.000000 37.000000

10
44.000000 7.500000 166.500000 36.000000 37.000000 37.000000

44.000000 -29.500000 166.500000 36.000000 37.000000 37.000000

43.500000 7.500000 204.000000 37.000000 37.000000 38.000000

43.500000 -29.500000 204.000000 37.000000 37.000000 38.000000

44.000000 -29.500000 241.500000 36.000000 37.000000 37.000000

44.000000 7.500000 241.500000 36.000000 37.000000 37.000000

-31.500000 -29.500000 204.000000 37.000000 37.000000 36.000000

6.000000 -29.500000 204.000000 38.000000 37.000000 36.000000

-31.500000 7.500000 204.000000 37.000000 37.000000 36.000000

6.000000 7.500000 204.000000 38.000000 37.000000 36.000000

39
-70.500000 -30.500000 89.500000 37.000000 37.000000 37.000000
-94.463387 -25.247984 65.004410 -0.967807 -0.251694 0.000012 -68.494881 -68.494293 75.006241 0.707059 0.707155 -0.000013 
-70.500000 -68.000000 89.500000 37.000000 38.000000 37.000000
-68.494881 -68.494293 75.006241 -0.707059 -0.707155 0.000013 
-70.500000 -68.000000 52.000000 37.000000 38.000000 38.000000
-68.494881 -68.494293 75.006241 -0.707059 -0.707155 0.000013 
43.500000 -68.500000 13.500000 37.000000 37.000000 37.000000

43.500000 -68.500000 -23.500000 37.000000 37.000000 37.000000

6.000000 -68.500000 13.500000 38.000000 37.000000 37.000000

6.000000 -68.500000 -23.500000 38.000000 37.000000 37.000000

-32.000000 -68.500000 13.500000 38.000000 37.000000 37.000000

-32.000000 -68.500000 -23.500000 38.000000 37.000000 37.000000

-70.000000 -68.500000 14.000000 38.000000 37.000000 38.000000

-70.000000 -68.500000 -23.500000 38.000000 37.000000 37.000000

-108.000000 -68.500000 127.500000 36.000000 37.000000 37.000000

-107.500000 -68.000000 90.000000 37.000000 38.000000 38.000000

-107.500000 -68.000000 52.000000 37.000000 38.000000 38.000000

-107.500000 -68.500000 14.000000 37.000000 37.000000 38.000000

-107.500000 -68.500000 -23.500000 37.000000 37.000000 37.000000

-70.500000 -106.000000 127.500000 37.000000 36.000000 37.000000

-107.500000 -105.500000 127.500000 37.000000 37.000000 37.000000

-70.500000 -105.500000 90.000000 37.000000 37.000000 38.000000

-107.500000 -105.500000 90.000000 37.000000 37.000000 38.000000

43.500000 -106.000000 51.500000 37.000000 36.000000 37.000000

6.000000 -106.000000 51.500000 38.000000 36.000000 37.000000

-32.000000 -106.000000 51.500000 38.000000 36.000000 37.000000

-70.000000 -105.500000 52.000000 38.000000 37.000000 38.000000

-107.500000 -105.500000 52.000000 37.000000 37.000000 38.000000

43.500000 -105.500000 14.000000 37.000000 37.000000 38.000000

43.500000 -105.500000 -23.500000 37.000000 37.000000 37.000000

6.000000 -105.500000 14.000000 38.000000 37.000000 38.000000

6.000000 -105.500000 -23.500000 38.000000 37.000000 37.000000

-32.000000 -105.500000 14.000000 38.000000 37.000000 38.000000

-32.000000 -105.500000 -23.500000 38.000000 37.000000 37.000000

-70.000000 -105.500000 14.000000 38.000000 37.000000 38.000000

-70.000000 -105.500000 -23.500000 38.000000 37.000000 37.000000

-107.500000 -105.500000 -23.500000 37.000000 37.000000 37.000000

-107.500000 -105.500000 14.000000 37.000000 37.000000 38.000000

-107.500000 -30.500000 89.500000 37.000000 37.000000 37.000000
-94.463387 -25.247984 65.004410 -0.967807 -0.251694 0.000012 
-70.500000 -30.500000 89.500000 37.000000 37.000000 37.000000
-94.463387 -25.247984 65.004410 -0.967807 -0.251694 0.000012 -68.494881 -68.494293 75.006241 -0.707059 -0.707155 0.000013 
-107.500000 -30.500000 52.500000 37.000000 37.000000 37.000000
-94.463387 -25.247984 65.004410 -0.967807 -0.251694 0.000012 
-70.500000 -30.500000 52.500000 37.000000 37.000000 37.000000
-94.463387 -25.247984 65.004410 -0.967807 -0.251694 0.000012 
52
6.000000 84.500000 128.500000 38.000000 37.000000 37.000000
25.005215 93.504997 145.003784 0.251502 0.967857 0.000026 -24.994293 93.505264 155.005554 0.251592 -0.967834 0.000009 
6.000000 84.500000 165.500000 38.000000 37.000000 37.000000
25.005215 93.504997 145.003784 0.251502 0.967857 0.000026 -24.994293 93.505264 155.005554 0.251592 -0.967834 0.000009 
44.000000 84.500000 128.500000 38.000000 37.000000 37.000000
68.503723 68.508469 135.005768 -0.707198 -0.707016 0.000025 25.005215 93.504997 145.003784 0.251502 0.967857 0.000026 
6.000000 84.500000 128.500000 38.000000 37.000000 37.000000
25.005215 93.504997 145.003784 -0.251502 -0.967857 -0.000026 -24.994293 93.505264 155.005554 -0.251592 0.967834 -0.000009 
44.000000 84.500000 128.500000 38.000000 37.000000 37.000000
68.503723 68.508469 135.005768 0.707198 0.707016 -0.000025 25.005215 93.504997 145.003784 0.251502 0.967857 0.000026 
82.500000 46.500000 128.500000 37.000000 37.000000 37.000000
93.503754 25.008654 125.008347 0.967803 0.251710 0.000015 68.503723 68.508469 135.005768 -0.707198 -0.707016 0.000025 
82.500000 46.500000 128.500000 37.000000 37.000000 37.000000
93.503754 25.008654 125.008347 -0.967803 -0.251710 -0.000015 68.503723 68.508469 135.005768 0.707198 0.707016 -0.000025 
82.500000 46.500000 128.500000 37.000000 37.000000 37.000000
93.503754 25.008654 125.008347 0.967803 0.251710 0.000015 68.503723 68.508469 135.005768 0.707198 0.707016 -0.000025 
82.000000 84.000000 128.500000 38.000000 38.000000 37.000000
68.503723 68.508469 135.005768 0.707198 0.707016 -0.000025 
44.000000 84.500000 166.000000 38.000000 37.000000 38.000000
25.005215 93.504997 145.003784 0.251502 0.967857 0.000026 
119.500000 46.500000 128.500000 37.000000 37.000000 37.000000

119.500000 84.000000 128.500000 37.000000 38.000000 37.000000

44.000000 121.500000 128.500000 38.000000 37.000000 37.000000

82.000000 121.500000 128.500000 38.000000 37.000000 37.000000

119.500000 121.500000 128.500000 37.000000 37.000000 37.000000

82.500000 46.500000 166.000000 37.000000 37.000000 38.000000

119.500000 46.500000 166.000000 37.000000 37.000000 38.000000

82.000000 84.000000 166.000000 38.000000 38.000000 38.000000

119.500000 84.000000 166.000000 37.000000 38.000000 38.000000

44.000000 121.500000 166.000000 38.000000 37.000000 38.000000

82.000000 121.500000 166.000000 38.000000 37.000000 38.000000

119.500000 121.500000 166.000000 37.000000 37.000000 38.000000

44.500000 46.500000 204.500000 37.000000 37.000000 37.000000

82.000000 46.500000 204.000000 38.000000 37.000000 38.000000

119.500000 46.500000 204.000000 37.000000 37.000000 38.000000

44.500000 46.500000 241.500000 37.000000 37.000000 37.000000

82.000000 46.500000 241.500000 38.000000 37.000000 37.000000

119.500000 46.500000 241.500000 37.000000 37.000000 37.000000

44.500000 84.000000 204.000000 37.000000 38.000000 38.000000

44.500000 121.500000 204.000000 37.000000 37.000000 38.000000

44.500000 84.000000 241.500000 37.000000 38.000000 37.000000

44.500000 121.500000 241.500000 37.000000 37.000000 37.000000

82.000000 84.000000 204.000000 38.000000 38.000000 38.000000

119.500000 84.000000 204.000000 37.000000 38.000000 38.000000

82.000000 121.500000 204.000000 38.000000 37.000000 38.000000

119.500000 121.500000 204.000000 37.000000 37.000000 38.000000

82.000000 84.000000 241.500000 38.000000 38.000000 37.000000

82.000000 121.500000 241.500000 38.000000 37.000000 37.000000

119.500000 84.000000 241.500000 37.000000 38.000000 37.000000

119.500000 121.500000 241.500000 37.000000 37.000000 37.000000

6.000000 121.500000 128.500000 38.000000 37.000000 37.000000
25.005215 93.504997 145.003784 -0.251502 -0.967857 -0.000026 
6.000000 121.500000 128.500000 38.000000 37.000000 37.000000
25.005215 93.504997 145.003784 0.251502 0.967857 0.000026 
6.000000 84.500000 165.500000 38.000000 37.000000 37.000000
25.005215 93.504997 145.003784 -0.251502 -0.967857 -0.000026 -24.994293 93.505264 155.005554 -0.251592 0.967834 -0.000009 
6.000000 121.500000 165.500000 38.000000 37.000000 37.000000
25.005215 93.504997 145.003784 0.251502 0.967857 0.000026 -24.994293 93.505264 155.005554 0.251592 -0.967834 0.000009 
6.000000 121.500000 165.500000 38.000000 37.000000 37.000000
25.005215 93.504997 145.003784 -0.251502 -0.967857 -0.000026 -24.994293 93.505264 155.005554 -0.251592 0.967834 -0.000009 
6.000000 121.500000 165.500000 38.000000 37.000000 37.000000
25.005215 93.504997 145.003784 0.251502 0.967857 0.000026 -24.994293 93.505264 155.005554 -0.251592 0.967834 -0.000009 
-31.500000 84.500000 165.500000 37.000000 37.000000 37.000000
-24.994293 93.505264 155.005554 -0.251592 0.967834 -0.000009 -68.493347 68.506752 165.007355 0.707137 -0.707077 -0.000008 
-31.500000 84.500000 165.500000 37.000000 37.000000 37.000000
-24.994293 93.505264 155.005554 -0.251592 0.967834 -0.000009 -68.493347 68.506752 165.007355 -0.707137 0.707077 0.000008 
-31.500000 121.500000 165.500000 37.000000 37.000000 37.000000
-24.994293 93.505264 155.005554 -0.251592 0.967834 -0.000009 
-32.000000 46.500000 128.000000 36.000000 37.000000 36.000000

-31.500000 84.000000 128.500000 37.000000 38.000000 37.000000

-31.500000 121.500000 128.500000 37.000000 37.000000 37.000000

14
81.500000 -68.000000 204.500000 37.000000 36.000000 37.000000
67.800247 -67.788391 225.002838 -0.707096 0.707117 0.000003 
81.500000 -67.500000 241.500000 37.000000 37.000000 37.000000
67.800247 -67.788391 225.002838 -0.707096 0.707117 0.000003 
82.000000 -30.500000 242.000000 36.000000 37.000000 36.000000
67.800247 -67.788391 225.002838 -0.707096 0.707117 0.000003 
44.000000 -105.500000 241.500000 36.000000 37.000000 37.000000
24.756968 -92.526108 215.003647 -0.251643 0.967820 -0.000002 
44.500000 -68.500000 241.500000 37.000000 37.000000 37.000000
24.756968 -92.526108 215.003647 -0.251643 0.967820 -0.000002 67.800247 -67.788391 225.002838 -0.707096 0.707117 0.000003 
43.500000 -105.500000 204.500000 37.000000 37.000000 37.000000
24.756968 -92.526108 215.003647 -0.251643 0.967820 -0.000002 
44.000000 -68.500000 204.500000 38.000000 37.000000 37.000000
24.756968 -92.526108 215.003647 -0.251643 0.967820 -0.000002 67.800247 -67.788391 225.002838 -0.707096 0.707117 0.000003 
-69.500000 -67.500000 204.000000 37.000000 37.000000 36.000000
-67.788979 -67.789047 195.005371 0.707087 0.707127 -0.000005 
-70.000000 -30.000000 204.000000 36.000000 38.000000 36.000000
-92.530762 -24.743773 185.006088 0.967816 0.251660 -0.000005 -67.788979 -67.789047 195.005371 0.707087 0.707127 -0.000005 
-70.000000 7.500000 204.000000 36.000000 37.000000 36.000000

-32.000000 -68.500000 204.000000 38.000000 37.000000 36.000000
-67.788979 -67.789047 195.005371 0.707087 0.707127 -0.000005 -24.739925 -92.527008 205.004013 0.251611 0.967829 -0.000005 
-31.500000 -105.500000 204.000000 37.000000 37.000000 36.000000
-24.739925 -92.527008 205.004013 0.251611 0.967829 -0.000005 
6.000000 -105.500000 204.000000 38.000000 37.000000 36.000000
-24.739925 -92.527008 205.004013 0.251611 0.967829 -0.000005 24.756968 -92.526108 215.003647 -0.251643 0.967820 -0.000002 
6.000000 -68.500000 204.000000 38.000000 37.000000 36.000000
24.756968 -92.526108 215.003647 -0.251643 0.967820 -0.000002 
27
-69.500000 83.500000 52.000000 37.000000 37.000000 36.000000
-67.786972 67.797874 45.006622 0.706997 -0.707216 0.000030 
-69.500000 46.000000 52.000000 37.000000 38.000000 36.000000
-67.786972 67.797874 45.006622 0.706997 -0.707216 0.000030 -92.528969 24.753771 55.005482 0.967815 -0.251662 0.000006 
-69.500000 8.500000 52.000000 37.000000 37.000000 36.000000
-92.528969 24.753771 55.005482 0.967815 -0.251662 0.000006 
81.500000 83.500000 14.500000 37.000000 37.000000 37.000000
67.794907 67.798653 15.005838 -0.707134 -0.707079 0.000007 
81.500000 46.000000 14.500000 37.000000 38.000000 37.000000
92.536110 24.753885 5.003458 -0.967783 -0.251788 -0.000031 67.794907 67.798653 15.005838 -0.707134 -0.707079 0.000007 
81.500000 8.500000 14.500000 37.000000 37.000000 37.000000
92.536110 24.753885 5.003458 -0.967783 -0.251788 -0.000031 
-32.000000 83.500000 51.500000 38.000000 37.000000 37.000000
-24.742571 92.533386 35.005737 0.251678 -0.967811 -0.000009 -67.786972 67.797874 45.006622 0.706997 -0.707216 0.000030 
-31.500000 83.500000 14.500000 37.000000 37.000000 37.000000
-24.742571 92.533386 35.005737 0.251678 -0.967811 -0.000009 
6.000000 83.500000 51.500000 38.000000 37.000000 37.000000
24.751398 92.537140 25.007368 -0.251530 -0.967850 -0.000021 -24.742571 92.533386 35.005737 0.251678 -0.967811 -0.000009 
6.000000 83.500000 14.500000 38.000000 37.000000 37.000000
24.751398 92.537140 25.007368 -0.251530 -0.967850 -0.000021 -24.742571 92.533386 35.005737 0.251678 -0.967811 -0.000009 
44.000000 83.500000 14.500000 38.000000 37.000000 37.000000
67.794907 67.798653 15.005838 -0.707134 -0.707079 0.000007 24.751398 92.537140 25.007368 -0.251530 -0.967850 -0.000021 
-31.500000 8.500000 14.500000 37.000000 37.000000 37.000000

-32.000000 8.500000 51.500000 38.000000 37.000000 37.000000

-31.500000 46.000000 14.500000 37.000000 38.000000 37.000000

-32.000000 46.000000 51.500000 38.000000 38.000000 37.000000

6.000000 46.000000 14.500000 38.000000 38.000000 37.000000

44.000000 46.000000 14.500000 38.000000 38.000000 37.000000

6.000000 46.000000 51.500000 38.000000 38.000000 37.000000

44.000000 46.000000 51.500000 38.000000 38.000000 37.000000

81.500000 8.500000 51.500000 37.000000 37.000000 37.000000

81.500000 46.000000 51.500000 37.000000 38.000000 37.000000

44.000000 8.500000 14.500000 38.000000 37.000000 37.000000

6.000000 8.500000 14.500000 38.000000 37.000000 37.000000

6.000000 8.500000 51.500000 38.000000 37.000000 37.000000

44.000000 8.500000 51.500000 38.000000 37.000000 37.000000

44.000000 83.500000 51.500000 38.000000 37.000000 37.000000

81.500000 83.500000 51.500000 37.000000 37.000000 37.000000

17
-70.000000 -68.000000 127.500000 36.000000 36.000000 37.000000

-69.500000 -67.500000 90.500000 37.000000 37.000000 37.000000
-67.787819 -67.787140 75.006226 0.707059 0.707155 -0.000013 
-107.500000 -30.000000 90.000000 37.000000 36.000000 36.000000
-92.527779 -24.744596 65.004379 0.967807 0.251694 -0.000012 
-70.000000 -30.500000 90.000000 38.000000 37.000000 36.000000
-92.527779 -24.744596 65.004379 0.967807 0.251694 -0.000012 -67.787819 -67.787140 75.006226 0.707059 0.707155 -0.000013 
-31.500000 -105.500000 90.000000 37.000000 37.000000 36.000000
-24.745329 -92.527267 85.005287 0.251766 0.967788 0.000026 
6.000000 -105.500000 90.000000 38.000000 37.000000 36.000000
-24.745329 -92.527267 85.005287 0.251766 0.967788 0.000026 24.752666 -92.527908 95.002655 -0.251576 0.967838 0.000012 
43.500000 -105.500000 90.000000 37.000000 37.000000 36.000000
24.752666 -92.527908 95.002655 -0.251576 0.967838 0.000012 
81.500000 -67.500000 90.500000 37.000000 37.000000 37.000000
67.797318 -67.785561 105.004364 -0.707284 0.706929 -0.000048 
81.500000 -30.500000 90.000000 37.000000 37.000000 36.000000
67.797318 -67.785561 105.004364 -0.707284 0.706929 -0.000048 92.535812 -24.739136 115.007652 -0.967804 0.251704 0.000014 
44.500000 -68.000000 127.500000 37.000000 36.000000 37.000000
67.797318 -67.785561 105.004364 -0.707284 0.706929 -0.000048 
81.500000 -68.000000 127.500000 37.000000 36.000000 37.000000
67.797318 -67.785561 105.004364 -0.707284 0.706929 -0.000048 
-32.000000 -68.000000 90.000000 38.000000 38.000000 36.000000
-67.787819 -67.787140 75.006226 0.707059 0.707155 -0.000013 -24.745329 -92.527267 85.005287 0.251766 0.967788 0.000026 
6.000000 -68.000000 90.000000 38.000000 38.000000 36.000000
24.752666 -92.527908 95.002655 -0.251576 0.967838 0.000012 
44.000000 -68.000000 90.500000 38.000000 38.000000 37.000000
24.752666 -92.527908 95.002655 -0.251576 0.967838 0.000012 67.797318 -67.785561 105.004364 -0.707284 0.706929 -0.000048 
44.000000 -30.500000 90.000000 38.000000 37.000000 36.000000

-32.000000 -30.500000 90.000000 38.000000 37.000000 36.000000

6.000000 -30.500000 90.000000 38.000000 37.000000 36.000000

9
-108.000000 7.500000 203.500000 36.000000 37.000000 37.000000
-92.528084 24.754951 175.005432 0.967779 -0.251800 0.000033 -92.530762 -24.743773 185.006088 0.967816 0.251660 -0.000005 
-108.000000 -29.500000 203.500000 36.000000 37.000000 37.000000
-92.530762 -24.743773 185.006088 0.967816 0.251660 -0.000005 
-70.000000 83.500000 166.000000 36.000000 37.000000 36.000000
-67.786209 67.799675 165.007339 0.707137 -0.707077 -0.000008 
-107.500000 45.500000 166.000000 37.000000 37.000000 36.000000
-92.528084 24.754951 175.005432 0.967779 -0.251800 0.000033 
-70.500000 46.000000 166.000000 37.000000 38.000000 36.000000
-67.786209 67.799675 165.007339 0.707137 -0.707077 -0.000008 -92.528084 24.754951 175.005432 0.967779 -0.251800 0.000033 
-107.500000 -29.500000 166.500000 37.000000 37.000000 37.000000
-92.530762 -24.743773 185.006088 0.967816 0.251660 -0.000005 
-70.500000 -29.500000 166.000000 37.000000 37.000000 36.000000
-92.530762 -24.743773 185.006088 0.967816 0.251660 -0.000005 
-107.500000 8.000000 166.500000 37.000000 38.000000 37.000000
-92.528084 24.754951 175.005432 0.967779 -0.251800 0.000033 -92.530762 -24.743773 185.006088 0.967816 0.251660 -0.000005 
-70.500000 8.000000 166.000000 37.000000 38.000000 36.000000
-92.528084 24.754951 175.005432 0.967779 -0.251800 0.000033 
2
44.000000 46.500000 166.000000 36.000000 37.000000 36.000000

44.000000 83.500000 166.000000 36.000000 37.000000 36.000000
24.753712 92.537140 145.003754 -0.251502 -0.967857 -0.000026 
1
-108.000000 8.000000 52.000000 36.000000 36.000000 36.000000
-92.528969 24.753771 55.005482 0.967815 -0.251662 0.000006 -92.527779 -24.744596 65.004379 0.967807 0.251694 -0.000012 
1
44.000000 84.000000 128.000000 36.000000 36.000000 36.000000
69.210922 69.215485 135.005737 0.707198 0.707016 -0.000025 24.753712 92.537140 145.003754 -0.251502 -0.967857 -0.000026 
1
-108.000000 46.000000 52.000000 36.000000 36.000000 36.000000
-92.528969 24.753771 55.005482 0.967815 -0.251662 0.000006 
