19
-1.000000 0.000000 0.000000 1000
0.000000 -1.000000 0.000000 75
1.000000 0.000000 0.000000 1000
0.000000 1.000000 0.000000 1000
-1.000000 0.000000 0.000000 1000
1.000000 0.000000 0.000000 1000
-1.000000 0.000000 0.000000 1000
-1.000000 0.000000 0.000000 1000
1.000000 0.000000 0.000000 1000
-1.000000 0.000000 0.000000 1000
0.000000 1.000000 0.000000 1000
0.000000 1.000000 0.000000 1000
0.000000 -1.000000 0.000000 1000
0.000000 1.000000 0.000000 68
1.000000 0.000000 0.000000 1000
0.000000 -1.000000 0.000000 1000
1.000000 0.000000 0.000000 1000
1.000000 0.000000 0.000000 1000
1.000000 0.000000 0.000000 1000
4
7
11
8
5
14
15
10
1
0
13
2
9
12
3
6
17
18
16
