0.09992911 0.9949945 0 0.09992912 0.9949946 0 -0.09992912 -0.9949946 0
0.3048327 0.3048327 0.9023048 0.2470566 0.2242205 0.9427026 -0.2470566 -0.2242205 -0.9427026
0.09585207 0.3686618 0.9246085 0.2470566 0.2242205 0.9427026 -0.2470566 -0.2242205 -0.9427026
-0.05917668 0.2276026 0.9719543 0.2470566 0.2242205 0.9427026 -0.2470566 -0.2242205 -0.9427026
-0.03122904 0.03851581 0.9987699 0.2470566 0.2242205 0.9427026 -0.2470566 -0.2242205 -0.9427026
0.2402486 -0.05479354 0.9691637 0.2470566 0.2242205 0.9427026 -0.2470566 -0.2242205 -0.9427026
0.3999887 0.0123534 0.9164367 0.2470566 0.2242205 0.9427026 -0.2470566 -0.2242205 -0.9427026
0.4286628 0.1899404 0.8832728 0.2470566 0.2242205 0.9427026 -0.2470566 -0.2242205 -0.9427026
0.3441084 0.2949591 0.8913969 0.2470566 0.2242205 0.9427026 -0.2470566 -0.2242205 -0.9427026
0.2860232 0.2999916 0.9100526 0.2470566 0.2242205 0.9427026 -0.2470566 -0.2242205 -0.9427026
0.3048327 0.3048327 0.9023049 0.2470566 0.2242205 0.9427026 -0.2470566 -0.2242205 -0.9427026
0.3364075 0.4186569 0.843538 0.2470566 0.2242205 0.9427026 -0.2470566 -0.2242205 -0.9427026
-0.9614568 -0.06255726 0.267745 -0.8551452 -0.08285192 0.5117247 0.8551452 0.08285192 -0.5117247
-0.8185969 -0.2712826 0.5062657 -0.8551452 -0.08285192 0.5117247 0.8551452 0.08285192 -0.5117247
-0.6835766 -0.1866036 0.7056218 -0.8551452 -0.08285192 0.5117247 0.8551452 0.08285192 -0.5117247
-0.7107563 0.03072911 0.7027668 -0.8551452 -0.08285192 0.5117247 0.8551452 0.08285192 -0.5117247
-0.8448988 0.06970556 0.5303652 -0.8551452 -0.08285192 0.5117247 0.8551452 0.08285192 -0.5117247
-0.9614568 -0.06255724 0.267745 -0.8551452 -0.08285192 0.5117247 0.8551452 0.08285192 -0.5117247
