2
3
113.000000 5.000000 5.000000 60.000000 60.000000 60.000000
50.000000 0.000000 0.000000 -0.000000 -0.000000 -1.000000 
-7.000000 5.000000 5.000000 60.000000 60.000000 60.000000
50.000000 0.000000 0.000000 -0.000000 -0.000000 -1.000000 
53.000000 5.000000 5.000000 60.000000 60.000000 60.000000
50.000000 0.000000 0.000000 -0.000000 -0.000000 -1.000000 
3
113.000000 5.000000 5.000000 60.000000 60.000000 60.000000
50.000000 0.000000 0.000000 0.000000 0.000000 1.000000 
-7.000000 5.000000 5.000000 60.000000 60.000000 60.000000
50.000000 0.000000 0.000000 0.000000 0.000000 1.000000 
53.000000 5.000000 5.000000 60.000000 60.000000 60.000000
50.000000 0.000000 0.000000 0.000000 0.000000 1.000000 
