34
23
74.778595 0.230103 366.485718 69.000000 69.000000 69.000000
98.047348 1.605216 348.192963 0.000000 1.000000 0.000000 101.473717 -11.208440 364.663361 0.000000 0.000000 -1.000000 102.537483 -45.573795 364.891724 0.000000 0.000000 -1.000000 81.578979 21.897821 364.325928 0.000000 0.000000 -1.000000 78.478775 1.903763 389.212341 0.000000 1.000000 0.000000 
75.778595 69.230103 366.485718 69.000000 69.000000 69.000000
59.626900 50.891083 363.983765 0.000000 0.000000 -1.000000 26.141741 65.632843 363.745880 0.000000 0.000000 -1.000000 81.578979 21.897821 364.325928 0.000000 0.000000 -1.000000 
145.278595 69.730103 436.485718 68.000000 68.000000 69.000000

144.778595 69.730103 366.985718 69.000000 68.000000 70.000000

75.278595 0.230103 296.985718 70.000000 69.000000 70.000000
111.775482 1.267627 265.854980 0.000000 1.000000 0.000000 106.520409 1.430513 309.867188 0.000000 1.000000 0.000000 
75.778595 69.230103 296.985718 69.000000 69.000000 70.000000

144.778595 0.230103 296.485718 69.000000 69.000000 69.000000
111.775482 1.267627 265.854980 0.000000 1.000000 0.000000 106.520409 1.430513 309.867188 0.000000 1.000000 0.000000 
144.778595 69.230103 296.985718 69.000000 69.000000 70.000000

75.278595 -0.269897 227.485718 70.000000 70.000000 69.000015
114.547379 1.125115 219.131714 0.000000 1.000000 0.000000 111.775482 1.267627 265.854980 0.000000 1.000000 0.000000 
75.778595 69.230103 227.485718 69.000000 69.000000 69.000015

144.778595 -0.269897 227.485718 69.000000 70.000000 69.000015
114.547379 1.125115 219.131714 0.000000 1.000000 0.000000 111.775482 1.267627 265.854980 0.000000 1.000000 0.000000 
144.778595 69.230103 227.485718 69.000000 69.000000 69.000015

5.778595 -0.769897 366.485718 69.000000 69.000000 69.000000

5.778595 -0.769897 227.485718 69.000000 69.000000 69.000015

5.778595 -0.769897 296.985718 69.000000 69.000000 70.000000

5.278595 -70.269897 436.485718 68.000000 68.000000 69.000000

5.278595 -69.769897 366.985718 68.000000 69.000000 70.000000

5.278595 -69.769897 296.985718 68.000000 69.000000 70.000000

-134.221405 -70.269897 226.985718 69.000000 68.000000 68.000015
-119.136787 -62.815514 223.520538 0.000000 1.000000 0.000000 
-64.721405 -70.269897 226.985718 70.000000 68.000000 68.000015
-119.136787 -62.815514 223.520538 0.000000 1.000000 0.000000 
5.278595 -69.769897 227.485718 70.000000 69.000000 69.000015

75.278595 -69.769897 226.985718 70.000000 69.000000 68.000015
125.923508 -62.520336 223.754440 -0.000000 1.000000 -0.000000 
144.778595 -69.769897 226.985718 69.000000 69.000000 68.000015
125.923508 -62.520336 223.754440 -0.000000 1.000000 -0.000000 
41
75.778595 -0.769897 367.485718 69.000000 69.000000 69.000000
98.047348 1.605216 348.192963 0.000000 1.000000 0.000000 101.473717 -11.208440 366.663361 -0.000000 -0.000000 1.000000 102.537483 -45.573795 366.891724 -0.000000 -0.000000 1.000000 81.578979 21.897821 366.325928 -0.000000 -0.000000 1.000000 78.478775 1.903763 389.212341 0.000000 1.000000 0.000000 
5.778595 -0.269897 437.485718 69.000000 68.000000 69.000000
3.296108 0.165909 470.788879 1.000000 0.000000 0.000000 4.101473 20.879499 446.263702 1.000000 -0.000000 -0.000000 -17.319098 2.645337 445.064911 -0.000000 1.000000 -0.000000 23.514814 2.694738 445.100250 0.000000 1.000000 0.000000 
75.278595 -0.769897 436.985718 70.000000 69.000000 70.000000
53.994087 2.259400 423.826111 0.000000 1.000000 0.000000 23.514814 2.694738 445.100250 0.000000 1.000000 0.000000 78.478775 1.903763 389.212341 0.000000 1.000000 0.000000 
75.778595 -69.769897 367.485718 69.000000 69.000000 69.000000
62.677010 -114.449326 367.178528 -0.000000 -0.000000 1.000000 93.803215 -66.885330 398.571716 0.000000 1.000000 0.000000 102.537483 -45.573795 366.891724 -0.000000 -0.000000 1.000000 84.346321 -87.133987 367.088837 -0.000000 -0.000000 1.000000 96.855057 -66.358894 336.848236 -0.000000 1.000000 -0.000000 
75.778595 -69.769897 436.985718 69.000000 69.000000 70.000000
93.803215 -66.885330 398.571716 0.000000 1.000000 0.000000 88.368622 -66.592857 462.289215 0.000000 1.000000 0.000000 
5.778595 0.230103 506.985718 69.000000 69.000000 70.000000
3.296108 0.165909 470.788879 1.000000 0.000000 0.000000 2.011650 -4.840142 504.819672 1.000000 0.000000 0.000000 1.264122 -13.753893 541.464844 1.000000 0.000000 0.000000 
75.778595 -69.769897 506.985718 69.000000 69.000000 70.000000
88.368622 -66.592857 462.289215 0.000000 1.000000 0.000000 75.825684 -66.339211 519.843811 0.000000 1.000000 0.000000 
144.778595 -69.769897 367.485718 69.000000 69.000000 69.000000
102.537483 -45.573795 366.891724 -0.000000 -0.000000 1.000000 
144.778595 -69.769897 436.985718 69.000000 69.000000 70.000000

144.778595 -69.769897 506.985718 69.000000 69.000000 70.000000

5.778595 -70.269897 577.485718 69.000000 70.000000 69.000000
0.924350 -28.936970 572.856812 1.000000 0.000000 0.000000 0.852791 -52.751724 591.119385 1.000000 0.000000 0.000000 53.822929 -66.163071 564.456299 0.000000 1.000000 0.000000 20.015633 -66.105125 589.329529 0.000000 1.000000 0.000000 -19.940794 -66.151276 589.290771 -0.000000 1.000000 -0.000000 0.922930 -82.298691 585.435181 1.000000 0.000000 0.000000 1.053835 -107.600769 550.082825 1.000000 0.000000 0.000000 
75.278595 -70.269897 576.985718 70.000000 70.000000 70.000000
75.825684 -66.339211 519.843811 0.000000 1.000000 0.000000 53.822929 -66.163071 564.456299 0.000000 1.000000 0.000000 
144.778595 -70.269897 576.985718 69.000000 70.000000 70.000000

5.778595 -70.269897 646.485718 69.000000 70.000000 69.000000

75.278595 -70.269897 646.485718 70.000000 70.000000 69.000000

144.778595 -70.269897 646.485718 69.000000 70.000000 69.000000

5.778595 -139.769897 577.485718 69.000000 69.000000 69.000000
1.053835 -107.600769 550.082825 1.000000 0.000000 0.000000 
75.278595 -139.769897 577.485718 70.000000 69.000000 69.000000

144.778595 -139.769897 577.485718 69.000000 69.000000 69.000000

5.778595 -139.769897 646.485718 69.000000 69.000000 69.000000

75.278595 -139.769897 646.485718 70.000000 69.000000 69.000000

144.778595 -139.769897 646.485718 69.000000 69.000000 69.000000

144.778595 -0.769897 367.485718 69.000000 69.000000 69.000000
101.473717 -11.208440 366.663361 -0.000000 -0.000000 1.000000 102.537483 -45.573795 366.891724 -0.000000 -0.000000 1.000000 
144.778595 -0.769897 436.985718 69.000000 69.000000 70.000000

5.778595 -0.269897 576.985718 69.000000 70.000000 70.000000
1.264122 -13.753893 541.464844 1.000000 0.000000 0.000000 0.924350 -28.936970 572.856812 1.000000 0.000000 0.000000 
5.778595 69.230103 507.485718 69.000000 69.000000 69.000000

5.778595 69.230103 576.985718 69.000000 69.000000 70.000000

5.778595 -0.269897 646.485718 69.000000 70.000000 69.000000

5.778595 69.230103 646.485718 69.000000 69.000000 69.000000

75.278595 -0.269897 506.985718 70.000000 70.000000 70.000000

75.278595 69.230103 507.485718 70.000000 69.000000 69.000000

75.278595 -0.269897 576.985718 70.000000 70.000000 70.000000

75.278595 69.230103 576.985718 70.000000 69.000000 70.000000

75.278595 -0.269897 646.485718 70.000000 70.000000 69.000000

75.278595 69.230103 646.485718 70.000000 69.000000 69.000000

144.778595 -0.269897 506.985718 69.000000 70.000000 70.000000

144.778595 69.230103 507.485718 69.000000 69.000000 69.000000

144.778595 -0.269897 576.985718 69.000000 70.000000 70.000000

144.778595 69.230103 576.985718 69.000000 69.000000 70.000000

144.778595 -0.269897 646.485718 69.000000 70.000000 69.000000

144.778595 69.230103 646.485718 69.000000 69.000000 69.000000

18
4.778595 -140.269897 296.485718 69.000000 68.000000 69.000000
1.469198 -136.657227 260.040894 0.000000 1.000000 0.000000 
4.778595 -140.269897 227.485718 69.000000 68.000000 69.000015
1.469198 -136.657227 260.040894 0.000000 1.000000 0.000000 
-65.221405 -0.769897 366.985718 69.000000 69.000000 68.000000
-91.651108 -0.618727 348.009583 0.000000 -1.000000 0.000000 -95.085144 -11.443003 366.471558 0.000000 0.000000 1.000000 -96.067680 -45.812584 366.699829 0.000000 0.000000 1.000000 -75.202667 21.711847 366.170227 0.000000 0.000000 1.000000 -72.164612 -0.273502 389.065002 0.000000 -1.000000 0.000000 
-65.221405 -69.769897 366.985718 69.000000 69.000000 68.000000
-58.742332 -114.597145 365.056885 -0.000000 -0.000000 -1.000000 -87.673157 -67.105728 398.397156 -0.000000 1.000000 -0.000000 -96.067680 -45.812584 366.699829 0.000000 0.000000 1.000000 -78.724617 -87.332581 366.928528 0.000000 0.000000 1.000000 -90.277214 -66.581604 336.667572 0.000000 1.000000 0.000000 
-134.721405 -0.769897 506.485718 68.000000 69.000000 69.000000

-134.721405 -0.769897 436.985718 68.000000 69.000000 70.000000

-134.221405 -0.769897 367.485718 69.000000 69.000000 69.000000
-91.651108 -0.618727 348.009583 0.000000 -1.000000 0.000000 -95.085144 -11.443003 366.471558 0.000000 0.000000 1.000000 -96.067680 -45.812584 366.699829 0.000000 0.000000 1.000000 
-134.721405 -70.269897 506.485718 68.000000 70.000000 69.000000

-134.721405 -70.269897 436.985718 68.000000 70.000000 70.000000

-134.221405 -70.269897 367.485718 69.000000 70.000000 69.000000
-96.067680 -45.812584 366.699829 0.000000 0.000000 1.000000 
-134.721405 -140.269897 576.485718 68.000000 68.000000 69.000000

-134.721405 -139.769897 506.985718 68.000000 69.000000 70.000000

-134.721405 -139.769897 436.985718 68.000000 69.000000 70.000000

-134.721405 -139.769897 366.985718 68.000000 69.000000 70.000000

-64.721405 -140.269897 296.485718 70.000000 68.000000 69.000000

-134.221405 -140.269897 296.985718 69.000000 68.000000 70.000000

-134.221405 -140.269897 227.485718 69.000000 68.000000 69.000015

-64.721405 -140.269897 227.485718 70.000000 68.000000 69.000015

23
-64.221405 69.730103 367.485718 69.000000 68.000000 69.000000
-53.203255 50.760258 365.869080 0.000000 0.000000 1.000000 -75.202667 21.711847 366.170227 0.000000 0.000000 1.000000 -19.637074 65.582069 365.698914 0.000000 0.000000 1.000000 
4.778595 69.730103 366.985718 69.000000 68.000000 68.000000
2.242883 72.845306 378.883179 -1.000000 0.000000 0.000000 2.179435 66.604874 405.437988 -1.000000 0.000000 0.000000 2.339199 61.764332 340.227783 -1.000000 -0.000000 -0.000000 -19.637074 65.582069 365.698914 0.000000 0.000000 1.000000 26.141741 65.632843 365.745880 -0.000000 -0.000000 1.000000 
-64.721405 0.230103 437.485718 68.000000 69.000000 69.000000
-47.752907 2.138655 423.731445 -0.000000 1.000000 -0.000000 -17.319098 2.645337 445.064911 -0.000000 1.000000 -0.000000 -72.164612 1.726498 389.065002 -0.000000 1.000000 -0.000000 
-64.721405 69.230103 436.985718 68.000000 69.000000 70.000000

-64.721405 -69.769897 507.485718 68.000000 69.000000 69.000000
-83.477951 -66.802551 462.123993 -0.000000 1.000000 -0.000000 -72.772812 -66.517746 519.698975 -0.000000 1.000000 -0.000000 
-64.721405 -0.269897 506.985718 68.000000 70.000000 70.000000

-64.721405 69.230103 506.985718 68.000000 69.000000 70.000000

4.778595 -0.769897 576.985718 69.000000 69.000000 68.000000
-0.735878 -13.753893 541.464844 -1.000000 -0.000000 -0.000000 -1.075650 -28.936970 572.856812 -1.000000 -0.000000 -0.000000 
4.778595 -69.769897 576.985718 69.000000 69.000000 68.000000
-1.075650 -28.936970 572.856812 -1.000000 -0.000000 -0.000000 -1.147209 -52.751724 591.119385 -1.000000 -0.000000 -0.000000 53.822929 -66.163071 564.456299 0.000000 1.000000 0.000000 20.015633 -66.105125 589.329529 0.000000 1.000000 0.000000 -19.940794 -66.151276 589.290771 -0.000000 1.000000 -0.000000 -1.077070 -82.298691 585.435181 -1.000000 -0.000000 -0.000000 -0.946165 -107.600769 550.082825 -1.000000 -0.000000 -0.000000 
-64.721405 -69.769897 576.985718 70.000000 69.000000 70.000000
-72.772812 -66.517746 519.698975 -0.000000 1.000000 -0.000000 -52.585167 -66.288307 564.351440 -0.000000 1.000000 -0.000000 -19.940794 -66.151276 589.290771 -0.000000 1.000000 -0.000000 
-64.721405 -0.269897 576.985718 70.000000 70.000000 70.000000

-65.221405 69.230103 576.985718 69.000000 69.000000 70.000000

-134.221405 -69.769897 577.485718 69.000000 69.000000 69.000000

-134.221405 -0.269897 577.485718 69.000000 70.000000 69.000000

-134.221405 69.230103 577.485718 69.000000 69.000000 69.000000

-65.221405 -70.269897 646.485718 69.000000 70.000000 69.000000

-65.221405 -139.769897 646.985718 69.000000 69.000000 68.000000

-134.221405 -139.769897 646.985718 69.000000 69.000000 68.000000

-134.221405 -70.269897 646.485718 69.000000 70.000000 69.000000

-65.221405 -0.269897 646.485718 69.000000 70.000000 69.000000

-134.221405 -0.269897 646.485718 69.000000 70.000000 69.000000

-134.221405 69.230103 646.485718 69.000000 69.000000 69.000000

-65.221405 69.230103 646.485718 69.000000 69.000000 69.000000

13
74.778595 -139.769897 506.485718 69.000000 69.000000 69.000000

74.778595 -70.769897 506.985718 69.000000 69.000000 70.000000
88.368622 -68.592857 462.289215 -0.000000 -1.000000 -0.000000 75.825684 -68.339211 519.843811 -0.000000 -1.000000 -0.000000 
5.278595 -0.769897 506.985718 68.000000 69.000000 68.000000
1.296108 0.165909 470.788879 -1.000000 -0.000000 -0.000000 2.011650 -4.840142 504.819672 1.000000 0.000000 0.000000 1.264122 -13.753893 541.464844 1.000000 0.000000 0.000000 
5.778595 -70.269897 507.485718 69.000000 70.000000 69.000000
1.053835 -107.600769 550.082825 1.000000 0.000000 0.000000 
5.778595 -139.769897 506.485718 69.000000 69.000000 69.000000
1.053835 -107.600769 550.082825 1.000000 0.000000 0.000000 1.214151 -123.791878 494.252319 1.000000 0.000000 0.000000 
5.778595 -140.269897 436.985718 69.000000 68.000000 70.000000
1.214151 -123.791878 494.252319 1.000000 0.000000 0.000000 1.389644 -132.947845 434.015442 1.000000 0.000000 0.000000 
75.278595 -70.769897 367.485718 68.000000 69.000000 69.000000
62.677010 -114.449326 367.178528 -0.000000 -0.000000 1.000000 93.803215 -68.885330 398.571716 -0.000000 -1.000000 -0.000000 102.537483 -45.573795 366.891724 -0.000000 -0.000000 1.000000 84.346321 -87.133987 367.088837 -0.000000 -0.000000 1.000000 96.855057 -68.358894 336.848236 0.000000 -1.000000 0.000000 
5.778595 -140.269897 367.485718 69.000000 68.000000 69.000000
1.560321 -137.143631 385.430603 1.000000 0.000000 0.000000 26.170860 -130.464569 367.127747 -0.000000 -0.000000 1.000000 -23.954157 -130.523941 367.078369 0.000000 0.000000 1.000000 1.469198 -138.657227 260.040894 -0.000000 -1.000000 -0.000000 
74.778595 -139.769897 367.485718 69.000000 69.000000 69.000000
62.677010 -114.449326 367.178528 -0.000000 -0.000000 1.000000 26.170860 -130.464569 367.127747 -0.000000 -0.000000 1.000000 
74.778595 -139.769897 436.985718 69.000000 69.000000 70.000000

75.278595 -70.769897 436.985718 68.000000 69.000000 70.000000
93.803215 -68.885330 398.571716 -0.000000 -1.000000 -0.000000 88.368622 -68.592857 462.289215 -0.000000 -1.000000 -0.000000 
5.778595 -70.269897 576.485718 69.000000 68.000000 69.000000
0.924350 -28.936970 572.856812 1.000000 0.000000 0.000000 0.852791 -52.751724 591.119385 1.000000 0.000000 0.000000 53.822929 -68.163071 564.456299 -0.000000 -1.000000 -0.000000 20.015633 -68.105125 589.329529 -0.000000 -1.000000 -0.000000 -19.940794 -68.151276 589.290771 0.000000 -1.000000 0.000000 0.922930 -82.298691 585.435181 1.000000 0.000000 0.000000 1.053835 -107.600769 550.082825 1.000000 0.000000 0.000000 
74.778595 -70.269897 576.485718 69.000000 68.000000 69.000000
75.825684 -68.339211 519.843811 -0.000000 -1.000000 -0.000000 53.822929 -68.163071 564.456299 -0.000000 -1.000000 -0.000000 
9
-64.721405 -139.769897 367.485718 68.000000 69.000000 69.000000
-58.742332 -114.597145 367.056885 0.000000 0.000000 1.000000 -23.954157 -130.523941 367.078369 0.000000 0.000000 1.000000 
-64.721405 -70.769897 367.485718 68.000000 69.000000 69.000000
-58.742332 -114.597145 367.056885 0.000000 0.000000 1.000000 -87.673157 -69.105728 398.397156 0.000000 -1.000000 0.000000 -96.067680 -45.812584 366.699829 0.000000 0.000000 1.000000 -78.724617 -87.332581 366.928528 0.000000 0.000000 1.000000 -90.277214 -68.581604 336.667572 -0.000000 -1.000000 -0.000000 
-64.721405 -70.769897 436.985718 68.000000 69.000000 70.000000
-87.673157 -69.105728 398.397156 0.000000 -1.000000 0.000000 -83.477951 -68.802551 462.123993 0.000000 -1.000000 0.000000 
-64.221405 -139.769897 436.985718 69.000000 69.000000 70.000000

4.778595 -140.269897 436.985718 69.000000 68.000000 68.000000
-0.785849 -123.791878 494.252319 -1.000000 -0.000000 -0.000000 -0.610356 -132.947845 434.015442 -1.000000 -0.000000 -0.000000 
-64.721405 -139.769897 576.485718 68.000000 69.000000 69.000000

-64.721405 -70.769897 576.485718 68.000000 69.000000 69.000000
-72.772812 -68.517746 519.698975 0.000000 -1.000000 0.000000 -52.585167 -68.288307 564.351440 0.000000 -1.000000 0.000000 -19.940794 -68.151276 589.290771 0.000000 -1.000000 0.000000 
-64.721405 -139.769897 506.985718 68.000000 69.000000 70.000000

-64.721405 -70.769897 506.985718 68.000000 69.000000 70.000000
-83.477951 -68.802551 462.123993 0.000000 -1.000000 0.000000 -72.772812 -68.517746 519.698975 0.000000 -1.000000 0.000000 
17
4.778595 69.730103 227.485718 69.000000 68.000000 69.000015
2.885191 82.079063 188.557709 -1.000000 -0.000000 -0.000000 2.759521 60.221550 251.097229 -1.000000 -0.000000 -0.000000 
4.778595 69.730103 296.985718 69.000000 68.000000 70.000000
2.505578 50.158775 296.729309 -1.000000 -0.000000 -0.000000 2.759521 60.221550 251.097229 -1.000000 -0.000000 -0.000000 2.339199 61.764332 340.227783 -1.000000 -0.000000 -0.000000 
4.778595 69.730103 366.485718 69.000000 68.000000 69.000000
2.242883 72.845306 378.883179 -1.000000 0.000000 0.000000 2.179435 66.604874 405.437988 -1.000000 0.000000 0.000000 2.339199 61.764332 340.227783 -1.000000 -0.000000 -0.000000 -19.637074 65.582069 363.698914 -0.000000 -0.000000 -1.000000 26.141741 65.632843 363.745880 0.000000 0.000000 -1.000000 
-64.721405 69.230103 366.485718 70.000000 69.000000 69.000000
-53.203255 50.760258 363.869080 -0.000000 -0.000000 -1.000000 -75.202667 21.711847 364.170227 -0.000000 -0.000000 -1.000000 -19.637074 65.582069 363.698914 -0.000000 -0.000000 -1.000000 
-65.221405 0.230103 366.485718 69.000000 69.000000 69.000000
-91.651108 1.381273 348.009583 -0.000000 1.000000 -0.000000 -95.085144 -11.443003 364.471558 -0.000000 -0.000000 -1.000000 -96.067680 -45.812584 364.699829 -0.000000 -0.000000 -1.000000 -75.202667 21.711847 364.170227 -0.000000 -0.000000 -1.000000 -72.164612 1.726498 389.065002 -0.000000 1.000000 -0.000000 
-134.721405 69.730103 506.485718 68.000000 68.000000 69.000000

-134.721405 69.730103 436.985718 68.000000 68.000000 70.000000

-134.221405 0.230103 366.485718 69.000000 69.000000 69.000000
-91.651108 1.381273 348.009583 -0.000000 1.000000 -0.000000 -95.085144 -11.443003 364.471558 -0.000000 -0.000000 -1.000000 -96.067680 -45.812584 364.699829 -0.000000 -0.000000 -1.000000 
-134.221405 69.230103 366.985718 69.000000 69.000000 70.000000

-65.221405 0.230103 296.985718 69.000000 69.000000 70.000000
-105.218330 1.009565 265.645081 -0.000000 1.000000 -0.000000 -100.049911 1.187684 309.670380 -0.000000 1.000000 -0.000000 
-64.721405 69.230103 296.985718 70.000000 69.000000 70.000000

-134.221405 0.230103 296.985718 69.000000 69.000000 70.000000
-105.218330 1.009565 265.645081 -0.000000 1.000000 -0.000000 -100.049911 1.187684 309.670380 -0.000000 1.000000 -0.000000 
-134.221405 69.230103 296.985718 69.000000 69.000000 70.000000

-65.221405 0.230103 227.485718 69.000000 69.000000 69.000015
-105.218330 1.009565 265.645081 -0.000000 1.000000 -0.000000 
-64.721405 69.230103 227.485718 70.000000 69.000000 69.000015

-134.221405 0.230103 227.485718 69.000000 69.000000 69.000015
-107.904663 0.855869 218.915161 -0.000000 1.000000 -0.000000 -105.218330 1.009565 265.645081 -0.000000 1.000000 -0.000000 
-134.221405 69.230103 227.485718 69.000000 69.000000 69.000015

5
75.278595 -0.769897 366.485718 68.000000 69.000000 69.000000
98.047348 -0.394784 348.192963 -0.000000 -1.000000 -0.000000 101.473717 -11.208440 364.663361 0.000000 0.000000 -1.000000 102.537483 -45.573795 364.891724 0.000000 0.000000 -1.000000 81.578979 21.897821 364.325928 0.000000 0.000000 -1.000000 78.478775 -0.096237 389.212341 -0.000000 -1.000000 -0.000000 
75.278595 -69.769897 297.485718 68.000000 69.000000 69.000000
96.855057 -66.358894 336.848236 -0.000000 1.000000 -0.000000 103.348038 -66.054230 282.933167 0.000000 -1.000000 0.000000 
75.278595 -69.769897 366.485718 68.000000 69.000000 69.000000
62.677010 -114.449326 365.178528 0.000000 0.000000 -1.000000 93.803215 -66.885330 398.571716 0.000000 1.000000 0.000000 102.537483 -45.573795 364.891724 0.000000 0.000000 -1.000000 84.346321 -87.133987 365.088837 0.000000 0.000000 -1.000000 96.855057 -66.358894 336.848236 -0.000000 1.000000 -0.000000 
75.778595 -0.769897 297.485718 69.000000 69.000000 69.000000
111.775482 -0.732373 265.854980 -0.000000 -1.000000 -0.000000 106.520409 -0.569487 309.867188 -0.000000 -1.000000 -0.000000 
144.778595 -0.269897 296.985718 69.000000 68.000000 68.000000
111.775482 -0.732373 265.854980 -0.000000 -1.000000 -0.000000 106.520409 -0.569487 309.867188 -0.000000 -1.000000 -0.000000 
5
-134.221405 -70.269897 296.985718 69.000000 68.000000 68.000000
-96.673737 -64.292244 282.742828 0.000000 1.000000 0.000000 
-65.221405 -69.769897 297.485718 69.000000 69.000000 69.000000
-96.673737 -64.292244 282.742828 0.000000 1.000000 0.000000 -90.277214 -66.581604 336.667572 0.000000 1.000000 0.000000 
-64.721405 -0.769897 297.485718 68.000000 69.000000 69.000000
-105.218330 -0.990435 265.645081 0.000000 -1.000000 0.000000 -100.049911 -0.812316 309.670380 0.000000 -1.000000 0.000000 
-64.721405 -69.769897 366.485718 68.000000 69.000000 69.000000
-58.742332 -114.597145 365.056885 -0.000000 -0.000000 -1.000000 -87.673157 -67.105728 398.397156 -0.000000 1.000000 -0.000000 -96.067680 -45.812584 364.699829 -0.000000 -0.000000 -1.000000 -78.724617 -87.332581 364.928528 -0.000000 -0.000000 -1.000000 -90.277214 -66.581604 336.667572 0.000000 1.000000 0.000000 
-64.721405 -0.769897 366.485718 68.000000 69.000000 69.000000
-91.651108 -0.618727 348.009583 0.000000 -1.000000 0.000000 -95.085144 -11.443003 364.471558 -0.000000 -0.000000 -1.000000 -96.067680 -45.812584 364.699829 -0.000000 -0.000000 -1.000000 -75.202667 21.711847 364.170227 -0.000000 -0.000000 -1.000000 -72.164612 -0.273502 389.065002 0.000000 -1.000000 0.000000 
14
75.778595 -70.769897 227.485718 69.000000 69.000000 69.000015
125.923508 -64.520340 223.754440 0.000000 -1.000000 0.000000 
144.778595 -70.769897 227.485718 69.000000 69.000000 69.000015
125.923508 -64.520340 223.754440 0.000000 -1.000000 0.000000 
75.778595 -70.769897 296.485718 69.000000 69.000000 69.000000
96.855057 -68.358894 336.848236 0.000000 -1.000000 0.000000 103.348038 -66.054230 282.933167 0.000000 -1.000000 0.000000 
144.778595 -70.769897 296.485718 69.000000 69.000000 69.000000
103.348038 -66.054230 282.933167 0.000000 -1.000000 0.000000 
145.278595 -140.269897 506.485718 68.000000 68.000000 69.000000

145.278595 -140.269897 436.985718 68.000000 68.000000 70.000000

145.278595 -140.269897 366.985718 68.000000 68.000000 70.000000

75.278595 -139.769897 296.485718 70.000000 69.000000 69.000000

144.778595 -139.769897 296.985718 69.000000 69.000000 70.000000

75.278595 -139.769897 227.485718 70.000000 69.000000 69.000015

144.778595 -139.769897 227.485718 69.000000 69.000000 69.000015

5.278595 -140.269897 366.485718 68.000000 68.000000 69.000000
-0.439679 -137.143631 385.430603 -1.000000 -0.000000 -0.000000 26.170860 -130.464569 365.127747 0.000000 0.000000 -1.000000 -23.954157 -130.523941 365.078369 -0.000000 -0.000000 -1.000000 1.469198 -138.657227 260.040894 -0.000000 -1.000000 -0.000000 
5.778595 -140.269897 227.485718 69.000000 68.000000 69.000015
1.469198 -138.657227 260.040894 -0.000000 -1.000000 -0.000000 
5.778595 -140.269897 296.985718 69.000000 68.000000 70.000000
1.469198 -138.657227 260.040894 -0.000000 -1.000000 -0.000000 
8
5.278595 69.230103 436.985718 68.000000 69.000000 68.000000
2.179435 66.604874 405.437988 -1.000000 0.000000 0.000000 2.132344 49.939545 427.420166 -1.000000 0.000000 0.000000 2.101473 20.879499 446.263702 -1.000000 0.000000 0.000000 
5.278595 -0.769897 506.485718 68.000000 69.000000 69.000000
1.296108 0.165909 470.788879 -1.000000 -0.000000 -0.000000 0.011650 -4.840142 504.819672 -1.000000 -0.000000 -0.000000 -0.735878 -13.753893 541.464844 -1.000000 -0.000000 -0.000000 
5.278595 0.230103 437.485718 68.000000 69.000000 69.000000
1.296108 0.165909 470.788879 -1.000000 -0.000000 -0.000000 2.101473 20.879499 446.263702 -1.000000 0.000000 0.000000 -17.319098 2.645337 445.064911 -0.000000 1.000000 -0.000000 23.514814 2.694738 445.100250 0.000000 1.000000 0.000000 
5.278595 -139.769897 576.485718 68.000000 69.000000 69.000000
-0.946165 -107.600769 550.082825 -1.000000 -0.000000 -0.000000 
-64.221405 -70.269897 576.985718 69.000000 68.000000 68.000000
-72.772812 -66.517746 519.698975 -0.000000 1.000000 -0.000000 -52.585167 -66.288307 564.351440 -0.000000 1.000000 -0.000000 -19.940794 -68.151276 589.290771 0.000000 -1.000000 0.000000 
4.778595 -70.769897 576.485718 69.000000 69.000000 69.000000
-1.075650 -28.936970 572.856812 -1.000000 -0.000000 -0.000000 -1.147209 -52.751724 591.119385 -1.000000 -0.000000 -0.000000 53.822929 -68.163071 564.456299 -0.000000 -1.000000 -0.000000 20.015633 -68.105125 589.329529 -0.000000 -1.000000 -0.000000 -19.940794 -68.151276 589.290771 0.000000 -1.000000 0.000000 -1.077070 -82.298691 585.435181 -1.000000 -0.000000 -0.000000 -0.946165 -107.600769 550.082825 -1.000000 -0.000000 -0.000000 
5.278595 -139.769897 507.485718 68.000000 69.000000 69.000000
-0.946165 -107.600769 550.082825 -1.000000 -0.000000 -0.000000 -0.785849 -123.791878 494.252319 -1.000000 -0.000000 -0.000000 
5.278595 -70.269897 507.485718 68.000000 70.000000 69.000000
-0.946165 -107.600769 550.082825 -1.000000 -0.000000 -0.000000 
2
-134.221405 -70.269897 296.985718 69.000000 68.000000 68.000000
-96.673737 -66.292244 282.742828 -0.000000 -1.000000 -0.000000 
-65.221405 -70.269897 296.985718 69.000000 68.000000 68.000000
-96.673737 -66.292244 282.742828 -0.000000 -1.000000 -0.000000 -90.277214 -66.581604 336.667572 0.000000 1.000000 0.000000 
2
75.278595 -139.769897 366.985718 68.000000 69.000000 68.000000
62.677010 -114.449326 365.178528 0.000000 0.000000 -1.000000 26.170860 -130.464569 365.127747 0.000000 0.000000 -1.000000 
75.278595 -70.769897 366.985718 68.000000 69.000000 68.000000
62.677010 -114.449326 365.178528 0.000000 0.000000 -1.000000 93.803215 -68.885330 398.571716 -0.000000 -1.000000 -0.000000 102.537483 -45.573795 364.891724 0.000000 0.000000 -1.000000 84.346321 -87.133987 365.088837 0.000000 0.000000 -1.000000 96.855057 -68.358894 336.848236 0.000000 -1.000000 0.000000 
2
5.778595 -0.269897 436.985718 69.000000 68.000000 68.000000
3.296108 0.165909 470.788879 1.000000 0.000000 0.000000 4.101473 20.879499 446.263702 1.000000 -0.000000 -0.000000 -17.319098 0.645337 445.064911 0.000000 -1.000000 0.000000 23.514814 0.694738 445.100250 -0.000000 -1.000000 -0.000000 
74.778595 -0.269897 436.985718 69.000000 68.000000 68.000000
53.994087 0.259400 423.826111 -0.000000 -1.000000 -0.000000 23.514814 0.694738 445.100250 -0.000000 -1.000000 -0.000000 78.478775 -0.096237 389.212341 -0.000000 -1.000000 -0.000000 
2
-64.721405 -70.269897 367.485718 68.000000 68.000000 69.000000
-58.742332 -114.597145 367.056885 0.000000 0.000000 1.000000 -87.673157 -67.105728 398.397156 -0.000000 1.000000 -0.000000 -96.067680 -45.812584 366.699829 0.000000 0.000000 1.000000 -78.724617 -87.332581 366.928528 0.000000 0.000000 1.000000 -90.277214 -66.581604 336.667572 0.000000 1.000000 0.000000 
-64.721405 -70.269897 436.485718 68.000000 68.000000 69.000000
-87.673157 -67.105728 398.397156 -0.000000 1.000000 -0.000000 -83.477951 -66.802551 462.123993 -0.000000 1.000000 -0.000000 
2
-64.221405 -0.269897 436.985718 69.000000 68.000000 68.000000
-47.752907 0.138655 423.731445 0.000000 -1.000000 0.000000 -17.319098 0.645337 445.064911 0.000000 -1.000000 0.000000 -72.164612 -0.273502 389.065002 0.000000 -1.000000 0.000000 
4.778595 -0.269897 436.985718 69.000000 68.000000 68.000000
1.296108 0.165909 470.788879 -1.000000 -0.000000 -0.000000 2.101473 20.879499 446.263702 -1.000000 0.000000 0.000000 -17.319098 0.645337 445.064911 0.000000 -1.000000 0.000000 23.514814 0.694738 445.100250 -0.000000 -1.000000 -0.000000 
2
-64.221405 -140.269897 366.985718 69.000000 68.000000 68.000000
-58.742332 -114.597145 365.056885 -0.000000 -0.000000 -1.000000 -23.954157 -130.523941 365.078369 -0.000000 -0.000000 -1.000000 
4.778595 -140.269897 366.985718 69.000000 68.000000 68.000000
-0.439679 -137.143631 385.430603 -1.000000 -0.000000 -0.000000 26.170860 -130.464569 365.127747 0.000000 0.000000 -1.000000 -23.954157 -130.523941 365.078369 -0.000000 -0.000000 -1.000000 1.469198 -136.657227 260.040894 0.000000 1.000000 0.000000 
4
-64.721405 -70.269897 366.485718 68.000000 68.000000 69.000000
-58.742332 -114.597145 365.056885 -0.000000 -0.000000 -1.000000 -87.673157 -69.105728 398.397156 0.000000 -1.000000 0.000000 -96.067680 -45.812584 364.699829 -0.000000 -0.000000 -1.000000 -78.724617 -87.332581 364.928528 -0.000000 -0.000000 -1.000000 -90.277214 -68.581604 336.667572 -0.000000 -1.000000 -0.000000 
-134.221405 -70.269897 226.985718 69.000000 68.000000 68.000015
-119.136787 -64.815514 223.520538 -0.000000 -1.000000 -0.000000 
-65.221405 -70.269897 227.485718 69.000000 68.000000 69.000015
-119.136787 -64.815514 223.520538 -0.000000 -1.000000 -0.000000 
-64.721405 -70.269897 296.985718 68.000000 68.000000 70.000000
-96.673737 -66.292244 282.742828 -0.000000 -1.000000 -0.000000 -90.277214 -68.581604 336.667572 -0.000000 -1.000000 -0.000000 
2
75.278595 -69.769897 366.985718 68.000000 69.000000 68.000000
62.677010 -114.449326 365.178528 0.000000 0.000000 -1.000000 93.803215 -66.885330 398.571716 0.000000 1.000000 0.000000 102.537483 -45.573795 366.891724 -0.000000 -0.000000 1.000000 84.346321 -87.133987 365.088837 0.000000 0.000000 -1.000000 96.855057 -66.358894 336.848236 -0.000000 1.000000 -0.000000 
75.278595 -0.769897 366.985718 68.000000 69.000000 68.000000
98.047348 -0.394784 348.192963 -0.000000 -1.000000 -0.000000 101.473717 -11.208440 366.663361 -0.000000 -0.000000 1.000000 102.537483 -45.573795 366.891724 -0.000000 -0.000000 1.000000 81.578979 21.897821 366.325928 -0.000000 -0.000000 1.000000 78.478775 -0.096237 389.212341 -0.000000 -1.000000 -0.000000 
3
5.278595 69.730103 227.485718 68.000000 68.000000 69.000015
4.885191 82.079063 188.557709 1.000000 0.000000 0.000000 4.759521 60.221550 251.097229 1.000000 0.000000 0.000000 
5.278595 69.730103 296.985718 68.000000 68.000000 70.000000
4.505578 50.158775 296.729309 1.000000 0.000000 0.000000 4.759521 60.221550 251.097229 1.000000 0.000000 0.000000 4.339199 61.764332 340.227783 1.000000 0.000000 0.000000 
5.278595 69.730103 366.485718 68.000000 68.000000 69.000000
4.242883 72.845306 378.883179 1.000000 -0.000000 -0.000000 4.179435 66.604874 405.437988 1.000000 -0.000000 -0.000000 4.339199 61.764332 340.227783 1.000000 0.000000 0.000000 -19.637074 65.582069 363.698914 -0.000000 -0.000000 -1.000000 26.141741 65.632843 363.745880 0.000000 0.000000 -1.000000 
2
75.778595 -0.269897 366.985718 69.000000 68.000000 68.000000
98.047348 1.605216 348.192963 0.000000 1.000000 0.000000 101.473717 -11.208440 364.663361 0.000000 0.000000 -1.000000 102.537483 -45.573795 364.891724 0.000000 0.000000 -1.000000 81.578979 21.897821 364.325928 0.000000 0.000000 -1.000000 78.478775 -0.096237 389.212341 -0.000000 -1.000000 -0.000000 
144.778595 -0.269897 366.985718 69.000000 68.000000 68.000000
101.473717 -11.208440 364.663361 0.000000 0.000000 -1.000000 102.537483 -45.573795 364.891724 0.000000 0.000000 -1.000000 
4
5.778595 69.730103 367.485718 69.000000 68.000000 69.000000
4.242883 72.845306 378.883179 1.000000 -0.000000 -0.000000 4.179435 66.604874 405.437988 1.000000 -0.000000 -0.000000 4.339199 61.764332 340.227783 1.000000 0.000000 0.000000 -19.637074 65.582069 365.698914 0.000000 0.000000 1.000000 26.141741 65.632843 365.745880 -0.000000 -0.000000 1.000000 
74.778595 69.730103 367.485718 69.000000 68.000000 69.000000
59.626900 50.891083 365.983765 -0.000000 -0.000000 1.000000 26.141741 65.632843 365.745880 -0.000000 -0.000000 1.000000 81.578979 21.897821 366.325928 -0.000000 -0.000000 1.000000 
5.778595 69.730103 436.485718 69.000000 68.000000 69.000000
4.179435 66.604874 405.437988 1.000000 -0.000000 -0.000000 4.132343 49.939545 427.420166 1.000000 -0.000000 -0.000000 4.101473 20.879499 446.263702 1.000000 -0.000000 -0.000000 
74.778595 69.730103 436.485718 69.000000 68.000000 69.000000

3
-134.721405 -0.269897 296.485718 68.000000 68.000000 69.000000
-105.218330 -0.990435 265.645081 0.000000 -1.000000 0.000000 -100.049911 -0.812316 309.670380 0.000000 -1.000000 0.000000 
-134.221405 -0.269897 227.485718 69.000000 68.000000 69.000015
-107.904663 -1.144131 218.915161 0.000000 -1.000000 0.000000 -105.218330 -0.990435 265.645081 0.000000 -1.000000 0.000000 
-65.221405 -0.269897 226.985718 69.000000 68.000000 68.000015
-105.218330 -0.990435 265.645081 0.000000 -1.000000 0.000000 
2
75.778595 -0.269897 226.985718 69.000000 68.000000 68.000015
114.547379 -0.874885 219.131714 -0.000000 -1.000000 -0.000000 111.775482 -0.732373 265.854980 -0.000000 -1.000000 -0.000000 
144.778595 -0.269897 226.985718 69.000000 68.000000 68.000015
114.547379 -0.874885 219.131714 -0.000000 -1.000000 -0.000000 111.775482 -0.732373 265.854980 -0.000000 -1.000000 -0.000000 
2
75.778595 -70.269897 296.985718 69.000000 68.000000 68.000000
96.855057 -66.358894 336.848236 -0.000000 1.000000 -0.000000 103.348038 -64.054230 282.933167 -0.000000 1.000000 -0.000000 
144.778595 -70.269897 296.985718 69.000000 68.000000 68.000000
103.348038 -64.054230 282.933167 -0.000000 1.000000 -0.000000 
2
-134.221405 -0.269897 366.985718 69.000000 68.000000 68.000000
-91.651108 1.381273 348.009583 -0.000000 1.000000 -0.000000 -95.085144 -11.443003 366.471558 0.000000 0.000000 1.000000 -96.067680 -45.812584 366.699829 0.000000 0.000000 1.000000 
-65.221405 -0.269897 366.985718 69.000000 68.000000 68.000000
-91.651108 1.381273 348.009583 -0.000000 1.000000 -0.000000 -95.085144 -11.443003 366.471558 0.000000 0.000000 1.000000 -96.067680 -45.812584 366.699829 0.000000 0.000000 1.000000 -75.202667 21.711847 366.170227 0.000000 0.000000 1.000000 -72.164612 1.726498 389.065002 -0.000000 1.000000 -0.000000 
1
-134.721405 -70.269897 366.985718 68.000000 68.000000 68.000000
-96.067680 -45.812584 364.699829 -0.000000 -0.000000 -1.000000 
1
145.278595 -70.269897 366.985718 68.000000 68.000000 68.000000
102.537483 -45.573795 364.891724 0.000000 0.000000 -1.000000 
1
-134.721405 -0.269897 366.985718 68.000000 68.000000 68.000000
-91.651108 -0.618727 348.009583 0.000000 -1.000000 0.000000 -95.085144 -11.443003 364.471558 -0.000000 -0.000000 -1.000000 -96.067680 -45.812584 364.699829 -0.000000 -0.000000 -1.000000 
1
5.278595 -140.269897 366.985718 68.000000 68.000000 68.000000
1.560321 -137.143631 385.430603 1.000000 0.000000 0.000000 26.170860 -130.464569 365.127747 0.000000 0.000000 -1.000000 -23.954157 -130.523941 365.078369 -0.000000 -0.000000 -1.000000 1.469198 -138.657227 260.040894 -0.000000 -1.000000 -0.000000 
1
5.278595 -140.269897 366.985718 68.000000 68.000000 68.000000
1.560321 -137.143631 385.430603 1.000000 0.000000 0.000000 26.170860 -130.464569 365.127747 0.000000 0.000000 -1.000000 -23.954157 -130.523941 365.078369 -0.000000 -0.000000 -1.000000 1.469198 -136.657227 260.040894 0.000000 1.000000 0.000000 
1
5.278595 -140.269897 366.985718 68.000000 68.000000 68.000000
-0.439679 -137.143631 385.430603 -1.000000 -0.000000 -0.000000 26.170860 -130.464569 367.127747 -0.000000 -0.000000 1.000000 -23.954157 -130.523941 367.078369 0.000000 0.000000 1.000000 1.469198 -138.657227 260.040894 -0.000000 -1.000000 -0.000000 
1
5.278595 -140.269897 366.985718 68.000000 68.000000 68.000000
1.560321 -137.143631 385.430603 1.000000 0.000000 0.000000 26.170860 -130.464569 367.127747 -0.000000 -0.000000 1.000000 -23.954157 -130.523941 367.078369 0.000000 0.000000 1.000000 1.469198 -136.657227 260.040894 0.000000 1.000000 0.000000 
1
5.278595 -140.269897 366.985718 68.000000 68.000000 68.000000
-0.439679 -137.143631 385.430603 -1.000000 -0.000000 -0.000000 26.170860 -130.464569 367.127747 -0.000000 -0.000000 1.000000 -23.954157 -130.523941 367.078369 0.000000 0.000000 1.000000 1.469198 -136.657227 260.040894 0.000000 1.000000 0.000000 
