34
0.000000 0.000000 -1.000000 1
1.000000 0.000000 0.000000 245
-1.000000 0.000000 0.000000 245
-1.000000 0.000000 0.000000 1
0.000000 -1.000000 0.000000 1
0.000000 -1.000000 0.000000 1
-1.000000 0.000000 0.000000 1
-1.000000 0.000000 0.000000 1
1.000000 0.000000 0.000000 1
0.000000 -1.000000 0.000000 245
-1.000000 0.000000 0.000000 18
-1.000000 0.000000 0.000000 245
0.000000 0.000000 -1.000000 245
0.000000 -1.000000 0.000000 14
0.000000 1.000000 0.000000 17
0.000000 -1.000000 0.000000 14
0.000000 0.000000 -1.000000 245
0.000000 -1.000000 0.000000 245
0.000000 0.000000 1.000000 245
1.000000 0.000000 0.000000 245
0.000000 0.000000 -1.000000 245
0.000000 -1.000000 0.000000 1
0.000000 -1.000000 0.000000 12
0.000000 -1.000000 0.000000 12
-1.000000 0.000000 0.000000 68
-1.000000 0.000000 0.000000 245
0.000000 0.000000 -1.000000 245
0.000000 0.000000 -1.000000 245
0.000000 0.000000 -1.000000 245
0.000000 -1.000000 0.000000 245
0.000000 1.000000 0.000000 85
-1.000000 0.000000 0.000000 245
1.000000 0.000000 0.000000 245
-1.000000 0.000000 0.000000 245
1
4
13
21
32
18
30
29
12
27
20
7
19
24
23
33
31
9
14
3
10
5
15
16
2
25
6
28
26
8
0
11
17
22
