3
86
1.000000 -65.000000 29.000000 60.000000 60.000000 60.000000
0.000000 -68.500000 68.500000 -0.002269 0.707105 -0.707105 0.000000 -93.500000 25.000000 0.003142 -0.967818 0.251633 
1.000000 -65.000000 29.000000 60.000000 60.000000 60.000000
0.000000 -68.500000 68.500000 0.002269 -0.707105 0.707105 0.000000 -93.500000 25.000000 -0.003142 0.967818 -0.251633 
1.000000 -65.000000 29.000000 60.000000 60.000000 60.000000
0.000000 -68.500000 68.500000 0.002269 -0.707105 0.707105 0.000000 -93.500000 25.000000 -0.003142 0.967818 -0.251633 
1.000000 -65.000000 29.000000 60.000000 60.000000 60.000000
0.000000 -68.500000 68.500000 0.002269 -0.707105 0.707105 0.000000 -93.500000 25.000000 0.003142 -0.967818 0.251633 
1.000000 -125.000000 29.000000 60.000000 60.000000 60.000000
0.000000 -93.500000 25.000000 0.003142 -0.967818 0.251633 
1.000000 -65.000000 89.000000 60.000000 60.000000 60.000000
0.000000 -25.000000 93.500000 -0.000524 0.251634 -0.967822 0.000000 -68.500000 68.500000 0.002269 -0.707105 0.707105 
1.000000 -65.000000 89.000000 60.000000 60.000000 60.000000
0.000000 -25.000000 93.500000 0.000524 -0.251634 0.967822 0.000000 -68.500000 68.500000 -0.002269 0.707105 -0.707105 
1.000000 -65.000000 89.000000 60.000000 60.000000 60.000000
0.000000 -25.000000 93.500000 0.000524 -0.251634 0.967822 0.000000 -68.500000 68.500000 0.002269 -0.707105 0.707105 
1.000000 -125.000000 89.000000 60.000000 60.000000 60.000000

1.000000 -125.000000 149.000000 60.000000 60.000000 60.000000

1.000000 -65.000000 149.000000 60.000000 60.000000 60.000000

61.000000 -5.000000 29.000000 60.000000 60.000000 60.000000
68.500000 0.000000 68.500000 -0.707104 -0.002618 -0.707104 93.500000 0.000000 25.000000 0.967819 0.002618 0.251633 
61.000000 -5.000000 29.000000 60.000000 60.000000 60.000000
68.500000 0.000000 68.500000 -0.707104 -0.002618 -0.707104 93.500000 0.000000 25.000000 0.967819 0.002618 0.251633 
121.000000 -5.000000 29.000000 60.000000 60.000000 60.000000
93.500000 0.000000 25.000000 0.967819 0.002618 0.251633 
61.000000 -5.000000 29.000000 60.000000 60.000000 60.000000
68.500000 0.000000 68.500000 0.707104 0.002618 0.707104 93.500000 0.000000 25.000000 -0.967819 -0.002618 -0.251633 
61.000000 -5.000000 29.000000 60.000000 60.000000 60.000000
68.500000 0.000000 68.500000 0.707104 0.002618 0.707104 93.500000 0.000000 25.000000 0.967819 0.002618 0.251633 
1.000000 -5.000000 89.000000 60.000000 60.000000 60.000000
25.000000 0.000000 93.500000 -0.251634 -0.001222 -0.967822 -25.000000 0.000000 93.500000 0.251634 -0.001222 -0.967822 0.000000 25.000000 93.500000 -0.000524 -0.251634 -0.967822 0.000000 -25.000000 93.500000 0.000524 -0.251634 0.967822 
1.000000 -5.000000 89.000000 60.000000 60.000000 60.000000
25.000000 0.000000 93.500000 0.251634 0.001222 0.967822 -25.000000 0.000000 93.500000 0.251634 -0.001222 -0.967822 0.000000 25.000000 93.500000 -0.000524 -0.251634 -0.967822 0.000000 -25.000000 93.500000 -0.000524 0.251634 -0.967822 
1.000000 -5.000000 89.000000 60.000000 60.000000 60.000000
25.000000 0.000000 93.500000 0.251634 0.001222 0.967822 -25.000000 0.000000 93.500000 0.251634 -0.001222 -0.967822 0.000000 25.000000 93.500000 -0.000524 -0.251634 -0.967822 0.000000 -25.000000 93.500000 0.000524 -0.251634 0.967822 
1.000000 -5.000000 89.000000 60.000000 60.000000 60.000000
25.000000 0.000000 93.500000 -0.251634 -0.001222 -0.967822 -25.000000 0.000000 93.500000 -0.251634 0.001222 0.967822 0.000000 25.000000 93.500000 -0.000524 -0.251634 -0.967822 0.000000 -25.000000 93.500000 -0.000524 0.251634 -0.967822 
1.000000 -5.000000 89.000000 60.000000 60.000000 60.000000
25.000000 0.000000 93.500000 -0.251634 -0.001222 -0.967822 -25.000000 0.000000 93.500000 -0.251634 0.001222 0.967822 0.000000 25.000000 93.500000 -0.000524 -0.251634 -0.967822 0.000000 -25.000000 93.500000 0.000524 -0.251634 0.967822 
1.000000 -5.000000 89.000000 60.000000 60.000000 60.000000
25.000000 0.000000 93.500000 -0.251634 -0.001222 -0.967822 -25.000000 0.000000 93.500000 0.251634 -0.001222 -0.967822 0.000000 25.000000 93.500000 0.000524 0.251634 0.967822 0.000000 -25.000000 93.500000 -0.000524 0.251634 -0.967822 
1.000000 -5.000000 89.000000 60.000000 60.000000 60.000000
25.000000 0.000000 93.500000 0.251634 0.001222 0.967822 -25.000000 0.000000 93.500000 0.251634 -0.001222 -0.967822 0.000000 25.000000 93.500000 0.000524 0.251634 0.967822 0.000000 -25.000000 93.500000 -0.000524 0.251634 -0.967822 
1.000000 -5.000000 89.000000 60.000000 60.000000 60.000000
25.000000 0.000000 93.500000 0.251634 0.001222 0.967822 -25.000000 0.000000 93.500000 0.251634 -0.001222 -0.967822 0.000000 25.000000 93.500000 0.000524 0.251634 0.967822 0.000000 -25.000000 93.500000 0.000524 -0.251634 0.967822 
1.000000 -5.000000 89.000000 60.000000 60.000000 60.000000
25.000000 0.000000 93.500000 -0.251634 -0.001222 -0.967822 -25.000000 0.000000 93.500000 0.251634 -0.001222 -0.967822 0.000000 25.000000 93.500000 0.000524 0.251634 0.967822 0.000000 -25.000000 93.500000 -0.000524 0.251634 -0.967822 
1.000000 -5.000000 89.000000 60.000000 60.000000 60.000000
25.000000 0.000000 93.500000 -0.251634 -0.001222 -0.967822 -25.000000 0.000000 93.500000 -0.251634 0.001222 0.967822 0.000000 25.000000 93.500000 0.000524 0.251634 0.967822 0.000000 -25.000000 93.500000 -0.000524 0.251634 -0.967822 
1.000000 -5.000000 89.000000 60.000000 60.000000 60.000000
25.000000 0.000000 93.500000 -0.251634 -0.001222 -0.967822 -25.000000 0.000000 93.500000 -0.251634 0.001222 0.967822 0.000000 25.000000 93.500000 0.000524 0.251634 0.967822 0.000000 -25.000000 93.500000 0.000524 -0.251634 0.967822 
1.000000 -5.000000 89.000000 60.000000 60.000000 60.000000
25.000000 0.000000 93.500000 -0.251634 -0.001222 -0.967822 -25.000000 0.000000 93.500000 0.251634 -0.001222 -0.967822 0.000000 25.000000 93.500000 0.000524 0.251634 0.967822 0.000000 -25.000000 93.500000 -0.000524 0.251634 -0.967822 
1.000000 -5.000000 89.000000 60.000000 60.000000 60.000000
25.000000 0.000000 93.500000 -0.251634 -0.001222 -0.967822 -25.000000 0.000000 93.500000 0.251634 -0.001222 -0.967822 0.000000 25.000000 93.500000 0.000524 0.251634 0.967822 0.000000 -25.000000 93.500000 -0.000524 0.251634 -0.967822 
1.000000 -5.000000 89.000000 60.000000 60.000000 60.000000
25.000000 0.000000 93.500000 0.251634 0.001222 0.967822 -25.000000 0.000000 93.500000 -0.251634 0.001222 0.967822 0.000000 25.000000 93.500000 -0.000524 -0.251634 -0.967822 0.000000 -25.000000 93.500000 0.000524 -0.251634 0.967822 
1.000000 -5.000000 89.000000 60.000000 60.000000 60.000000
25.000000 0.000000 93.500000 0.251634 0.001222 0.967822 -25.000000 0.000000 93.500000 -0.251634 0.001222 0.967822 0.000000 25.000000 93.500000 0.000524 0.251634 0.967822 0.000000 -25.000000 93.500000 -0.000524 0.251634 -0.967822 
1.000000 -5.000000 89.000000 60.000000 60.000000 60.000000
25.000000 0.000000 93.500000 0.251634 0.001222 0.967822 -25.000000 0.000000 93.500000 -0.251634 0.001222 0.967822 0.000000 25.000000 93.500000 0.000524 0.251634 0.967822 0.000000 -25.000000 93.500000 0.000524 -0.251634 0.967822 
-59.000000 -5.000000 29.000000 60.000000 60.000000 60.000000
-68.500000 0.000000 68.500000 -0.707105 0.002094 0.707105 -93.500000 0.000000 25.000000 0.967820 -0.002443 -0.251633 
-59.000000 -5.000000 29.000000 60.000000 60.000000 60.000000
-68.500000 0.000000 68.500000 0.707105 -0.002094 -0.707105 -93.500000 0.000000 25.000000 -0.967820 0.002443 0.251633 
-59.000000 -5.000000 29.000000 60.000000 60.000000 60.000000
-68.500000 0.000000 68.500000 -0.707105 0.002094 0.707105 -93.500000 0.000000 25.000000 0.967820 -0.002443 -0.251633 
-59.000000 -5.000000 29.000000 60.000000 60.000000 60.000000
-68.500000 0.000000 68.500000 0.707105 -0.002094 -0.707105 -93.500000 0.000000 25.000000 -0.967820 0.002443 0.251633 
-59.000000 -5.000000 29.000000 60.000000 60.000000 60.000000
-68.500000 0.000000 68.500000 -0.707105 0.002094 0.707105 -93.500000 0.000000 25.000000 -0.967820 0.002443 0.251633 
-119.000000 -5.000000 29.000000 60.000000 60.000000 60.000000
-93.500000 0.000000 25.000000 -0.967820 0.002443 0.251633 
-59.000000 -5.000000 89.000000 60.000000 60.000000 60.000000
-25.000000 0.000000 93.500000 0.251634 -0.001222 -0.967822 -68.500000 0.000000 68.500000 -0.707105 0.002094 0.707105 
-59.000000 -5.000000 89.000000 60.000000 60.000000 60.000000
-25.000000 0.000000 93.500000 -0.251634 0.001222 0.967822 -68.500000 0.000000 68.500000 0.707105 -0.002094 -0.707105 
-59.000000 -5.000000 89.000000 60.000000 60.000000 60.000000
-25.000000 0.000000 93.500000 -0.251634 0.001222 0.967822 -68.500000 0.000000 68.500000 -0.707105 0.002094 0.707105 
-59.000000 55.000000 29.000000 60.000000 60.000000 60.000000

-59.000000 115.000000 29.000000 60.000000 60.000000 60.000000

-59.000000 55.000000 89.000000 60.000000 60.000000 60.000000

-59.000000 115.000000 89.000000 60.000000 60.000000 60.000000

-59.000000 -5.000000 149.000000 60.000000 60.000000 60.000000

-59.000000 55.000000 149.000000 60.000000 60.000000 60.000000

-59.000000 115.000000 149.000000 60.000000 60.000000 60.000000

-119.000000 -5.000000 89.000000 60.000000 60.000000 60.000000

-119.000000 -5.000000 149.000000 60.000000 60.000000 60.000000

-119.000000 55.000000 -31.000000 60.000000 60.000000 60.000000

-119.000000 55.000000 29.000000 60.000000 60.000000 60.000000

-119.000000 55.000000 89.000000 60.000000 60.000000 60.000000

-119.000000 55.000000 149.000000 60.000000 60.000000 60.000000

-119.000000 115.000000 89.000000 60.000000 60.000000 60.000000

-119.000000 115.000000 149.000000 60.000000 60.000000 60.000000

-119.000000 115.000000 -31.000000 60.000000 60.000000 60.000000

-119.000000 115.000000 29.000000 60.000000 60.000000 60.000000

61.000000 -5.000000 29.000000 60.000000 60.000000 60.000000
68.500000 0.000000 68.500000 0.707104 0.002618 0.707104 93.500000 0.000000 25.000000 -0.967819 -0.002618 -0.251633 
1.000000 115.000000 29.000000 60.000000 60.000000 60.000000
0.000000 68.500000 68.500000 -0.000873 -0.707107 -0.707107 0.000000 93.500000 25.000000 0.000349 0.967822 0.251634 
1.000000 55.000000 29.000000 60.000000 60.000000 60.000000
0.000000 68.500000 68.500000 0.000873 0.707107 0.707107 0.000000 93.500000 25.000000 -0.000349 -0.967822 -0.251634 
1.000000 115.000000 29.000000 60.000000 60.000000 60.000000
0.000000 68.500000 68.500000 0.000873 0.707107 0.707107 0.000000 93.500000 25.000000 -0.000349 -0.967822 -0.251634 
1.000000 115.000000 29.000000 60.000000 60.000000 60.000000
0.000000 68.500000 68.500000 0.000873 0.707107 0.707107 0.000000 93.500000 25.000000 0.000349 0.967822 0.251634 
1.000000 55.000000 29.000000 60.000000 60.000000 60.000000
0.000000 68.500000 68.500000 0.000873 0.707107 0.707107 0.000000 93.500000 25.000000 -0.000349 -0.967822 -0.251634 
1.000000 115.000000 29.000000 60.000000 60.000000 60.000000
0.000000 68.500000 68.500000 0.000873 0.707107 0.707107 0.000000 93.500000 25.000000 -0.000349 -0.967822 -0.251634 
1.000000 55.000000 89.000000 60.000000 60.000000 60.000000
0.000000 25.000000 93.500000 -0.000524 -0.251634 -0.967822 0.000000 68.500000 68.500000 0.000873 0.707107 0.707107 
1.000000 55.000000 89.000000 60.000000 60.000000 60.000000
0.000000 25.000000 93.500000 0.000524 0.251634 0.967822 0.000000 68.500000 68.500000 -0.000873 -0.707107 -0.707107 
1.000000 55.000000 89.000000 60.000000 60.000000 60.000000
0.000000 25.000000 93.500000 0.000524 0.251634 0.967822 0.000000 68.500000 68.500000 0.000873 0.707107 0.707107 
1.000000 115.000000 89.000000 60.000000 60.000000 60.000000
0.000000 68.500000 68.500000 0.000873 0.707107 0.707107 
61.000000 -5.000000 89.000000 60.000000 60.000000 60.000000
25.000000 0.000000 93.500000 0.251634 0.001222 0.967822 68.500000 0.000000 68.500000 -0.707104 -0.002618 -0.707104 
61.000000 -5.000000 89.000000 60.000000 60.000000 60.000000
25.000000 0.000000 93.500000 -0.251634 -0.001222 -0.967822 68.500000 0.000000 68.500000 0.707104 0.002618 0.707104 
61.000000 -5.000000 89.000000 60.000000 60.000000 60.000000
25.000000 0.000000 93.500000 0.251634 0.001222 0.967822 68.500000 0.000000 68.500000 0.707104 0.002618 0.707104 
1.000000 -5.000000 149.000000 60.000000 60.000000 60.000000

1.000000 55.000000 149.000000 60.000000 60.000000 60.000000

1.000000 115.000000 149.000000 60.000000 60.000000 60.000000

121.000000 -5.000000 89.000000 60.000000 60.000000 60.000000

61.000000 -5.000000 149.000000 60.000000 60.000000 60.000000

121.000000 -5.000000 149.000000 60.000000 60.000000 60.000000

61.000000 55.000000 89.000000 60.000000 60.000000 60.000000

61.000000 115.000000 89.000000 60.000000 60.000000 60.000000

61.000000 55.000000 149.000000 60.000000 60.000000 60.000000

61.000000 115.000000 149.000000 60.000000 60.000000 60.000000

121.000000 55.000000 89.000000 60.000000 60.000000 60.000000

121.000000 115.000000 89.000000 60.000000 60.000000 60.000000

121.000000 55.000000 149.000000 60.000000 60.000000 60.000000

121.000000 115.000000 149.000000 60.000000 60.000000 60.000000

66
1.000000 -5.000000 89.000000 60.000000 60.000000 60.000000
25.000000 0.000000 93.500000 -0.251634 -0.001222 -0.967822 -25.000000 0.000000 93.500000 0.251634 -0.001222 -0.967822 0.000000 25.000000 93.500000 -0.000524 -0.251634 -0.967822 0.000000 -25.000000 93.500000 -0.000524 0.251634 -0.967822 
1.000000 -65.000000 89.000000 60.000000 60.000000 60.000000
0.000000 -25.000000 93.500000 -0.000524 0.251634 -0.967822 0.000000 -68.500000 68.500000 -0.002269 0.707105 -0.707105 
1.000000 -125.000000 29.000000 60.000000 60.000000 60.000000
0.000000 -93.500000 25.000000 -0.003142 0.967818 -0.251633 
1.000000 -125.000000 29.000000 60.000000 60.000000 60.000000
0.000000 -93.500000 25.000000 -0.003142 0.967818 -0.251633 
1.000000 -5.000000 29.000000 60.000000 60.000000 60.000000

1.000000 -65.000000 29.000000 60.000000 60.000000 60.000000
0.000000 -68.500000 68.500000 -0.002269 0.707105 -0.707105 0.000000 -93.500000 25.000000 -0.003142 0.967818 -0.251633 
-119.000000 -5.000000 29.000000 60.000000 60.000000 60.000000
-93.500000 0.000000 25.000000 0.967820 -0.002443 -0.251633 
121.000000 -5.000000 29.000000 60.000000 60.000000 60.000000
93.500000 0.000000 25.000000 -0.967819 -0.002618 -0.251633 
-59.000000 -5.000000 89.000000 60.000000 60.000000 60.000000
-25.000000 0.000000 93.500000 0.251634 -0.001222 -0.967822 -68.500000 0.000000 68.500000 0.707105 -0.002094 -0.707105 
-59.000000 -5.000000 29.000000 60.000000 60.000000 60.000000
-68.500000 0.000000 68.500000 0.707105 -0.002094 -0.707105 -93.500000 0.000000 25.000000 0.967820 -0.002443 -0.251633 
61.000000 -5.000000 89.000000 60.000000 60.000000 60.000000
25.000000 0.000000 93.500000 -0.251634 -0.001222 -0.967822 68.500000 0.000000 68.500000 -0.707104 -0.002618 -0.707104 
1.000000 -5.000000 -31.000000 60.000000 60.000000 60.000000

1.000000 -65.000000 -31.000000 60.000000 60.000000 60.000000

1.000000 -125.000000 -31.000000 60.000000 60.000000 60.000000

-59.000000 -5.000000 -31.000000 60.000000 60.000000 60.000000

-59.000000 -65.000000 149.000000 60.000000 60.000000 60.000000

-59.000000 -65.000000 89.000000 60.000000 60.000000 60.000000

-59.000000 -65.000000 29.000000 60.000000 60.000000 60.000000

-59.000000 -65.000000 -31.000000 60.000000 60.000000 60.000000

-59.000000 -125.000000 149.000000 60.000000 60.000000 60.000000

-59.000000 -125.000000 89.000000 60.000000 60.000000 60.000000

-59.000000 -125.000000 29.000000 60.000000 60.000000 60.000000

-59.000000 -125.000000 -31.000000 60.000000 60.000000 60.000000

-119.000000 -5.000000 -31.000000 60.000000 60.000000 60.000000

-119.000000 -65.000000 149.000000 60.000000 60.000000 60.000000

-119.000000 -65.000000 89.000000 60.000000 60.000000 60.000000

-119.000000 -65.000000 29.000000 60.000000 60.000000 60.000000

-119.000000 -65.000000 -31.000000 60.000000 60.000000 60.000000

-119.000000 -125.000000 149.000000 60.000000 60.000000 60.000000

-119.000000 -125.000000 89.000000 60.000000 60.000000 60.000000

-119.000000 -125.000000 -31.000000 60.000000 60.000000 60.000000

-119.000000 -125.000000 29.000000 60.000000 60.000000 60.000000

61.000000 -5.000000 29.000000 60.000000 60.000000 60.000000
68.500000 0.000000 68.500000 -0.707104 -0.002618 -0.707104 93.500000 0.000000 25.000000 -0.967819 -0.002618 -0.251633 
61.000000 -5.000000 -31.000000 60.000000 60.000000 60.000000

61.000000 -65.000000 149.000000 60.000000 60.000000 60.000000

61.000000 -65.000000 89.000000 60.000000 60.000000 60.000000

61.000000 -65.000000 29.000000 60.000000 60.000000 60.000000

61.000000 -65.000000 -31.000000 60.000000 60.000000 60.000000

61.000000 -125.000000 149.000000 60.000000 60.000000 60.000000

61.000000 -125.000000 89.000000 60.000000 60.000000 60.000000

61.000000 -125.000000 29.000000 60.000000 60.000000 60.000000

61.000000 -125.000000 -31.000000 60.000000 60.000000 60.000000

121.000000 -5.000000 -31.000000 60.000000 60.000000 60.000000

121.000000 -65.000000 149.000000 60.000000 60.000000 60.000000

121.000000 -65.000000 89.000000 60.000000 60.000000 60.000000

121.000000 -65.000000 29.000000 60.000000 60.000000 60.000000

121.000000 -65.000000 -31.000000 60.000000 60.000000 60.000000

121.000000 -125.000000 89.000000 60.000000 60.000000 60.000000

121.000000 -125.000000 149.000000 60.000000 60.000000 60.000000

121.000000 -125.000000 -31.000000 60.000000 60.000000 60.000000

121.000000 -125.000000 29.000000 60.000000 60.000000 60.000000

1.000000 55.000000 89.000000 60.000000 60.000000 60.000000
0.000000 25.000000 93.500000 -0.000524 -0.251634 -0.967822 0.000000 68.500000 68.500000 -0.000873 -0.707107 -0.707107 
1.000000 55.000000 29.000000 60.000000 60.000000 60.000000
0.000000 68.500000 68.500000 -0.000873 -0.707107 -0.707107 0.000000 93.500000 25.000000 -0.000349 -0.967822 -0.251634 
1.000000 115.000000 29.000000 60.000000 60.000000 60.000000
0.000000 68.500000 68.500000 -0.000873 -0.707107 -0.707107 0.000000 93.500000 25.000000 -0.000349 -0.967822 -0.251634 
61.000000 55.000000 29.000000 60.000000 60.000000 60.000000

121.000000 55.000000 29.000000 60.000000 60.000000 60.000000

-59.000000 55.000000 -31.000000 60.000000 60.000000 60.000000

1.000000 55.000000 -31.000000 60.000000 60.000000 60.000000

61.000000 55.000000 -31.000000 60.000000 60.000000 60.000000

121.000000 55.000000 -31.000000 60.000000 60.000000 60.000000

-59.000000 115.000000 -31.000000 60.000000 60.000000 60.000000

1.000000 115.000000 -31.000000 60.000000 60.000000 60.000000

61.000000 115.000000 29.000000 60.000000 60.000000 60.000000

61.000000 115.000000 -31.000000 60.000000 60.000000 60.000000

121.000000 115.000000 -31.000000 60.000000 60.000000 60.000000

121.000000 115.000000 29.000000 60.000000 60.000000 60.000000

0
