20
3
-2.000000 -50.000000 2.000000 54.000000 54.000000 54.000000

-2.000000 4.000000 2.000000 54.000000 54.000000 54.000000

-2.000000 58.000000 2.000000 54.000000 54.000000 54.000000

10
-2.000000 4.000000 56.000000 54.000000 54.000000 54.000000

-2.000000 58.000000 56.000000 54.000000 54.000000 54.000000
0.006687 50.005470 50.005859 0.000000 0.000000 1.000000 
52.000000 58.000000 56.000000 54.000000 54.000000 54.000000
0.006687 50.005470 50.005859 0.000000 0.000000 1.000000 50.004601 0.004511 50.004639 -1.000000 -0.000000 -0.000000 50.004601 0.004511 50.004639 -1.000000 -0.000000 -0.000000 
-56.000000 4.000000 56.000000 54.000000 54.000000 54.000000
0.006687 50.005470 50.005859 0.000000 0.000000 1.000000 
-56.000000 58.000000 56.000000 54.000000 54.000000 54.000000
0.006687 50.005470 50.005859 0.000000 0.000000 1.000000 0.006687 50.005470 50.005859 0.000000 0.000000 1.000000 -49.997036 0.004843 -49.994598 -1.000000 0.000000 0.000000 
-56.000000 58.000000 56.000000 54.000000 54.000000 54.000000
0.006687 50.005470 50.005859 0.000000 0.000000 1.000000 0.006687 50.005470 50.005859 0.000000 0.000000 1.000000 -49.997036 0.004843 -49.994598 1.000000 -0.000000 -0.000000 
-56.000000 -50.000000 56.000000 54.000000 54.000000 54.000000
0.006687 50.005470 50.005859 0.000000 0.000000 1.000000 0.006687 50.005470 50.005859 0.000000 0.000000 1.000000 -49.997036 0.004843 -49.994598 -1.000000 0.000000 0.000000 
-56.000000 -50.000000 56.000000 54.000000 54.000000 54.000000
0.006687 50.005470 50.005859 0.000000 0.000000 1.000000 0.006687 50.005470 50.005859 0.000000 0.000000 1.000000 -49.997036 0.004843 -49.994598 1.000000 -0.000000 -0.000000 
-2.000000 -50.000000 56.000000 54.000000 54.000000 54.000000
0.006687 50.005470 50.005859 0.000000 0.000000 1.000000 
52.000000 -50.000000 56.000000 54.000000 54.000000 54.000000
0.006687 50.005470 50.005859 0.000000 0.000000 1.000000 50.004601 0.004511 50.004639 -1.000000 -0.000000 -0.000000 50.004601 0.004511 50.004639 -1.000000 -0.000000 -0.000000 
10
-2.000000 4.000000 -52.000000 54.000000 54.000000 54.000000

-56.000000 58.000000 -52.000000 54.000000 54.000000 54.000000
0.001104 50.005978 -49.998222 -0.000000 -0.000000 -1.000000 -49.997036 0.004843 -49.994598 1.000000 -0.000000 -0.000000 -49.997036 0.004843 -49.994598 1.000000 -0.000000 -0.000000 
-2.000000 58.000000 -52.000000 54.000000 54.000000 54.000000
0.001104 50.005978 -49.998222 -0.000000 -0.000000 -1.000000 
52.000000 4.000000 -52.000000 54.000000 54.000000 54.000000
0.001104 50.005978 -49.998222 -0.000000 -0.000000 -1.000000 
52.000000 58.000000 -52.000000 54.000000 54.000000 54.000000
0.001104 50.005978 -49.998222 -0.000000 -0.000000 -1.000000 0.001104 50.005978 -49.998222 -0.000000 -0.000000 -1.000000 50.004601 0.004511 50.004639 -1.000000 -0.000000 -0.000000 
52.000000 58.000000 -52.000000 54.000000 54.000000 54.000000
0.001104 50.005978 -49.998222 -0.000000 -0.000000 -1.000000 0.001104 50.005978 -49.998222 -0.000000 -0.000000 -1.000000 50.004601 0.004511 50.004639 1.000000 0.000000 0.000000 
52.000000 -50.000000 -52.000000 54.000000 54.000000 54.000000
0.001104 50.005978 -49.998222 -0.000000 -0.000000 -1.000000 0.001104 50.005978 -49.998222 -0.000000 -0.000000 -1.000000 50.004601 0.004511 50.004639 -1.000000 -0.000000 -0.000000 
52.000000 -50.000000 -52.000000 54.000000 54.000000 54.000000
0.001104 50.005978 -49.998222 -0.000000 -0.000000 -1.000000 0.001104 50.005978 -49.998222 -0.000000 -0.000000 -1.000000 50.004601 0.004511 50.004639 1.000000 0.000000 0.000000 
-56.000000 -50.000000 -52.000000 54.000000 54.000000 54.000000
-49.997036 0.004843 -49.994598 1.000000 -0.000000 -0.000000 0.001104 50.005978 -49.998222 -0.000000 -0.000000 -1.000000 -49.997036 0.004843 -49.994598 1.000000 -0.000000 -0.000000 
-2.000000 -50.000000 -52.000000 54.000000 54.000000 54.000000
0.001104 50.005978 -49.998222 -0.000000 -0.000000 -1.000000 
10
-56.000000 -50.000000 -52.000000 54.000000 54.000000 54.000000
-49.997036 0.004843 -49.994598 -1.000000 0.000000 0.000000 0.001104 50.005978 -49.998222 -0.000000 -0.000000 -1.000000 -49.997036 0.004843 -49.994598 -1.000000 0.000000 0.000000 
-56.000000 -50.000000 -52.000000 54.000000 54.000000 54.000000
-49.997036 0.004843 -49.994598 -1.000000 0.000000 0.000000 0.001104 50.005978 -49.998222 0.000000 0.000000 1.000000 -49.997036 0.004843 -49.994598 -1.000000 0.000000 0.000000 
-56.000000 4.000000 -52.000000 54.000000 54.000000 54.000000
-49.997036 0.004843 -49.994598 -1.000000 0.000000 0.000000 
-56.000000 58.000000 -52.000000 54.000000 54.000000 54.000000
0.001104 50.005978 -49.998222 -0.000000 -0.000000 -1.000000 -49.997036 0.004843 -49.994598 -1.000000 0.000000 0.000000 -49.997036 0.004843 -49.994598 -1.000000 0.000000 0.000000 
-56.000000 58.000000 -52.000000 54.000000 54.000000 54.000000
0.001104 50.005978 -49.998222 0.000000 0.000000 1.000000 -49.997036 0.004843 -49.994598 -1.000000 0.000000 0.000000 -49.997036 0.004843 -49.994598 -1.000000 0.000000 0.000000 
-56.000000 -50.000000 2.000000 54.000000 54.000000 54.000000
-49.997036 0.004843 -49.994598 -1.000000 0.000000 0.000000 
-56.000000 -50.000000 56.000000 54.000000 54.000000 54.000000
0.006687 50.005470 50.005859 -0.000000 -0.000000 -1.000000 0.006687 50.005470 50.005859 -0.000000 -0.000000 -1.000000 -49.997036 0.004843 -49.994598 -1.000000 0.000000 0.000000 
-56.000000 4.000000 2.000000 54.000000 54.000000 54.000000

-56.000000 58.000000 2.000000 54.000000 54.000000 54.000000
-49.997036 0.004843 -49.994598 -1.000000 0.000000 0.000000 
-56.000000 58.000000 56.000000 54.000000 54.000000 54.000000
0.006687 50.005470 50.005859 -0.000000 -0.000000 -1.000000 0.006687 50.005470 50.005859 -0.000000 -0.000000 -1.000000 -49.997036 0.004843 -49.994598 -1.000000 0.000000 0.000000 
6
52.000000 4.000000 56.000000 54.000000 54.000000 54.000000
50.004601 0.004511 50.004639 1.000000 0.000000 0.000000 
52.000000 58.000000 56.000000 54.000000 54.000000 54.000000
0.006687 50.005470 50.005859 -0.000000 -0.000000 -1.000000 50.004601 0.004511 50.004639 1.000000 0.000000 0.000000 50.004601 0.004511 50.004639 1.000000 0.000000 0.000000 
52.000000 58.000000 56.000000 54.000000 54.000000 54.000000
0.006687 50.005470 50.005859 0.000000 0.000000 1.000000 50.004601 0.004511 50.004639 1.000000 0.000000 0.000000 50.004601 0.004511 50.004639 1.000000 0.000000 0.000000 
52.000000 4.000000 2.000000 54.000000 54.000000 54.000000

52.000000 58.000000 -52.000000 54.000000 54.000000 54.000000
0.001104 50.005978 -49.998222 0.000000 0.000000 1.000000 0.001104 50.005978 -49.998222 0.000000 0.000000 1.000000 50.004601 0.004511 50.004639 1.000000 0.000000 0.000000 
52.000000 58.000000 2.000000 54.000000 54.000000 54.000000
50.004601 0.004511 50.004639 1.000000 0.000000 0.000000 
4
52.000000 -50.000000 56.000000 54.000000 54.000000 54.000000
0.006687 50.005470 50.005859 -0.000000 -0.000000 -1.000000 50.004601 0.004511 50.004639 1.000000 0.000000 0.000000 50.004601 0.004511 50.004639 1.000000 0.000000 0.000000 
52.000000 -50.000000 56.000000 54.000000 54.000000 54.000000
0.006687 50.005470 50.005859 0.000000 0.000000 1.000000 50.004601 0.004511 50.004639 1.000000 0.000000 0.000000 50.004601 0.004511 50.004639 1.000000 0.000000 0.000000 
52.000000 -50.000000 -52.000000 54.000000 54.000000 54.000000
0.001104 50.005978 -49.998222 0.000000 0.000000 1.000000 0.001104 50.005978 -49.998222 0.000000 0.000000 1.000000 50.004601 0.004511 50.004639 1.000000 0.000000 0.000000 
52.000000 -50.000000 2.000000 54.000000 54.000000 54.000000
50.004601 0.004511 50.004639 1.000000 0.000000 0.000000 
3
-56.000000 58.000000 -52.000000 54.000000 54.000000 54.000000
0.001104 50.005978 -49.998222 0.000000 0.000000 1.000000 -49.997036 0.004843 -49.994598 1.000000 -0.000000 -0.000000 -49.997036 0.004843 -49.994598 1.000000 -0.000000 -0.000000 
-56.000000 -50.000000 -52.000000 54.000000 54.000000 54.000000
-49.997036 0.004843 -49.994598 1.000000 -0.000000 -0.000000 0.001104 50.005978 -49.998222 0.000000 0.000000 1.000000 -49.997036 0.004843 -49.994598 1.000000 -0.000000 -0.000000 
-56.000000 4.000000 -52.000000 54.000000 54.000000 54.000000
-49.997036 0.004843 -49.994598 1.000000 -0.000000 -0.000000 
3
52.000000 58.000000 2.000000 54.000000 54.000000 54.000000
50.004601 0.004511 50.004639 -1.000000 -0.000000 -0.000000 
-2.000000 58.000000 -52.000000 54.000000 54.000000 54.000000
0.001104 50.005978 -49.998222 0.000000 0.000000 1.000000 
52.000000 58.000000 -52.000000 54.000000 54.000000 54.000000
0.001104 50.005978 -49.998222 0.000000 0.000000 1.000000 0.001104 50.005978 -49.998222 0.000000 0.000000 1.000000 50.004601 0.004511 50.004639 -1.000000 -0.000000 -0.000000 
3
52.000000 -50.000000 2.000000 54.000000 54.000000 54.000000
50.004601 0.004511 50.004639 -1.000000 -0.000000 -0.000000 
-2.000000 -50.000000 -52.000000 54.000000 54.000000 54.000000
0.001104 50.005978 -49.998222 0.000000 0.000000 1.000000 
52.000000 -50.000000 -52.000000 54.000000 54.000000 54.000000
0.001104 50.005978 -49.998222 0.000000 0.000000 1.000000 0.001104 50.005978 -49.998222 0.000000 0.000000 1.000000 50.004601 0.004511 50.004639 -1.000000 -0.000000 -0.000000 
1
-2.000000 -50.000000 56.000000 54.000000 54.000000 54.000000
0.006687 50.005470 50.005859 -0.000000 -0.000000 -1.000000 
1
-2.000000 58.000000 56.000000 54.000000 54.000000 54.000000
0.006687 50.005470 50.005859 -0.000000 -0.000000 -1.000000 
1
52.000000 4.000000 56.000000 54.000000 54.000000 54.000000
50.004601 0.004511 50.004639 -1.000000 -0.000000 -0.000000 
1
52.000000 4.000000 -52.000000 54.000000 54.000000 54.000000
0.001104 50.005978 -49.998222 0.000000 0.000000 1.000000 
1
-56.000000 4.000000 56.000000 54.000000 54.000000 54.000000
0.006687 50.005470 50.005859 -0.000000 -0.000000 -1.000000 
1
-56.000000 -50.000000 2.000000 54.000000 54.000000 54.000000
-49.997036 0.004843 -49.994598 1.000000 -0.000000 -0.000000 
1
-56.000000 58.000000 2.000000 54.000000 54.000000 54.000000
-49.997036 0.004843 -49.994598 1.000000 -0.000000 -0.000000 
1
52.000000 58.000000 56.000000 54.000000 54.000000 54.000000
0.006687 50.005470 50.005859 -0.000000 -0.000000 -1.000000 50.004601 0.004511 50.004639 -1.000000 -0.000000 -0.000000 50.004601 0.004511 50.004639 -1.000000 -0.000000 -0.000000 
1
-56.000000 -50.000000 56.000000 54.000000 54.000000 54.000000
0.006687 50.005470 50.005859 -0.000000 -0.000000 -1.000000 0.006687 50.005470 50.005859 -0.000000 -0.000000 -1.000000 -49.997036 0.004843 -49.994598 1.000000 -0.000000 -0.000000 
1
-56.000000 58.000000 56.000000 54.000000 54.000000 54.000000
0.006687 50.005470 50.005859 -0.000000 -0.000000 -1.000000 0.006687 50.005470 50.005859 -0.000000 -0.000000 -1.000000 -49.997036 0.004843 -49.994598 1.000000 -0.000000 -0.000000 
1
52.000000 -50.000000 56.000000 54.000000 54.000000 54.000000
0.006687 50.005470 50.005859 -0.000000 -0.000000 -1.000000 50.004601 0.004511 50.004639 -1.000000 -0.000000 -0.000000 50.004601 0.004511 50.004639 -1.000000 -0.000000 -0.000000 
