20
0.000000 -1.000000 0.000000 81
0.000000 0.000000 1.000000 81
0.000000 0.000000 -1.000000 81
-1.000000 0.000000 0.000000 81
1.000000 0.000000 0.000000 81
1.000000 0.000000 0.000000 81
0.000000 -1.000000 0.000000 81
-1.000000 0.000000 0.000000 9
-1.000000 0.000000 0.000000 9
0.000000 0.000000 -1.000000 38
0.000000 0.000000 -1.000000 38
-1.000000 0.000000 0.000000 36
0.000000 0.000000 1.000000 37
0.000000 0.000000 -1.000000 38
1.000000 0.000000 0.000000 39
1.000000 0.000000 0.000000 39
-1.000000 0.000000 0.000000 36
1.000000 0.000000 0.000000 39
1.000000 0.000000 0.000000 39
0 0 0 0
11
1
5
4
17
18
16
19
13
9
10
3
14
15
0
7
8
12
6
2
