22
153
4.344208 107.440796 -122.514313 88.000000 89.000000 89.000000
3.486272 102.156837 -66.330246 1.000000 -0.000000 -0.000000 3.285232 123.895988 -98.536255 1.000000 -0.000000 -0.000000 3.034969 154.963211 -119.028610 1.000000 -0.000000 -0.000000 
3.844208 107.440796 -33.014313 89.000000 89.000000 90.000000
3.486272 102.156837 -66.330246 1.000000 -0.000000 -0.000000 23.064869 93.429672 -45.048286 -0.000000 -0.000000 -1.000000 60.625603 86.474525 -44.685257 -0.000000 -0.000000 -1.000000 -17.823294 93.381973 -45.089134 0.000000 0.000000 -1.000000 3.630358 97.723343 -20.543093 1.000000 0.000000 0.000000 3.895487 116.023834 53.804115 1.000000 0.000000 0.000000 
3.844208 107.440796 -33.014313 89.000000 89.000000 90.000000
3.486272 102.156837 -66.330246 1.000000 -0.000000 -0.000000 23.064869 93.429672 -45.048286 0.000000 0.000000 1.000000 60.625603 86.474525 -44.685257 0.000000 0.000000 1.000000 -17.823294 93.381973 -45.089134 -0.000000 -0.000000 1.000000 3.630358 97.723343 -20.543093 1.000000 0.000000 0.000000 3.895487 116.023834 53.804115 1.000000 0.000000 0.000000 
3.844208 107.440796 56.985687 89.000000 89.000000 90.000000
3.895487 116.023834 53.804115 1.000000 0.000000 0.000000 
94.844208 17.440796 146.985687 89.000000 89.000000 88.000000
86.067612 65.153275 148.122421 -0.000000 -0.000000 1.000000 103.426743 40.283188 149.868927 -0.000000 -0.000000 1.000000 112.885071 13.421669 150.570938 -0.000000 -0.000000 1.000000 115.579941 0.007847 172.684113 -0.000000 -1.000000 -0.000000 123.788605 -12.814022 150.529327 0.000000 0.000000 -1.000000 141.314987 -32.801620 151.848297 0.000000 0.000000 -1.000000 115.944511 0.920941 53.282448 0.000000 1.000000 0.000000 
-176.155792 -72.559204 -33.014313 89.000000 89.000000 88.000000

-86.155792 17.440796 57.485687 89.000000 89.000000 89.000000
-108.986977 0.657318 53.062897 -0.000000 1.000000 -0.000000 
-176.155792 16.940796 -32.514313 89.000000 90.000000 89.000000

-175.655792 17.440796 56.985687 90.000000 89.000000 90.000000

184.844208 -72.559204 -213.014313 89.000000 89.000000 88.000000
223.170624 -64.140900 -221.649078 0.000000 0.000000 1.000000 
94.844208 17.440796 -213.014313 89.000000 89.000000 88.000000
105.424179 56.002533 -221.513214 0.000000 0.000000 1.000000 115.387207 21.228216 -221.612778 0.000000 0.000000 1.000000 171.326309 -0.903170 -221.596802 0.000000 0.000000 1.000000 117.029434 0.967669 -132.998291 0.000000 1.000000 0.000000 
184.344208 16.940796 -213.014313 90.000000 90.000000 88.000000
171.326309 -0.903170 -221.596802 0.000000 0.000000 1.000000 
94.844208 106.940796 -213.014313 89.000000 90.000000 88.000000
65.110924 88.306946 -221.240356 0.000000 0.000000 1.000000 87.466492 77.272049 -221.396149 0.000000 0.000000 1.000000 105.424179 56.002533 -221.513214 0.000000 0.000000 1.000000 
4.844208 196.440796 -122.514313 89.000000 89.000000 89.000000
3.034969 154.963211 -119.028610 1.000000 -0.000000 -0.000000 2.777868 184.106781 -144.379074 1.000000 -0.000000 -0.000000 2.555422 200.077911 -191.157211 1.000000 -0.000000 -0.000000 
453.844208 -72.559204 -212.514313 89.000000 89.000000 89.000000
440.021484 -64.187744 -177.625275 -0.000000 -1.000000 -0.000000 404.438110 -33.360336 -221.232559 0.000000 0.000000 1.000000 436.067688 -53.320160 -221.144211 0.000000 0.000000 1.000000 223.170624 -64.140900 -221.649078 0.000000 0.000000 1.000000 
453.844208 -72.559204 -212.514313 89.000000 89.000000 89.000000
440.021484 -64.187744 -177.625275 0.000000 1.000000 0.000000 404.438110 -33.360336 -221.232559 0.000000 0.000000 1.000000 436.067688 -53.320160 -221.144211 0.000000 0.000000 1.000000 223.170624 -64.140900 -221.649078 -0.000000 -0.000000 -1.000000 
274.344208 -72.559204 -212.514313 90.000000 89.000000 89.000000
223.170624 -64.140900 -221.649078 0.000000 0.000000 1.000000 
364.344208 -72.559204 -212.514313 90.000000 89.000000 89.000000
404.438110 -33.360336 -221.232559 0.000000 0.000000 1.000000 223.170624 -64.140900 -221.649078 0.000000 0.000000 1.000000 
453.844208 -72.559204 -212.514313 89.000000 89.000000 89.000000
440.021484 -64.187744 -177.625275 0.000000 1.000000 0.000000 404.438110 -33.360336 -221.232559 0.000000 0.000000 1.000000 436.067688 -53.320160 -221.144211 0.000000 0.000000 1.000000 223.170624 -64.140900 -221.649078 0.000000 0.000000 1.000000 
453.844208 -72.559204 -123.514313 89.000000 89.000000 89.000000
396.195801 -63.550186 -91.850449 0.000000 1.000000 0.000000 423.763031 -63.340057 -115.055161 0.000000 1.000000 0.000000 440.021484 -64.187744 -177.625275 0.000000 1.000000 0.000000 
274.844208 -72.559204 -123.014313 89.000000 89.000000 90.000000

364.344208 -72.559204 -123.014313 90.000000 89.000000 90.000000
357.509094 -63.772614 -81.181244 0.000000 1.000000 0.000000 396.195801 -63.550186 -91.850449 0.000000 1.000000 0.000000 
363.844208 -72.559204 -33.514313 89.000000 89.000000 89.000000
307.878845 -63.961700 -56.222870 0.000000 1.000000 0.000000 357.509094 -63.772614 -81.181244 0.000000 1.000000 0.000000 
274.844208 -72.559204 -33.014313 89.000000 89.000000 90.000000
257.675873 -64.154221 29.172729 0.000000 1.000000 0.000000 270.661163 -64.078003 -16.519934 0.000000 1.000000 0.000000 307.878845 -63.961700 -56.222870 0.000000 1.000000 0.000000 
274.344208 -72.559204 56.985687 88.000000 89.000000 90.000000
249.522552 -64.255112 79.318176 0.000000 1.000000 0.000000 257.675873 -64.154221 29.172729 0.000000 1.000000 0.000000 
-86.155792 17.440796 146.485687 89.000000 89.000000 89.000000
-78.892471 64.959206 147.964081 0.000000 0.000000 1.000000 -96.493942 40.043415 149.674591 0.000000 0.000000 1.000000 -106.087814 13.160452 150.356934 0.000000 0.000000 1.000000 -108.847046 0.741407 172.463898 -0.000000 1.000000 -0.000000 -116.984581 -13.098836 150.297729 -0.000000 -0.000000 -1.000000 -134.460358 -33.130760 151.582977 -0.000000 -0.000000 -1.000000 -108.986977 0.657318 53.062897 -0.000000 1.000000 -0.000000 
-86.155792 17.440796 146.485687 89.000000 89.000000 89.000000
-78.892471 64.959206 147.964081 0.000000 0.000000 1.000000 -96.493942 40.043415 149.674591 0.000000 0.000000 1.000000 -106.087814 13.160452 150.356934 0.000000 0.000000 1.000000 -108.847046 0.741407 172.463898 -0.000000 1.000000 -0.000000 -116.984581 -13.098836 150.297729 0.000000 0.000000 1.000000 -134.460358 -33.130760 151.582977 0.000000 0.000000 1.000000 -108.986977 0.657318 53.062897 -0.000000 1.000000 -0.000000 
94.844208 17.440796 146.985687 89.000000 89.000000 88.000000
86.067612 65.153275 148.122421 -0.000000 -0.000000 1.000000 103.426743 40.283188 149.868927 -0.000000 -0.000000 1.000000 112.885071 13.421669 150.570938 -0.000000 -0.000000 1.000000 115.579941 0.007847 172.684113 0.000000 1.000000 0.000000 123.788605 -12.814022 150.529327 0.000000 0.000000 -1.000000 141.314987 -32.801620 151.848297 0.000000 0.000000 -1.000000 115.944511 0.920941 53.282448 0.000000 1.000000 0.000000 
94.844208 17.440796 146.985687 89.000000 89.000000 88.000000
86.067612 65.153275 148.122421 -0.000000 -0.000000 1.000000 103.426743 40.283188 149.868927 -0.000000 -0.000000 1.000000 112.885071 13.421669 150.570938 -0.000000 -0.000000 1.000000 115.579941 0.007847 172.684113 0.000000 1.000000 0.000000 123.788605 -12.814022 150.529327 -0.000000 -0.000000 1.000000 141.314987 -32.801620 151.848297 -0.000000 -0.000000 1.000000 115.944511 0.920941 53.282448 0.000000 1.000000 0.000000 
-85.655792 107.440796 -32.514313 90.000000 89.000000 89.000000
-55.050781 86.340790 -43.799580 -0.000000 -0.000000 1.000000 -84.292770 71.728241 -43.487579 -0.000000 -0.000000 1.000000 
-85.655792 106.940796 56.985687 90.000000 90.000000 90.000000

-85.655792 106.940796 146.485687 90.000000 90.000000 89.000000
-52.519379 84.154839 147.315186 -0.000000 -0.000000 -1.000000 -78.892471 64.959206 147.964081 -0.000000 -0.000000 -1.000000 
-265.655792 -72.559204 -32.514313 90.000000 89.000000 89.000000
-250.515045 -64.762482 28.688026 -0.000000 1.000000 -0.000000 -263.410278 -64.716911 -17.034054 -0.000000 1.000000 -0.000000 -300.546875 -64.687660 -56.813713 -0.000000 1.000000 -0.000000 
-266.155792 -72.559204 56.985687 89.000000 89.000000 90.000000
-242.452972 -64.845261 78.843903 -0.000000 1.000000 -0.000000 -250.515045 -64.762482 28.688026 -0.000000 1.000000 -0.000000 
-175.655792 17.440796 146.485687 90.000000 89.000000 89.000000
-134.460358 -33.130760 151.582977 0.000000 0.000000 1.000000 
-355.655792 -72.559204 -32.514313 90.000000 89.000000 89.000000
-300.546875 -64.687660 -56.813713 -0.000000 1.000000 -0.000000 -350.133118 -64.614471 -81.863831 -0.000000 1.000000 -0.000000 
-175.655792 106.940796 -32.514313 90.000000 90.000000 89.000000

-175.655792 196.440796 -32.514313 90.000000 89.000000 89.000000

-175.655792 106.940796 56.985687 90.000000 90.000000 90.000000

-175.655792 196.440796 56.985687 90.000000 89.000000 90.000000

-175.655792 106.940796 146.485687 90.000000 90.000000 89.000000

-175.655792 196.440796 146.485687 90.000000 89.000000 89.000000

-265.655792 16.940796 -32.514313 90.000000 90.000000 89.000000

-265.655792 106.940796 -32.514313 90.000000 90.000000 89.000000

-265.655792 196.440796 -32.514313 90.000000 89.000000 89.000000

-266.155792 -72.559204 146.485687 89.000000 89.000000 89.000000
-223.305878 -64.936996 121.992981 -0.000000 1.000000 -0.000000 
-265.655792 16.940796 56.985687 90.000000 90.000000 90.000000

-265.655792 16.940796 146.485687 90.000000 90.000000 89.000000

-265.655792 106.940796 56.985687 90.000000 90.000000 90.000000

-265.655792 196.440796 56.985687 90.000000 89.000000 90.000000

-265.655792 106.940796 146.485687 90.000000 90.000000 89.000000

-265.655792 196.440796 146.485687 90.000000 89.000000 89.000000

-355.655792 16.940796 -32.514313 90.000000 90.000000 89.000000

-355.655792 106.940796 -32.514313 90.000000 90.000000 89.000000

-355.655792 196.440796 -32.514313 90.000000 89.000000 89.000000

-445.155792 -72.559204 -32.514313 89.000000 89.000000 89.000000

-445.155792 16.940796 -32.514313 89.000000 90.000000 89.000000

-445.155792 106.940796 -32.514313 89.000000 90.000000 89.000000

-445.155792 196.440796 -32.514313 89.000000 89.000000 89.000000

-355.655792 106.940796 56.985687 90.000000 90.000000 90.000000

-355.655792 106.940796 146.485687 90.000000 90.000000 89.000000

-445.155792 106.940796 56.985687 89.000000 90.000000 90.000000

-445.155792 106.940796 146.485687 89.000000 90.000000 89.000000

-355.655792 196.440796 56.985687 90.000000 89.000000 90.000000

-445.155792 196.440796 56.985687 89.000000 89.000000 90.000000

-445.155792 196.440796 146.485687 89.000000 89.000000 89.000000

-355.655792 196.440796 146.485687 90.000000 89.000000 89.000000

-355.655792 16.940796 56.985687 90.000000 90.000000 90.000000

-355.655792 16.940796 146.485687 90.000000 90.000000 89.000000

-355.655792 -73.059204 56.985687 90.000000 90.000000 90.000000

-355.655792 -73.059204 146.485687 90.000000 90.000000 89.000000

-356.155792 -162.559204 57.485687 89.000000 89.000000 89.000000

-356.155792 -162.559204 146.485687 89.000000 89.000000 89.000000

-445.155792 16.940796 56.985687 89.000000 90.000000 90.000000

-445.155792 -73.059204 56.985687 89.000000 90.000000 90.000000

-445.155792 -162.559204 57.485687 89.000000 89.000000 89.000000

-445.155792 16.940796 146.485687 89.000000 90.000000 89.000000

-445.155792 -162.559204 146.485687 89.000000 89.000000 89.000000

-445.155792 -73.059204 146.485687 89.000000 90.000000 89.000000

274.344208 -72.559204 146.485687 88.000000 89.000000 89.000000
230.295364 -64.394073 122.434212 0.000000 1.000000 0.000000 
-85.655792 106.940796 146.485687 90.000000 90.000000 89.000000
-52.519379 84.154839 147.315186 0.000000 0.000000 1.000000 -78.892471 64.959206 147.964081 0.000000 0.000000 1.000000 
4.344208 107.440796 146.485687 90.000000 89.000000 89.000000
3.808040 98.875298 137.414490 -1.000000 -0.000000 -0.000000 24.226334 92.522774 149.820908 -0.000000 -0.000000 1.000000 59.946609 84.289673 148.423737 -0.000000 -0.000000 1.000000 -16.591122 92.471855 149.779404 0.000000 0.000000 1.000000 -52.519379 84.154839 147.315186 0.000000 0.000000 1.000000 3.427454 118.145203 112.875305 -1.000000 -0.000000 -0.000000 3.887648 82.081757 188.563324 -1.000000 -0.000000 -0.000000 
4.344208 107.440796 146.485687 90.000000 89.000000 89.000000
3.808040 98.875298 137.414490 1.000000 0.000000 0.000000 24.226334 92.522774 149.820908 0.000000 0.000000 -1.000000 59.946609 84.289673 148.423737 -0.000000 -0.000000 1.000000 -16.591122 92.471855 149.779404 -0.000000 -0.000000 -1.000000 -52.519379 84.154839 147.315186 0.000000 0.000000 1.000000 3.427454 118.145203 112.875305 1.000000 0.000000 0.000000 3.887648 82.081757 188.563324 1.000000 0.000000 0.000000 
4.344208 107.440796 146.485687 90.000000 89.000000 89.000000
3.808040 98.875298 137.414490 1.000000 0.000000 0.000000 24.226334 92.522774 149.820908 -0.000000 -0.000000 1.000000 59.946609 84.289673 148.423737 -0.000000 -0.000000 1.000000 -16.591122 92.471855 149.779404 0.000000 0.000000 1.000000 -52.519379 84.154839 147.315186 0.000000 0.000000 1.000000 3.427454 118.145203 112.875305 1.000000 0.000000 0.000000 3.887648 82.081757 188.563324 1.000000 0.000000 0.000000 
94.344208 106.940796 146.985687 90.000000 90.000000 88.000000
59.946609 84.289673 148.423737 -0.000000 -0.000000 1.000000 86.067612 65.153275 148.122421 0.000000 0.000000 -1.000000 
94.344208 106.940796 146.985687 90.000000 90.000000 88.000000
59.946609 84.289673 148.423737 -0.000000 -0.000000 1.000000 86.067612 65.153275 148.122421 -0.000000 -0.000000 1.000000 
184.344208 17.440796 146.985687 90.000000 89.000000 88.000000
141.314987 -32.801620 151.848297 -0.000000 -0.000000 1.000000 
274.344208 16.940796 -212.514313 90.000000 90.000000 89.000000
269.224976 -6.080507 -221.463379 0.000000 0.000000 1.000000 347.878052 -17.255974 -221.340668 0.000000 0.000000 1.000000 
364.344208 16.940796 -212.514313 90.000000 90.000000 89.000000
347.878052 -17.255974 -221.340668 0.000000 0.000000 1.000000 404.438110 -33.360336 -221.232559 0.000000 0.000000 1.000000 
453.844208 16.940796 -212.514313 89.000000 90.000000 89.000000
404.438110 -33.360336 -221.232559 0.000000 0.000000 1.000000 
274.844208 16.940796 -123.014313 89.000000 90.000000 90.000000

364.344208 16.940796 -123.014313 90.000000 90.000000 90.000000

453.844208 16.940796 -123.014313 89.000000 90.000000 90.000000

184.844208 107.440796 -123.014313 89.000000 89.000000 90.000000

274.344208 106.940796 -123.014313 90.000000 90.000000 90.000000

364.344208 106.940796 -123.014313 90.000000 90.000000 90.000000

453.844208 106.940796 -123.014313 89.000000 90.000000 90.000000

94.344208 196.940796 -123.014313 90.000000 88.000000 90.000000

184.344208 196.440796 -123.014313 90.000000 89.000000 90.000000

274.344208 196.440796 -123.014313 90.000000 89.000000 90.000000

364.344208 196.440796 -123.014313 90.000000 89.000000 90.000000

453.844208 196.440796 -123.014313 89.000000 89.000000 90.000000

94.844208 196.440796 -212.514313 89.000000 89.000000 89.000000

184.344208 106.940796 -212.514313 90.000000 90.000000 89.000000

184.344208 196.440796 -212.514313 90.000000 89.000000 89.000000

274.344208 106.940796 -212.514313 90.000000 90.000000 89.000000

274.344208 196.440796 -212.514313 90.000000 89.000000 89.000000

364.344208 106.940796 -212.514313 90.000000 90.000000 89.000000

364.344208 196.440796 -212.514313 90.000000 89.000000 89.000000

453.844208 106.940796 -212.514313 89.000000 90.000000 89.000000

453.844208 196.440796 -212.514313 89.000000 89.000000 89.000000

-85.655792 196.440796 -32.514313 90.000000 89.000000 89.000000

-85.655792 196.440796 56.985687 90.000000 89.000000 90.000000

-85.655792 196.440796 146.485687 90.000000 89.000000 89.000000

4.344208 196.440796 -33.014313 90.000000 89.000000 90.000000

4.344208 196.440796 56.985687 90.000000 89.000000 90.000000

4.344208 196.440796 146.485687 90.000000 89.000000 89.000000

94.344208 196.940796 -33.014313 90.000000 88.000000 90.000000

94.344208 196.940796 56.985687 90.000000 88.000000 90.000000

94.344208 196.440796 146.485687 90.000000 89.000000 89.000000

184.844208 107.440796 -33.014313 89.000000 89.000000 90.000000

184.344208 196.440796 -33.014313 90.000000 89.000000 90.000000

184.844208 107.440796 56.985687 89.000000 89.000000 90.000000

184.344208 196.440796 56.985687 90.000000 89.000000 90.000000

184.344208 106.940796 146.485687 90.000000 90.000000 89.000000

184.344208 196.440796 146.485687 90.000000 89.000000 89.000000

274.844208 16.940796 -33.014313 89.000000 90.000000 90.000000

274.344208 106.940796 -33.014313 90.000000 90.000000 90.000000

274.344208 196.440796 -33.014313 90.000000 89.000000 90.000000

274.844208 16.940796 56.985687 89.000000 90.000000 90.000000

274.344208 106.940796 56.985687 90.000000 90.000000 90.000000

274.344208 196.440796 56.985687 90.000000 89.000000 90.000000

274.344208 16.940796 146.485687 90.000000 90.000000 89.000000

274.344208 106.940796 146.485687 90.000000 90.000000 89.000000

274.344208 196.440796 146.485687 90.000000 89.000000 89.000000

364.344208 16.940796 -33.014313 90.000000 90.000000 90.000000

453.844208 17.440796 -33.014313 89.000000 89.000000 90.000000

364.344208 17.440796 56.985687 90.000000 89.000000 90.000000

453.844208 17.440796 56.985687 89.000000 89.000000 90.000000

364.344208 17.440796 146.485687 90.000000 89.000000 89.000000

453.844208 17.440796 146.485687 89.000000 89.000000 89.000000

364.344208 106.940796 -33.014313 90.000000 90.000000 90.000000

364.344208 196.440796 -33.014313 90.000000 89.000000 90.000000

364.344208 106.940796 56.985687 90.000000 90.000000 90.000000

364.344208 196.440796 56.985687 90.000000 89.000000 90.000000

364.344208 106.940796 146.485687 90.000000 90.000000 89.000000

364.344208 196.440796 146.485687 90.000000 89.000000 89.000000

453.844208 106.940796 -33.014313 89.000000 90.000000 90.000000

453.844208 196.440796 -33.014313 89.000000 89.000000 90.000000

453.844208 106.940796 56.985687 89.000000 90.000000 90.000000

453.844208 196.440796 56.985687 89.000000 89.000000 90.000000

453.844208 106.940796 146.485687 89.000000 90.000000 89.000000

453.844208 196.440796 146.485687 89.000000 89.000000 89.000000

107
-85.655792 16.440796 56.485687 88.000000 89.000000 89.000000
-108.986977 -1.342682 53.062897 0.000000 -1.000000 0.000000 
-85.655792 16.440796 -33.014313 88.000000 89.000000 90.000000
-103.820114 49.407288 -44.155487 -0.000000 -0.000000 1.000000 -109.967361 17.959980 -43.767666 -0.000000 -0.000000 1.000000 -109.707901 -1.298457 -133.218628 -0.000000 -1.000000 -0.000000 -108.986977 -1.342682 53.062897 0.000000 -1.000000 0.000000 
-85.655792 16.440796 -212.514313 88.000000 89.000000 89.000000
-98.068138 55.760853 -221.709122 -0.000000 -0.000000 1.000000 -107.940849 20.963224 -221.830963 -0.000000 -0.000000 1.000000 -163.830322 -1.298038 -221.922455 -0.000000 -0.000000 1.000000 -109.707901 -1.298457 -133.218628 -0.000000 -1.000000 -0.000000 
-85.655792 16.440796 -123.014313 88.000000 89.000000 90.000000
-109.707901 -1.298457 -133.218628 -0.000000 -1.000000 -0.000000 
-85.655792 16.440796 -33.014313 88.000000 89.000000 90.000000
-103.820114 49.407288 -44.155487 0.000000 0.000000 -1.000000 -109.967361 17.959980 -43.767666 0.000000 0.000000 -1.000000 -109.707901 -1.298457 -133.218628 -0.000000 -1.000000 -0.000000 -108.986977 -1.342682 53.062897 0.000000 -1.000000 0.000000 
94.844208 16.440796 -122.514313 89.000000 89.000000 89.000000
117.029434 -1.032331 -132.998291 -0.000000 -1.000000 -0.000000 
94.844208 16.440796 -33.014313 89.000000 89.000000 90.000000
110.444489 49.663120 -43.948494 -0.000000 -0.000000 -1.000000 116.978607 18.230213 -43.547485 -0.000000 -0.000000 -1.000000 117.029434 -1.032331 -132.998291 -0.000000 -1.000000 -0.000000 115.944511 -0.079059 53.282448 0.000000 1.000000 0.000000 
94.844208 16.440796 56.485687 89.000000 89.000000 89.000000
115.944511 -0.079059 53.282448 -0.000000 -1.000000 -0.000000 
94.844208 16.440796 -33.014313 89.000000 89.000000 90.000000
110.444489 49.663120 -43.948494 0.000000 0.000000 1.000000 116.978607 18.230213 -43.547485 0.000000 0.000000 1.000000 117.029434 -1.032331 -132.998291 -0.000000 -1.000000 -0.000000 115.944511 -0.079059 53.282448 -0.000000 -1.000000 -0.000000 
94.844208 16.440796 -33.014313 89.000000 89.000000 90.000000
110.444489 49.663120 -43.948494 -0.000000 -0.000000 -1.000000 116.978607 18.230213 -43.547485 -0.000000 -0.000000 -1.000000 117.029434 -1.032331 -132.998291 -0.000000 -1.000000 -0.000000 115.944511 -0.079059 53.282448 -0.000000 -1.000000 -0.000000 
184.344208 -73.059204 56.985687 90.000000 90.000000 90.000000

184.344208 -73.059204 -33.014313 90.000000 90.000000 90.000000

183.844208 16.440796 56.485687 89.000000 89.000000 89.000000

183.844208 -73.059204 -122.514313 89.000000 90.000000 89.000000

183.844208 16.440796 -122.514313 89.000000 89.000000 89.000000

183.844208 16.440796 -33.014313 89.000000 89.000000 90.000000

184.844208 -73.559204 146.485687 89.000000 89.000000 89.000000
151.526077 -52.853165 151.919876 0.000000 0.000000 -1.000000 184.087189 -66.582504 147.052444 -0.000000 -1.000000 -0.000000 230.295364 -66.394073 122.434212 -0.000000 -1.000000 -0.000000 148.036041 -65.653801 171.310577 0.000000 -1.000000 0.000000 144.533203 -82.081863 152.658295 0.000000 0.000000 -1.000000 141.314987 -32.801620 151.848297 0.000000 0.000000 -1.000000 
184.844208 -73.559204 146.485687 89.000000 89.000000 89.000000
151.526077 -52.853165 151.919876 0.000000 0.000000 -1.000000 184.087189 -66.582504 147.052444 -0.000000 -1.000000 -0.000000 230.295364 -66.394073 122.434212 -0.000000 -1.000000 -0.000000 148.036041 -65.653801 171.310577 0.000000 -1.000000 0.000000 144.533203 -82.081863 152.658295 0.000000 0.000000 -1.000000 141.314987 -32.801620 151.848297 -0.000000 -0.000000 1.000000 
274.344208 -73.559204 146.485687 90.000000 89.000000 89.000000
230.295364 -66.394073 122.434212 -0.000000 -1.000000 -0.000000 
274.344208 -73.559204 56.985687 90.000000 89.000000 90.000000
249.522552 -66.255112 79.318176 -0.000000 -1.000000 -0.000000 257.675873 -66.154221 29.172729 -0.000000 -1.000000 -0.000000 
274.344208 -73.559204 -32.514313 90.000000 89.000000 89.000000
257.675873 -66.154221 29.172729 -0.000000 -1.000000 -0.000000 270.661163 -66.078003 -16.519934 -0.000000 -1.000000 -0.000000 307.878845 -65.961700 -56.222870 -0.000000 -1.000000 -0.000000 
364.844208 -73.559204 -122.514313 89.000000 89.000000 89.000000
357.509094 -65.772614 -81.181244 -0.000000 -1.000000 -0.000000 396.195801 -65.550186 -91.850449 -0.000000 -1.000000 -0.000000 
453.844208 -73.559204 -122.514313 89.000000 89.000000 89.000000
396.195801 -65.550186 -91.850449 -0.000000 -1.000000 -0.000000 423.763031 -65.340057 -115.055161 -0.000000 -1.000000 -0.000000 440.021484 -65.187744 -177.625275 -0.000000 -1.000000 -0.000000 
184.344208 -162.559204 -123.014313 90.000000 89.000000 90.000000

184.344208 -162.559204 -33.014313 90.000000 89.000000 90.000000

184.344208 -162.559204 56.985687 90.000000 89.000000 90.000000

184.844208 -162.559204 146.485687 89.000000 89.000000 89.000000

364.344208 -73.559204 -33.014313 90.000000 89.000000 90.000000
307.878845 -65.961700 -56.222870 -0.000000 -1.000000 -0.000000 357.509094 -65.772614 -81.181244 -0.000000 -1.000000 -0.000000 
453.844208 -73.559204 -33.014313 89.000000 89.000000 90.000000

364.344208 -73.559204 56.985687 90.000000 89.000000 90.000000

453.844208 -73.559204 56.985687 89.000000 89.000000 90.000000

364.344208 -73.559204 146.485687 90.000000 89.000000 89.000000

453.844208 -73.559204 146.485687 89.000000 89.000000 89.000000

274.344208 -163.059204 -212.514313 90.000000 88.000000 89.000000

274.344208 -163.059204 -123.014313 90.000000 88.000000 90.000000

274.344208 -162.559204 -33.014313 90.000000 89.000000 90.000000

274.344208 -162.559204 56.985687 90.000000 89.000000 90.000000

274.344208 -162.559204 146.485687 90.000000 89.000000 89.000000

364.344208 -162.559204 -123.014313 90.000000 89.000000 90.000000

453.844208 -162.559204 -123.014313 89.000000 89.000000 90.000000

364.344208 -163.059204 -212.514313 90.000000 88.000000 89.000000

453.844208 -163.059204 -212.514313 89.000000 88.000000 89.000000

364.344208 -162.559204 -33.014313 90.000000 89.000000 90.000000

364.344208 -162.559204 56.985687 90.000000 89.000000 90.000000

364.344208 -162.559204 146.485687 90.000000 89.000000 89.000000

453.844208 -162.559204 -33.014313 89.000000 89.000000 90.000000

453.844208 -162.559204 56.985687 89.000000 89.000000 90.000000

453.844208 -162.559204 146.485687 89.000000 89.000000 89.000000

94.844208 -73.059204 56.485687 89.000000 90.000000 89.000000

94.844208 -73.059204 -33.014313 89.000000 90.000000 90.000000

94.844208 -73.059204 -123.014313 89.000000 90.000000 90.000000

-86.155792 -73.059204 56.485687 89.000000 90.000000 89.000000

-85.655792 -73.059204 -33.014313 88.000000 90.000000 90.000000

-85.655792 -73.059204 -123.014313 88.000000 90.000000 90.000000

-85.155792 -73.059204 -212.514313 89.000000 90.000000 89.000000
-218.302216 -64.669662 -222.070526 -0.000000 -0.000000 1.000000 
-445.655792 -73.559204 -212.514313 88.000000 89.000000 89.000000
-432.455811 -66.232117 -178.459900 0.000000 -1.000000 0.000000 -396.861298 -34.315178 -222.004623 -0.000000 -0.000000 1.000000 -428.444519 -54.352905 -221.974976 -0.000000 -0.000000 1.000000 -218.302216 -64.669662 -222.070526 -0.000000 -0.000000 1.000000 
-445.155792 -73.559204 -123.514313 89.000000 89.000000 89.000000
-416.323486 -66.341827 -115.857727 0.000000 -1.000000 0.000000 -432.455811 -66.232117 -178.459900 0.000000 -1.000000 0.000000 
-356.155792 -73.559204 -122.514313 89.000000 89.000000 89.000000
-350.133118 -66.614471 -81.863831 0.000000 -1.000000 0.000000 -388.805237 -66.484604 -92.600708 0.000000 -1.000000 0.000000 
-355.155792 -73.559204 -33.514313 89.000000 89.000000 89.000000
-300.546875 -66.687660 -56.813713 0.000000 -1.000000 0.000000 -350.133118 -66.614471 -81.863831 0.000000 -1.000000 0.000000 
-266.155792 -73.559204 -32.514313 89.000000 89.000000 89.000000
-250.515045 -66.762482 28.688026 0.000000 -1.000000 0.000000 -263.410278 -66.716911 -17.034054 0.000000 -1.000000 0.000000 -300.546875 -66.687660 -56.813713 0.000000 -1.000000 0.000000 
93.844208 -73.559204 -212.514313 89.000000 89.000000 89.000000
223.170624 -64.140900 -221.649078 0.000000 0.000000 1.000000 
4.344208 -163.059204 -33.014313 90.000000 88.000000 90.000000
2.974281 -123.569588 -60.497337 1.000000 0.000000 0.000000 3.290333 -131.917236 28.882320 1.000000 0.000000 0.000000 
4.344208 -73.559204 -213.014313 90.000000 89.000000 88.000000
1.192278 -80.702766 -199.211182 1.000000 0.000000 0.000000 1.555018 -107.570694 -140.908630 1.000000 0.000000 0.000000 -218.302216 -64.669662 -222.070526 -0.000000 -0.000000 1.000000 223.170624 -64.140900 -221.649078 0.000000 0.000000 1.000000 
4.344208 -73.559204 -213.014313 90.000000 89.000000 88.000000
1.192278 -80.702766 -199.211182 -1.000000 -0.000000 -0.000000 1.555018 -107.570694 -140.908630 -1.000000 -0.000000 -0.000000 -218.302216 -64.669662 -222.070526 -0.000000 -0.000000 1.000000 223.170624 -64.140900 -221.649078 0.000000 0.000000 1.000000 
4.344208 -73.559204 -213.014313 90.000000 89.000000 88.000000
1.192278 -80.702766 -199.211182 -1.000000 -0.000000 -0.000000 1.555018 -107.570694 -140.908630 -1.000000 -0.000000 -0.000000 -218.302216 -64.669662 -222.070526 -0.000000 -0.000000 1.000000 223.170624 -64.140900 -221.649078 -0.000000 -0.000000 -1.000000 
94.344208 -162.559204 56.485687 90.000000 89.000000 89.000000

94.344208 -162.559204 -33.014313 90.000000 89.000000 90.000000

-85.655792 -162.559204 56.985687 90.000000 89.000000 90.000000

94.344208 -162.559204 -123.014313 90.000000 89.000000 90.000000

4.344208 -163.059204 -123.014313 90.000000 88.000000 90.000000
1.555018 -107.570694 -140.908630 1.000000 0.000000 0.000000 2.974281 -123.569588 -60.497337 1.000000 0.000000 0.000000 
4.344208 -73.559204 -213.014313 90.000000 89.000000 88.000000
1.192278 -80.702766 -199.211182 1.000000 0.000000 0.000000 1.555018 -107.570694 -140.908630 -1.000000 -0.000000 -0.000000 -218.302216 -64.669662 -222.070526 -0.000000 -0.000000 1.000000 223.170624 -64.140900 -221.649078 0.000000 0.000000 1.000000 
4.344208 -73.559204 -213.014313 90.000000 89.000000 88.000000
1.192278 -80.702766 -199.211182 1.000000 0.000000 0.000000 1.555018 -107.570694 -140.908630 -1.000000 -0.000000 -0.000000 -218.302216 -64.669662 -222.070526 -0.000000 -0.000000 1.000000 223.170624 -64.140900 -221.649078 -0.000000 -0.000000 -1.000000 
4.344208 -73.559204 -213.014313 90.000000 89.000000 88.000000
1.192278 -80.702766 -199.211182 1.000000 0.000000 0.000000 1.555018 -107.570694 -140.908630 -1.000000 -0.000000 -0.000000 -218.302216 -64.669662 -222.070526 0.000000 0.000000 -1.000000 223.170624 -64.140900 -221.649078 -0.000000 -0.000000 -1.000000 
184.344208 -163.059204 -212.514313 90.000000 88.000000 89.000000

94.344208 -162.559204 -212.514313 90.000000 89.000000 89.000000

4.344208 -162.559204 -212.514313 90.000000 89.000000 89.000000

-85.655792 -162.559204 -33.014313 90.000000 89.000000 90.000000

-85.655792 -162.559204 -123.014313 90.000000 89.000000 90.000000

-85.655792 -162.559204 -212.514313 90.000000 89.000000 89.000000

-175.655792 -163.059204 -33.014313 90.000000 88.000000 90.000000

-175.655792 -163.059204 -123.014313 90.000000 88.000000 90.000000

-175.655792 -163.059204 -212.514313 90.000000 88.000000 89.000000

-265.655792 -162.559204 -33.014313 90.000000 89.000000 90.000000

-355.655792 -162.559204 -33.514313 90.000000 89.000000 89.000000

-445.155792 -163.059204 -33.514313 89.000000 88.000000 89.000000

-265.655792 -163.059204 -123.014313 90.000000 88.000000 90.000000

-265.655792 -163.059204 -212.514313 90.000000 88.000000 89.000000

-355.655792 -162.559204 -123.014313 90.000000 89.000000 90.000000

-355.655792 -163.059204 -212.514313 90.000000 88.000000 89.000000

-445.155792 -162.559204 -212.514313 89.000000 89.000000 89.000000

-445.155792 -162.559204 -123.014313 89.000000 89.000000 90.000000

-175.655792 -73.559204 57.485687 90.000000 89.000000 89.000000

-265.155792 -73.559204 56.985687 89.000000 89.000000 90.000000
-242.452972 -66.845261 78.843903 0.000000 -1.000000 0.000000 -250.515045 -66.762482 28.688026 0.000000 -1.000000 0.000000 
-265.155792 -73.559204 146.485687 89.000000 89.000000 89.000000
-223.305878 -66.936996 121.992981 0.000000 -1.000000 0.000000 
-176.155792 -73.559204 146.485687 89.000000 89.000000 89.000000
-144.626587 -53.210449 152.628021 -0.000000 -0.000000 -1.000000 -177.147217 -67.018372 146.698608 0.000000 -1.000000 0.000000 -223.305878 -66.936996 121.992981 0.000000 -1.000000 0.000000 -141.143326 -66.000397 171.029068 -0.000000 -1.000000 -0.000000 -138.011414 -82.421936 153.382858 -0.000000 -0.000000 -1.000000 -134.460358 -33.130760 151.582977 -0.000000 -0.000000 -1.000000 
-176.155792 -73.559204 146.485687 89.000000 89.000000 89.000000
-144.626587 -53.210449 152.628021 -0.000000 -0.000000 -1.000000 -177.147217 -67.018372 146.698608 0.000000 -1.000000 0.000000 -223.305878 -66.936996 121.992981 0.000000 -1.000000 0.000000 -141.143326 -66.000397 171.029068 -0.000000 -1.000000 -0.000000 -138.011414 -82.421936 153.382858 -0.000000 -0.000000 -1.000000 -134.460358 -33.130760 151.582977 0.000000 0.000000 1.000000 
-265.155792 -162.559204 56.985687 89.000000 89.000000 90.000000

-265.155792 -162.559204 146.485687 89.000000 89.000000 89.000000

-175.655792 -162.559204 56.985687 90.000000 89.000000 90.000000

-85.655792 -163.059204 146.485687 90.000000 88.000000 89.000000
-85.073128 -122.350967 155.122284 0.000000 0.000000 1.000000 -30.739033 -133.102417 154.104599 0.000000 0.000000 1.000000 
-175.655792 -162.559204 146.485687 90.000000 89.000000 89.000000

-176.155792 -73.559204 146.485687 89.000000 89.000000 89.000000
-144.626587 -53.210449 152.628021 0.000000 0.000000 1.000000 -177.147217 -67.018372 146.698608 0.000000 -1.000000 0.000000 -223.305878 -66.936996 121.992981 0.000000 -1.000000 0.000000 -141.143326 -66.000397 171.029068 -0.000000 -1.000000 -0.000000 -138.011414 -82.421936 153.382858 0.000000 0.000000 1.000000 -134.460358 -33.130760 151.582977 0.000000 0.000000 1.000000 
4.344208 -163.059204 56.985687 90.000000 88.000000 90.000000
3.290333 -131.917236 28.882320 1.000000 0.000000 0.000000 2.348575 -135.816574 114.098434 1.000000 0.000000 0.000000 
3.844208 -163.059204 146.485687 89.000000 88.000000 89.000000
35.453289 -133.026154 154.167053 0.000000 0.000000 -1.000000 -30.739033 -133.102417 154.104599 -0.000000 -0.000000 -1.000000 2.348575 -135.816574 114.098434 1.000000 0.000000 0.000000 1.468853 -137.658661 260.038940 -0.000000 -1.000000 -0.000000 
3.844208 -163.059204 146.485687 89.000000 88.000000 89.000000
35.453289 -133.026154 154.167053 0.000000 0.000000 -1.000000 -30.739033 -133.102417 154.104599 -0.000000 -0.000000 -1.000000 2.348575 -135.816574 114.098434 1.000000 0.000000 0.000000 1.468853 -137.658661 260.038940 0.000000 1.000000 0.000000 
3.844208 -163.059204 146.485687 89.000000 88.000000 89.000000
35.453289 -133.026154 154.167053 -0.000000 -0.000000 1.000000 -30.739033 -133.102417 154.104599 0.000000 0.000000 1.000000 2.348575 -135.816574 114.098434 -1.000000 -0.000000 -0.000000 1.468853 -137.658661 260.038940 -0.000000 -1.000000 -0.000000 
3.844208 -163.059204 146.485687 89.000000 88.000000 89.000000
35.453289 -133.026154 154.167053 -0.000000 -0.000000 1.000000 -30.739033 -133.102417 154.104599 0.000000 0.000000 1.000000 2.348575 -135.816574 114.098434 1.000000 0.000000 0.000000 1.468853 -137.658661 260.038940 -0.000000 -1.000000 -0.000000 
18
4.344208 16.440796 -122.514313 88.000000 89.000000 89.000000

4.344208 16.440796 -33.014313 88.000000 89.000000 90.000000

4.344208 16.440796 56.985687 88.000000 89.000000 90.000000

4.344208 16.440796 146.485687 88.000000 89.000000 89.000000

183.844208 -73.059204 146.985687 89.000000 88.000000 88.000000
151.526077 -52.853165 152.919876 -0.000000 -0.000000 1.000000 184.087189 -65.582504 147.052444 -0.000000 -1.000000 -0.000000 230.295364 -65.394073 122.434212 -0.000000 -1.000000 -0.000000 148.036041 -64.653801 171.310577 0.000000 -1.000000 0.000000 144.533203 -82.081863 153.658295 -0.000000 -0.000000 1.000000 141.314987 -32.801620 152.848297 -0.000000 -0.000000 1.000000 
183.844208 -73.059204 146.985687 89.000000 88.000000 88.000000
151.526077 -52.853165 152.919876 0.000000 0.000000 -1.000000 184.087189 -65.582504 147.052444 0.000000 1.000000 0.000000 230.295364 -65.394073 122.434212 0.000000 1.000000 0.000000 148.036041 -64.653801 171.310577 -0.000000 1.000000 -0.000000 144.533203 -82.081863 153.658295 0.000000 0.000000 -1.000000 141.314987 -32.801620 152.848297 -0.000000 -0.000000 1.000000 
183.844208 -73.059204 146.985687 89.000000 88.000000 88.000000
151.526077 -52.853165 152.919876 -0.000000 -0.000000 1.000000 184.087189 -65.582504 147.052444 0.000000 1.000000 0.000000 230.295364 -65.394073 122.434212 0.000000 1.000000 0.000000 148.036041 -64.653801 171.310577 -0.000000 1.000000 -0.000000 144.533203 -82.081863 153.658295 -0.000000 -0.000000 1.000000 141.314987 -32.801620 152.848297 -0.000000 -0.000000 1.000000 
94.344208 -162.559204 146.985687 88.000000 89.000000 88.000000
90.201904 -122.146164 155.293686 -0.000000 -0.000000 1.000000 35.453289 -133.026154 155.167053 -0.000000 -0.000000 1.000000 
94.344208 -73.559204 146.985687 90.000000 89.000000 88.000000
124.305328 -106.881607 155.144287 -0.000000 -0.000000 1.000000 90.201904 -122.146164 155.293686 -0.000000 -0.000000 1.000000 144.533203 -82.081863 153.658295 -0.000000 -0.000000 1.000000 141.314987 -32.801620 152.848297 -0.000000 -0.000000 1.000000 
4.344208 -72.559204 -122.514313 88.000000 89.000000 89.000000
2.555018 -107.570694 -140.908630 1.000000 0.000000 0.000000 1.974281 -123.569588 -60.497337 1.000000 0.000000 0.000000 
4.344208 -72.559204 -33.014313 88.000000 89.000000 90.000000
1.974281 -123.569588 -60.497337 1.000000 0.000000 0.000000 
4.344208 -72.559204 -33.014313 88.000000 89.000000 90.000000
1.974281 -123.569588 -60.497337 -1.000000 -0.000000 -0.000000 
4.344208 -72.559204 56.985687 88.000000 89.000000 90.000000

4.344208 -72.559204 146.485687 90.000000 89.000000 89.000000

-175.155792 -73.059204 146.985687 89.000000 88.000000 88.000000
-144.626587 -53.210449 152.628021 -0.000000 -0.000000 -1.000000 -177.147217 -65.018372 146.698608 -0.000000 1.000000 -0.000000 -223.305878 -64.936996 121.992981 -0.000000 1.000000 -0.000000 -141.143326 -64.000397 171.029068 0.000000 1.000000 0.000000 -138.011414 -82.421936 153.382858 -0.000000 -0.000000 -1.000000 -134.460358 -33.130760 152.582977 0.000000 0.000000 1.000000 
-175.155792 -73.059204 146.985687 89.000000 88.000000 88.000000
-144.626587 -53.210449 152.628021 0.000000 0.000000 1.000000 -177.147217 -65.018372 146.698608 -0.000000 1.000000 -0.000000 -223.305878 -64.936996 121.992981 -0.000000 1.000000 -0.000000 -141.143326 -64.000397 171.029068 0.000000 1.000000 0.000000 -138.011414 -82.421936 153.382858 0.000000 0.000000 1.000000 -134.460358 -33.130760 152.582977 0.000000 0.000000 1.000000 
-85.655792 -73.059204 146.985687 90.000000 88.000000 88.000000
-118.535263 -107.168861 154.907089 0.000000 0.000000 1.000000 -85.073128 -122.350967 154.122284 -0.000000 -0.000000 -1.000000 -138.011414 -82.421936 153.382858 0.000000 0.000000 1.000000 -134.460358 -33.130760 152.582977 0.000000 0.000000 1.000000 
-85.655792 -73.059204 146.985687 90.000000 88.000000 88.000000
-118.535263 -107.168861 154.907089 0.000000 0.000000 1.000000 -85.073128 -122.350967 154.122284 0.000000 0.000000 1.000000 -138.011414 -82.421936 153.382858 0.000000 0.000000 1.000000 -134.460358 -33.130760 152.582977 0.000000 0.000000 1.000000 
38
-176.155792 -72.559204 -123.514313 89.000000 89.000000 89.000000

-176.155792 -72.559204 -212.514313 89.000000 89.000000 89.000000
-218.302216 -64.669662 -221.070526 -0.000000 -0.000000 1.000000 
-265.655792 -72.559204 -123.514313 90.000000 89.000000 89.000000

-265.655792 -72.559204 -212.514313 90.000000 89.000000 89.000000
-218.302216 -64.669662 -221.070526 -0.000000 -0.000000 1.000000 
-355.655792 -72.559204 -212.514313 90.000000 89.000000 89.000000
-340.339722 -18.078896 -222.003876 -0.000000 -0.000000 1.000000 -396.861298 -34.315178 -222.004623 -0.000000 -0.000000 1.000000 -218.302216 -64.669662 -221.070526 -0.000000 -0.000000 1.000000 
-355.655792 -72.559204 -123.514313 90.000000 89.000000 89.000000
-350.133118 -64.614471 -81.863831 -0.000000 1.000000 -0.000000 -388.805237 -64.484604 -92.600708 -0.000000 1.000000 -0.000000 
-445.155792 -72.559204 -212.514313 89.000000 89.000000 89.000000
-432.455811 -64.232117 -178.459900 -0.000000 1.000000 -0.000000 -396.861298 -34.315178 -222.004623 -0.000000 -0.000000 1.000000 -428.444519 -54.352905 -221.974976 -0.000000 -0.000000 1.000000 -218.302216 -64.669662 -221.070526 -0.000000 -0.000000 1.000000 
-86.155792 17.440796 -212.514313 89.000000 89.000000 89.000000
-98.068138 55.760853 -221.709122 -0.000000 -0.000000 1.000000 -107.940849 20.963224 -221.830963 -0.000000 -0.000000 1.000000 -163.830322 -1.298038 -221.922455 -0.000000 -0.000000 1.000000 -109.707901 0.701543 -133.218628 0.000000 1.000000 0.000000 
-445.155792 -72.559204 -123.514313 89.000000 89.000000 89.000000
-416.323486 -64.341827 -115.857727 -0.000000 1.000000 -0.000000 -432.455811 -64.232117 -178.459900 -0.000000 1.000000 -0.000000 
-86.155792 17.440796 -123.514313 89.000000 89.000000 89.000000
-109.707901 0.701543 -133.218628 0.000000 1.000000 0.000000 
-86.155792 106.940796 -123.514313 89.000000 90.000000 89.000000

-86.155792 106.940796 -212.514313 89.000000 90.000000 89.000000
-57.830364 88.160721 -221.356964 -0.000000 -0.000000 1.000000 -80.161057 77.074661 -221.553787 -0.000000 -0.000000 1.000000 -98.068138 55.760853 -221.709122 -0.000000 -0.000000 1.000000 
-175.655792 16.940796 -123.514313 90.000000 90.000000 89.000000

-175.655792 16.940796 -212.514313 90.000000 90.000000 89.000000
-163.830322 -1.298038 -221.922455 -0.000000 -0.000000 1.000000 
-265.655792 16.940796 -123.514313 90.000000 90.000000 89.000000

-265.655792 16.940796 -212.514313 90.000000 90.000000 89.000000
-261.719788 -6.713340 -221.977722 -0.000000 -0.000000 1.000000 -340.339722 -18.078896 -222.003876 -0.000000 -0.000000 1.000000 
-355.655792 16.940796 -123.514313 90.000000 90.000000 89.000000

-355.655792 16.940796 -212.514313 90.000000 90.000000 89.000000
-340.339722 -18.078896 -222.003876 -0.000000 -0.000000 1.000000 -396.861298 -34.315178 -222.004623 -0.000000 -0.000000 1.000000 
-86.155792 196.440796 -123.514313 89.000000 89.000000 89.000000

-175.655792 106.940796 -123.514313 90.000000 90.000000 89.000000

-175.655792 196.440796 -123.514313 90.000000 89.000000 89.000000

-265.655792 106.940796 -123.514313 90.000000 90.000000 89.000000

-265.655792 196.440796 -123.514313 90.000000 89.000000 89.000000

-355.655792 106.940796 -123.514313 90.000000 90.000000 89.000000

-355.655792 196.440796 -123.514313 90.000000 89.000000 89.000000

-445.155792 16.940796 -123.514313 89.000000 90.000000 89.000000

-445.155792 106.940796 -123.514313 89.000000 90.000000 89.000000

-445.155792 196.440796 -123.514313 89.000000 89.000000 89.000000

-445.155792 16.940796 -212.514313 89.000000 90.000000 89.000000

-86.155792 196.440796 -212.514313 89.000000 89.000000 89.000000

-175.655792 106.940796 -212.514313 90.000000 90.000000 89.000000

-175.655792 196.440796 -212.514313 90.000000 89.000000 89.000000

-265.655792 106.940796 -212.514313 90.000000 90.000000 89.000000

-265.655792 196.440796 -212.514313 90.000000 89.000000 89.000000

-355.655792 106.940796 -212.514313 90.000000 90.000000 89.000000

-355.655792 196.440796 -212.514313 90.000000 89.000000 89.000000

-445.155792 106.940796 -212.514313 89.000000 90.000000 89.000000

-445.155792 196.440796 -212.514313 89.000000 89.000000 89.000000

34
184.344208 16.440796 -213.014313 90.000000 89.000000 88.000000
171.326309 -0.903170 -223.596802 -0.000000 -0.000000 -1.000000 
274.344208 16.440796 -213.014313 90.000000 89.000000 88.000000
269.224976 -6.080507 -223.463379 -0.000000 -0.000000 -1.000000 347.878052 -17.255974 -223.340668 -0.000000 -0.000000 -1.000000 
364.344208 16.440796 -213.014313 90.000000 89.000000 88.000000
347.878052 -17.255974 -223.340668 -0.000000 -0.000000 -1.000000 404.438110 -33.360336 -222.232559 -0.000000 -0.000000 -1.000000 
453.844208 16.440796 -213.014313 89.000000 89.000000 88.000000
404.438110 -33.360336 -222.232559 -0.000000 -0.000000 -1.000000 
364.344208 -72.559204 -213.014313 90.000000 89.000000 88.000000
404.438110 -33.360336 -222.232559 -0.000000 -0.000000 -1.000000 223.170624 -64.140900 -222.649078 -0.000000 -0.000000 -1.000000 
453.844208 -72.559204 -213.014313 89.000000 89.000000 88.000000
440.021484 -64.187744 -177.625275 0.000000 1.000000 0.000000 404.438110 -33.360336 -222.232559 -0.000000 -0.000000 -1.000000 436.067688 -53.320160 -222.144211 -0.000000 -0.000000 -1.000000 223.170624 -64.140900 -222.649078 -0.000000 -0.000000 -1.000000 
453.844208 -72.559204 -213.014313 89.000000 89.000000 88.000000
440.021484 -64.187744 -177.625275 -0.000000 -1.000000 -0.000000 404.438110 -33.360336 -222.232559 -0.000000 -0.000000 -1.000000 436.067688 -53.320160 -222.144211 -0.000000 -0.000000 -1.000000 223.170624 -64.140900 -222.649078 -0.000000 -0.000000 -1.000000 
453.844208 -72.559204 -213.014313 89.000000 89.000000 88.000000
440.021484 -64.187744 -177.625275 -0.000000 -1.000000 -0.000000 404.438110 -33.360336 -222.232559 0.000000 0.000000 1.000000 436.067688 -53.320160 -222.144211 0.000000 0.000000 1.000000 223.170624 -64.140900 -222.649078 -0.000000 -0.000000 -1.000000 
184.344208 -72.559204 -213.014313 90.000000 89.000000 88.000000
223.170624 -64.140900 -222.649078 -0.000000 -0.000000 -1.000000 
274.344208 -72.559204 -213.014313 90.000000 89.000000 88.000000
223.170624 -64.140900 -222.649078 -0.000000 -0.000000 -1.000000 
4.344208 106.940796 -213.014313 90.000000 90.000000 88.000000
26.595650 148.199844 -222.949020 0.000000 0.000000 -1.000000 -21.511660 148.144135 -222.993347 -0.000000 -0.000000 -1.000000 41.961861 92.365280 -222.037262 -0.000000 -0.000000 -1.000000 -34.693451 92.271973 -222.111969 0.000000 0.000000 -1.000000 29.308186 112.464043 -222.927856 0.000000 0.000000 -1.000000 -22.810760 112.400543 -222.975449 -0.000000 -0.000000 -1.000000 
4.344208 106.940796 -213.014313 90.000000 90.000000 88.000000
26.595650 148.199844 -222.949020 0.000000 0.000000 -1.000000 -21.511660 148.144135 -222.993347 -0.000000 -0.000000 -1.000000 41.961861 92.365280 -222.037262 0.000000 0.000000 1.000000 -34.693451 92.271973 -222.111969 -0.000000 -0.000000 1.000000 29.308186 112.464043 -222.927856 0.000000 0.000000 -1.000000 -22.810760 112.400543 -222.975449 -0.000000 -0.000000 -1.000000 
4.344208 196.440796 -213.014313 88.000000 89.000000 88.000000
1.555422 200.077911 -191.157211 -1.000000 0.000000 0.000000 9.428296 197.632111 -222.981079 0.000000 0.000000 -1.000000 21.308409 178.215256 -222.976578 0.000000 0.000000 -1.000000 26.595650 148.199844 -222.949020 0.000000 0.000000 -1.000000 -6.291106 197.611526 -222.995789 -0.000000 -0.000000 -1.000000 -17.407051 178.168762 -223.014252 -0.000000 -0.000000 -1.000000 -21.511660 148.144135 -222.993347 -0.000000 -0.000000 -1.000000 
4.344208 196.440796 -213.014313 88.000000 89.000000 88.000000
1.555422 200.077911 -191.157211 1.000000 -0.000000 -0.000000 9.428296 197.632111 -222.981079 0.000000 0.000000 -1.000000 21.308409 178.215256 -222.976578 0.000000 0.000000 -1.000000 26.595650 148.199844 -222.949020 0.000000 0.000000 -1.000000 -6.291106 197.611526 -222.995789 -0.000000 -0.000000 -1.000000 -17.407051 178.168762 -223.014252 -0.000000 -0.000000 -1.000000 -21.511660 148.144135 -222.993347 -0.000000 -0.000000 -1.000000 
4.344208 16.940796 -213.014313 90.000000 90.000000 88.000000

-85.155792 106.440796 -213.014313 89.000000 89.000000 88.000000
-57.830364 88.160721 -223.356964 0.000000 0.000000 -1.000000 -80.161057 77.074661 -223.553787 0.000000 0.000000 -1.000000 -98.068138 55.760853 -223.709122 0.000000 0.000000 -1.000000 
-85.655792 16.940796 -213.014313 90.000000 90.000000 88.000000
-98.068138 55.760853 -223.709122 0.000000 0.000000 -1.000000 -107.940849 20.963224 -223.830963 0.000000 0.000000 -1.000000 -163.830322 -1.298038 -223.922455 0.000000 0.000000 -1.000000 -109.707901 -0.298457 -133.218628 -0.000000 -1.000000 -0.000000 
-85.655792 16.940796 -213.014313 90.000000 90.000000 88.000000
-98.068138 55.760853 -223.709122 0.000000 0.000000 -1.000000 -107.940849 20.963224 -223.830963 0.000000 0.000000 -1.000000 -163.830322 -1.298038 -223.922455 0.000000 0.000000 -1.000000 -109.707901 -0.298457 -133.218628 0.000000 1.000000 0.000000 
-85.655792 -72.559204 -213.014313 90.000000 89.000000 88.000000
-218.302216 -64.669662 -222.070526 0.000000 0.000000 -1.000000 
4.344208 -72.559204 -213.014313 90.000000 89.000000 88.000000
1.192278 -80.702766 -199.211182 -1.000000 -0.000000 -0.000000 1.555018 -107.570694 -140.908630 -1.000000 -0.000000 -0.000000 -218.302216 -64.669662 -222.070526 0.000000 0.000000 -1.000000 223.170624 -64.140900 -222.649078 -0.000000 -0.000000 -1.000000 
-175.655792 -72.559204 -213.014313 90.000000 89.000000 88.000000
-218.302216 -64.669662 -222.070526 0.000000 0.000000 -1.000000 
-175.655792 16.440796 -213.014313 90.000000 89.000000 88.000000
-163.830322 -1.298038 -223.922455 0.000000 0.000000 -1.000000 
94.344208 -72.559204 -213.014313 90.000000 89.000000 88.000000
223.170624 -64.140900 -222.649078 -0.000000 -0.000000 -1.000000 
4.344208 -72.559204 -213.014313 90.000000 89.000000 88.000000
1.192278 -80.702766 -199.211182 1.000000 0.000000 0.000000 1.555018 -107.570694 -140.908630 1.000000 0.000000 0.000000 -218.302216 -64.669662 -222.070526 0.000000 0.000000 -1.000000 223.170624 -64.140900 -222.649078 -0.000000 -0.000000 -1.000000 
4.344208 -72.559204 -213.014313 90.000000 89.000000 88.000000
1.192278 -80.702766 -199.211182 1.000000 0.000000 0.000000 1.555018 -107.570694 -140.908630 1.000000 0.000000 0.000000 -218.302216 -64.669662 -222.070526 -0.000000 -0.000000 1.000000 223.170624 -64.140900 -222.649078 -0.000000 -0.000000 -1.000000 
93.844208 106.440796 -213.014313 89.000000 89.000000 88.000000
65.110924 88.306946 -223.240356 -0.000000 -0.000000 -1.000000 87.466492 77.272049 -223.396149 -0.000000 -0.000000 -1.000000 105.424179 56.002533 -223.513214 -0.000000 -0.000000 -1.000000 
94.344208 16.940796 -213.014313 90.000000 90.000000 88.000000
105.424179 56.002533 -223.513214 -0.000000 -0.000000 -1.000000 115.387207 21.228216 -223.612778 -0.000000 -0.000000 -1.000000 171.326309 -0.903170 -223.596802 -0.000000 -0.000000 -1.000000 117.029434 -0.032331 -132.998291 -0.000000 -1.000000 -0.000000 
94.344208 16.940796 -213.014313 90.000000 90.000000 88.000000
105.424179 56.002533 -223.513214 -0.000000 -0.000000 -1.000000 115.387207 21.228216 -223.612778 -0.000000 -0.000000 -1.000000 171.326309 -0.903170 -223.596802 -0.000000 -0.000000 -1.000000 117.029434 -0.032331 -132.998291 0.000000 1.000000 0.000000 
-355.155792 16.440796 -213.014313 89.000000 89.000000 88.000000
-340.339722 -18.078896 -224.003876 0.000000 0.000000 -1.000000 -396.861298 -34.315178 -224.004623 0.000000 0.000000 -1.000000 
-265.655792 16.440796 -213.014313 90.000000 89.000000 88.000000
-261.719788 -6.713340 -223.977722 0.000000 0.000000 -1.000000 -340.339722 -18.078896 -224.003876 0.000000 0.000000 -1.000000 
-445.155792 -73.059204 -213.014313 89.000000 88.000000 88.000000
-432.455811 -65.232117 -178.459900 0.000000 -1.000000 0.000000 -396.861298 -34.315178 -224.004623 0.000000 0.000000 -1.000000 -428.444519 -54.352905 -223.974976 0.000000 0.000000 -1.000000 -218.302216 -64.669662 -222.070526 0.000000 0.000000 -1.000000 
-445.155792 -73.059204 -213.014313 89.000000 88.000000 88.000000
-432.455811 -65.232117 -178.459900 -0.000000 1.000000 -0.000000 -396.861298 -34.315178 -224.004623 0.000000 0.000000 -1.000000 -428.444519 -54.352905 -223.974976 0.000000 0.000000 -1.000000 -218.302216 -64.669662 -222.070526 0.000000 0.000000 -1.000000 
-355.655792 -72.559204 -213.014313 90.000000 89.000000 88.000000
-340.339722 -18.078896 -224.003876 0.000000 0.000000 -1.000000 -396.861298 -34.315178 -224.004623 0.000000 0.000000 -1.000000 -218.302216 -64.669662 -222.070526 0.000000 0.000000 -1.000000 
-265.655792 -72.559204 -213.014313 90.000000 89.000000 88.000000
-218.302216 -64.669662 -222.070526 0.000000 0.000000 -1.000000 
7
4.844208 106.940796 146.985687 89.000000 88.000000 88.000000
4.808040 98.875298 137.414490 1.000000 0.000000 0.000000 24.226334 92.522774 148.820908 0.000000 0.000000 -1.000000 59.946609 84.289673 146.423737 0.000000 0.000000 -1.000000 -16.591122 92.471855 148.779404 -0.000000 -0.000000 -1.000000 -52.519379 84.154839 146.315186 -0.000000 -0.000000 -1.000000 4.427454 118.145203 112.875305 1.000000 0.000000 0.000000 4.887648 82.081757 188.563324 1.000000 0.000000 0.000000 
93.844208 106.440796 146.985687 89.000000 89.000000 88.000000
59.946609 84.289673 146.423737 0.000000 0.000000 -1.000000 86.067612 65.153275 148.122421 0.000000 0.000000 -1.000000 
184.344208 -72.559204 146.985687 88.000000 89.000000 88.000000
151.526077 -52.853165 151.919876 0.000000 0.000000 -1.000000 184.087189 -64.582504 147.052444 0.000000 1.000000 0.000000 230.295364 -64.394073 122.434212 0.000000 1.000000 0.000000 148.036041 -63.653801 171.310577 -0.000000 1.000000 -0.000000 144.533203 -82.081863 152.658295 0.000000 0.000000 -1.000000 141.314987 -32.801620 150.848297 0.000000 0.000000 -1.000000 
94.844208 17.440796 146.985687 89.000000 89.000000 88.000000
86.067612 65.153275 148.122421 0.000000 0.000000 -1.000000 103.426743 40.283188 148.868927 0.000000 0.000000 -1.000000 112.885071 13.421669 149.570938 0.000000 0.000000 -1.000000 115.579941 0.007847 172.684113 0.000000 1.000000 0.000000 123.788605 -12.814022 149.529327 0.000000 0.000000 -1.000000 141.314987 -32.801620 150.848297 0.000000 0.000000 -1.000000 115.944511 -0.079059 53.282448 0.000000 1.000000 0.000000 
94.844208 17.440796 146.985687 89.000000 89.000000 88.000000
86.067612 65.153275 148.122421 0.000000 0.000000 -1.000000 103.426743 40.283188 148.868927 0.000000 0.000000 -1.000000 112.885071 13.421669 149.570938 0.000000 0.000000 -1.000000 115.579941 0.007847 172.684113 -0.000000 -1.000000 -0.000000 123.788605 -12.814022 149.529327 0.000000 0.000000 -1.000000 141.314987 -32.801620 150.848297 0.000000 0.000000 -1.000000 115.944511 -0.079059 53.282448 0.000000 1.000000 0.000000 
94.844208 17.440796 146.985687 89.000000 89.000000 88.000000
86.067612 65.153275 148.122421 -0.000000 -0.000000 1.000000 103.426743 40.283188 148.868927 -0.000000 -0.000000 1.000000 112.885071 13.421669 149.570938 -0.000000 -0.000000 1.000000 115.579941 0.007847 172.684113 -0.000000 -1.000000 -0.000000 123.788605 -12.814022 149.529327 0.000000 0.000000 -1.000000 141.314987 -32.801620 150.848297 0.000000 0.000000 -1.000000 115.944511 -0.079059 53.282448 -0.000000 -1.000000 -0.000000 
183.844208 16.440796 146.985687 89.000000 89.000000 88.000000
141.314987 -32.801620 150.848297 0.000000 0.000000 -1.000000 
3
-85.655792 -162.559204 146.985687 88.000000 89.000000 88.000000
-85.073128 -122.350967 153.122284 -0.000000 -0.000000 -1.000000 -30.739033 -133.102417 153.104599 -0.000000 -0.000000 -1.000000 
-175.155792 -73.059204 146.985687 89.000000 88.000000 88.000000
-144.626587 -53.210449 151.628021 -0.000000 -0.000000 -1.000000 -177.147217 -65.018372 146.698608 -0.000000 1.000000 -0.000000 -223.305878 -64.936996 121.992981 -0.000000 1.000000 -0.000000 -141.143326 -64.000397 171.029068 0.000000 1.000000 0.000000 -138.011414 -82.421936 152.382858 -0.000000 -0.000000 -1.000000 -134.460358 -33.130760 150.582977 -0.000000 -0.000000 -1.000000 
-86.155792 -73.559204 146.985687 89.000000 89.000000 88.000000
-118.535263 -107.168861 152.907089 -0.000000 -0.000000 -1.000000 -85.073128 -122.350967 153.122284 -0.000000 -0.000000 -1.000000 -138.011414 -82.421936 152.382858 -0.000000 -0.000000 -1.000000 -134.460358 -33.130760 150.582977 -0.000000 -0.000000 -1.000000 
3
94.344208 17.440796 -123.014313 88.000000 89.000000 88.000000
117.029434 0.967669 -132.998291 0.000000 1.000000 0.000000 
94.344208 106.440796 -122.514313 88.000000 89.000000 89.000000

94.344208 106.940796 -33.514313 88.000000 88.000000 89.000000
60.625603 86.474525 -45.685257 -0.000000 -0.000000 -1.000000 90.381805 71.931908 -45.318718 -0.000000 -0.000000 -1.000000 
4
-86.155792 16.940796 146.985687 89.000000 88.000000 88.000000
-78.892471 64.959206 147.964081 -0.000000 -0.000000 -1.000000 -96.493942 40.043415 148.674591 -0.000000 -0.000000 -1.000000 -106.087814 13.160452 149.356934 -0.000000 -0.000000 -1.000000 -108.847046 -0.258593 172.463898 -0.000000 1.000000 -0.000000 -116.984581 -13.098836 149.297729 -0.000000 -0.000000 -1.000000 -134.460358 -33.130760 150.582977 -0.000000 -0.000000 -1.000000 -108.986977 -0.342682 53.062897 -0.000000 1.000000 -0.000000 
-86.155792 16.940796 146.985687 89.000000 88.000000 88.000000
-78.892471 64.959206 147.964081 0.000000 0.000000 1.000000 -96.493942 40.043415 148.674591 -0.000000 -0.000000 -1.000000 -106.087814 13.160452 149.356934 -0.000000 -0.000000 -1.000000 -108.847046 -0.258593 172.463898 0.000000 -1.000000 0.000000 -116.984581 -13.098836 149.297729 -0.000000 -0.000000 -1.000000 -134.460358 -33.130760 150.582977 -0.000000 -0.000000 -1.000000 -108.986977 -0.342682 53.062897 0.000000 -1.000000 0.000000 
-175.155792 16.940796 146.985687 89.000000 88.000000 88.000000
-134.460358 -33.130760 150.582977 -0.000000 -0.000000 -1.000000 
-86.155792 16.940796 146.985687 89.000000 88.000000 88.000000
-78.892471 64.959206 147.964081 0.000000 0.000000 1.000000 -96.493942 40.043415 148.674591 0.000000 0.000000 1.000000 -106.087814 13.160452 149.356934 0.000000 0.000000 1.000000 -108.847046 -0.258593 172.463898 0.000000 -1.000000 0.000000 -116.984581 -13.098836 149.297729 -0.000000 -0.000000 -1.000000 -134.460358 -33.130760 150.582977 -0.000000 -0.000000 -1.000000 -108.986977 -0.342682 53.062897 0.000000 -1.000000 0.000000 
2
94.344208 -162.559204 146.985687 88.000000 89.000000 88.000000
90.201904 -122.146164 153.293686 0.000000 0.000000 -1.000000 35.453289 -133.026154 153.167053 0.000000 0.000000 -1.000000 
94.344208 -73.559204 146.985687 88.000000 89.000000 88.000000
124.305328 -106.881607 153.144287 0.000000 0.000000 -1.000000 90.201904 -122.146164 153.293686 0.000000 0.000000 -1.000000 144.533203 -82.081863 152.658295 0.000000 0.000000 -1.000000 141.314987 -32.801620 150.848297 0.000000 0.000000 -1.000000 
10
4.344208 106.940796 56.985687 88.000000 88.000000 90.000000
1.895487 116.023834 53.804115 -1.000000 -0.000000 -0.000000 
4.344208 106.940796 146.485687 88.000000 88.000000 89.000000
2.808040 98.875298 137.414490 -1.000000 -0.000000 -0.000000 24.226334 92.522774 148.820908 0.000000 0.000000 -1.000000 59.946609 84.289673 147.423737 0.000000 0.000000 -1.000000 -16.591122 92.471855 148.779404 -0.000000 -0.000000 -1.000000 -52.519379 84.154839 147.315186 -0.000000 -0.000000 -1.000000 2.427454 118.145203 112.875305 -1.000000 -0.000000 -0.000000 2.887648 82.081757 188.563324 -1.000000 -0.000000 -0.000000 
4.344208 106.940796 146.485687 88.000000 88.000000 89.000000
2.808040 98.875298 137.414490 -1.000000 -0.000000 -0.000000 24.226334 92.522774 148.820908 0.000000 0.000000 -1.000000 59.946609 84.289673 147.423737 -0.000000 -0.000000 1.000000 -16.591122 92.471855 148.779404 -0.000000 -0.000000 -1.000000 -52.519379 84.154839 147.315186 0.000000 0.000000 1.000000 2.427454 118.145203 112.875305 -1.000000 -0.000000 -0.000000 2.887648 82.081757 188.563324 -1.000000 -0.000000 -0.000000 
3.844208 106.940796 -33.014313 89.000000 88.000000 90.000000
1.486272 102.156837 -66.330246 -1.000000 0.000000 0.000000 23.064869 93.429672 -45.048286 0.000000 0.000000 1.000000 60.625603 86.474525 -44.685257 0.000000 0.000000 1.000000 -17.823294 93.381973 -45.089134 -0.000000 -0.000000 1.000000 1.630358 97.723343 -20.543093 -1.000000 -0.000000 -0.000000 1.895487 116.023834 53.804115 -1.000000 -0.000000 -0.000000 
-85.155792 106.940796 -33.014313 89.000000 88.000000 88.000000
-55.050781 86.340790 -45.799580 0.000000 0.000000 -1.000000 -84.292770 71.728241 -45.487579 0.000000 0.000000 -1.000000 
3.844208 106.940796 -33.014313 89.000000 88.000000 90.000000
1.486272 102.156837 -66.330246 -1.000000 0.000000 0.000000 23.064869 93.429672 -45.048286 -0.000000 -0.000000 -1.000000 60.625603 86.474525 -44.685257 -0.000000 -0.000000 -1.000000 -17.823294 93.381973 -45.089134 0.000000 0.000000 -1.000000 1.630358 97.723343 -20.543093 -1.000000 -0.000000 -0.000000 1.895487 116.023834 53.804115 -1.000000 -0.000000 -0.000000 
4.344208 107.440796 -122.514313 88.000000 89.000000 89.000000
1.486272 102.156837 -66.330246 -1.000000 0.000000 0.000000 1.285232 123.895988 -98.536255 -1.000000 0.000000 0.000000 1.034969 154.963211 -119.028610 -1.000000 0.000000 0.000000 
4.344208 196.440796 -123.514313 88.000000 89.000000 89.000000
1.034969 154.963211 -119.028610 -1.000000 0.000000 0.000000 0.777868 184.106781 -144.379074 -1.000000 0.000000 0.000000 1.555422 200.077911 -191.157211 -1.000000 0.000000 0.000000 
4.344208 196.940796 -212.514313 88.000000 88.000000 89.000000
1.555422 200.077911 -191.157211 -1.000000 0.000000 0.000000 9.428296 197.632111 -220.981079 -0.000000 -0.000000 1.000000 21.308409 178.215256 -220.976578 -0.000000 -0.000000 1.000000 26.595650 148.199844 -220.949020 -0.000000 -0.000000 1.000000 -6.291106 197.611526 -220.995789 0.000000 0.000000 1.000000 -17.407051 178.168762 -221.014252 0.000000 0.000000 1.000000 -21.511660 148.144135 -220.993347 0.000000 0.000000 1.000000 
4.344208 196.940796 -212.514313 88.000000 88.000000 89.000000
1.555422 200.077911 -191.157211 1.000000 -0.000000 -0.000000 9.428296 197.632111 -220.981079 -0.000000 -0.000000 1.000000 21.308409 178.215256 -220.976578 -0.000000 -0.000000 1.000000 26.595650 148.199844 -220.949020 -0.000000 -0.000000 1.000000 -6.291106 197.611526 -220.995789 0.000000 0.000000 1.000000 -17.407051 178.168762 -221.014252 0.000000 0.000000 1.000000 -21.511660 148.144135 -220.993347 0.000000 0.000000 1.000000 
3
-85.655792 16.940796 -33.014313 88.000000 88.000000 88.000000
-103.820114 49.407288 -43.155487 -0.000000 -0.000000 1.000000 -109.967361 17.959980 -43.767666 -0.000000 -0.000000 1.000000 -109.707901 -0.298457 -133.218628 0.000000 1.000000 0.000000 -108.986977 -0.342682 53.062897 -0.000000 1.000000 -0.000000 
-85.655792 16.940796 -33.014313 88.000000 88.000000 88.000000
-103.820114 49.407288 -43.155487 -0.000000 -0.000000 1.000000 -109.967361 17.959980 -43.767666 0.000000 0.000000 -1.000000 -109.707901 -0.298457 -133.218628 -0.000000 -1.000000 -0.000000 -108.986977 -0.342682 53.062897 0.000000 -1.000000 0.000000 
-85.655792 16.940796 -33.014313 88.000000 88.000000 88.000000
-103.820114 49.407288 -43.155487 -0.000000 -0.000000 1.000000 -109.967361 17.959980 -43.767666 0.000000 0.000000 -1.000000 -109.707901 -0.298457 -133.218628 0.000000 1.000000 0.000000 -108.986977 -0.342682 53.062897 -0.000000 1.000000 -0.000000 
5
94.344208 17.440796 -32.514313 88.000000 89.000000 89.000000
110.444489 49.663120 -42.948494 0.000000 0.000000 1.000000 116.978607 18.230213 -42.547485 0.000000 0.000000 1.000000 117.029434 -0.032331 -132.998291 -0.000000 -1.000000 -0.000000 115.944511 0.920941 53.282448 0.000000 1.000000 0.000000 
94.344208 17.440796 -32.514313 88.000000 89.000000 89.000000
110.444489 49.663120 -42.948494 0.000000 0.000000 1.000000 116.978607 18.230213 -42.547485 0.000000 0.000000 1.000000 117.029434 -0.032331 -132.998291 0.000000 1.000000 0.000000 115.944511 0.920941 53.282448 0.000000 1.000000 0.000000 
94.344208 17.440796 56.485687 88.000000 89.000000 89.000000
115.944511 0.920941 53.282448 0.000000 1.000000 0.000000 
94.344208 106.440796 -32.514313 88.000000 89.000000 89.000000
60.625603 86.474525 -43.685257 0.000000 0.000000 1.000000 90.381805 71.931908 -43.318718 0.000000 0.000000 1.000000 
94.344208 106.440796 56.485687 88.000000 89.000000 89.000000

8
4.344208 -163.059204 -33.014313 88.000000 88.000000 90.000000
0.974281 -123.569588 -60.497337 -1.000000 -0.000000 -0.000000 1.290333 -131.917236 28.882320 -1.000000 -0.000000 -0.000000 
4.344208 -163.059204 56.985687 88.000000 88.000000 90.000000
1.290333 -131.917236 28.882320 -1.000000 -0.000000 -0.000000 2.348575 -135.816574 114.098434 -1.000000 -0.000000 -0.000000 
4.344208 -162.559204 -122.514313 88.000000 89.000000 89.000000
0.555018 -107.570694 -140.908630 -1.000000 -0.000000 -0.000000 0.974281 -123.569588 -60.497337 -1.000000 -0.000000 -0.000000 
4.344208 -73.559204 -123.014313 88.000000 89.000000 88.000000
0.555018 -107.570694 -140.908630 -1.000000 -0.000000 -0.000000 0.974281 -123.569588 -60.497337 -1.000000 -0.000000 -0.000000 
4.344208 -163.059204 146.485687 88.000000 88.000000 89.000000
35.453289 -133.026154 154.167053 0.000000 0.000000 -1.000000 -30.739033 -133.102417 154.104599 -0.000000 -0.000000 -1.000000 2.348575 -135.816574 114.098434 -1.000000 -0.000000 -0.000000 1.468853 -137.658661 260.038940 -0.000000 -1.000000 -0.000000 
4.344208 -163.059204 146.485687 88.000000 88.000000 89.000000
35.453289 -133.026154 154.167053 0.000000 0.000000 -1.000000 -30.739033 -133.102417 154.104599 -0.000000 -0.000000 -1.000000 2.348575 -135.816574 114.098434 -1.000000 -0.000000 -0.000000 1.468853 -137.658661 260.038940 0.000000 1.000000 0.000000 
4.344208 -163.059204 146.485687 88.000000 88.000000 89.000000
35.453289 -133.026154 154.167053 -0.000000 -0.000000 1.000000 -30.739033 -133.102417 154.104599 0.000000 0.000000 1.000000 2.348575 -135.816574 114.098434 -1.000000 -0.000000 -0.000000 1.468853 -137.658661 260.038940 0.000000 1.000000 0.000000 
4.344208 -163.059204 146.485687 88.000000 88.000000 89.000000
35.453289 -133.026154 154.167053 -0.000000 -0.000000 1.000000 -30.739033 -133.102417 154.104599 0.000000 0.000000 1.000000 2.348575 -135.816574 114.098434 1.000000 0.000000 0.000000 1.468853 -137.658661 260.038940 0.000000 1.000000 0.000000 
1
4.344208 106.940796 -213.014313 88.000000 88.000000 88.000000
26.595650 148.199844 -220.949020 -0.000000 -0.000000 1.000000 -21.511660 148.144135 -220.993347 0.000000 0.000000 1.000000 41.961861 92.365280 -221.037262 0.000000 0.000000 1.000000 -34.693451 92.271973 -221.111969 -0.000000 -0.000000 1.000000 29.308186 112.464043 -220.927856 -0.000000 -0.000000 1.000000 -22.810760 112.400543 -220.975449 0.000000 0.000000 1.000000 
1
94.344208 16.940796 -33.014313 88.000000 88.000000 88.000000
110.444489 49.663120 -44.948494 -0.000000 -0.000000 -1.000000 116.978607 18.230213 -44.547485 -0.000000 -0.000000 -1.000000 117.029434 0.967669 -132.998291 0.000000 1.000000 0.000000 115.944511 0.920941 53.282448 0.000000 1.000000 0.000000 
1
-85.655792 16.940796 -33.014313 88.000000 88.000000 88.000000
-103.820114 49.407288 -45.155487 0.000000 0.000000 -1.000000 -109.967361 17.959980 -44.767666 0.000000 0.000000 -1.000000 -109.707901 0.701543 -133.218628 0.000000 1.000000 0.000000 -108.986977 0.657318 53.062897 -0.000000 1.000000 -0.000000 
1
94.344208 16.940796 -213.014313 88.000000 88.000000 88.000000
105.424179 56.002533 -221.513214 0.000000 0.000000 1.000000 115.387207 21.228216 -221.612778 0.000000 0.000000 1.000000 171.326309 -0.903170 -221.596802 0.000000 0.000000 1.000000 117.029434 -1.032331 -132.998291 -0.000000 -1.000000 -0.000000 
1
94.344208 16.940796 146.985687 88.000000 88.000000 88.000000
86.067612 65.153275 147.122421 0.000000 0.000000 -1.000000 103.426743 40.283188 147.868927 0.000000 0.000000 -1.000000 112.885071 13.421669 148.570938 0.000000 0.000000 -1.000000 115.579941 -0.992153 172.684113 -0.000000 -1.000000 -0.000000 123.788605 -12.814022 149.529327 0.000000 0.000000 -1.000000 141.314987 -32.801620 150.848297 0.000000 0.000000 -1.000000 115.944511 -1.079059 53.282448 -0.000000 -1.000000 -0.000000 
1
-85.655792 16.940796 146.985687 88.000000 88.000000 88.000000
-78.892471 64.959206 146.964081 -0.000000 -0.000000 -1.000000 -96.493942 40.043415 147.674591 -0.000000 -0.000000 -1.000000 -106.087814 13.160452 148.356934 -0.000000 -0.000000 -1.000000 -108.847046 -1.258593 172.463898 0.000000 -1.000000 0.000000 -116.984581 -13.098836 149.297729 -0.000000 -0.000000 -1.000000 -134.460358 -33.130760 150.582977 -0.000000 -0.000000 -1.000000 -108.986977 -1.342682 53.062897 0.000000 -1.000000 0.000000 
1
-85.655792 16.940796 146.985687 88.000000 88.000000 88.000000
-78.892471 64.959206 148.964081 0.000000 0.000000 1.000000 -96.493942 40.043415 149.674591 0.000000 0.000000 1.000000 -106.087814 13.160452 150.356934 0.000000 0.000000 1.000000 -108.847046 -1.258593 172.463898 0.000000 -1.000000 0.000000 -116.984581 -13.098836 151.297729 0.000000 0.000000 1.000000 -134.460358 -33.130760 152.582977 0.000000 0.000000 1.000000 -108.986977 -1.342682 53.062897 0.000000 -1.000000 0.000000 
1
94.344208 16.940796 146.985687 88.000000 88.000000 88.000000
86.067612 65.153275 149.122421 -0.000000 -0.000000 1.000000 103.426743 40.283188 149.868927 -0.000000 -0.000000 1.000000 112.885071 13.421669 150.570938 -0.000000 -0.000000 1.000000 115.579941 -0.992153 172.684113 -0.000000 -1.000000 -0.000000 123.788605 -12.814022 151.529327 -0.000000 -0.000000 1.000000 141.314987 -32.801620 152.848297 -0.000000 -0.000000 1.000000 115.944511 -1.079059 53.282448 -0.000000 -1.000000 -0.000000 
