22
0.000000 1.000000 0.000000 1
0.000000 -1.000000 0.000000 1
0.000000 0.000000 1.000000 495
0.000000 1.000000 0.000000 495
0.000000 0.000000 -1.000000 495
0.000000 0.000000 -1.000000 71
0.000000 0.000000 -1.000000 160
0.000000 1.000000 0.000000 495
-1.000000 0.000000 0.000000 495
0.000000 0.000000 -1.000000 160
-1.000000 0.000000 0.000000 1
-1.000000 0.000000 0.000000 1
-1.000000 0.000000 0.000000 1
-1.000000 0.000000 0.000000 192
0.000000 -1.000000 0.000000 61
0.000000 0.000000 -1.000000 70
1.000000 0.000000 0.000000 1
0.000000 -1.000000 0.000000 16
0.000000 -1.000000 0.000000 495
0.000000 -1.000000 0.000000 495
0.000000 -1.000000 0.000000 495
0.000000 -1.000000 0.000000 495
20
21
2
9
18
19
17
13
15
16
6
8
11
7
14
12
10
5
1
0
3
4
