117.250000
118.940002
124.599998
124.360001
102.769997
75.980003
49.740002
107.629997
115.849998
82.159996
48.709999
52.109997
19.030001
8.200000
20.820000
8.060000
58.160000
94.880005
99.269997
118.860001
57.420002
80.430000
152.979996
28.469999
0.050000
153.380005
35.630001
54.219997
81.860001
62.009998
97.489998
59.080002
55.770000
53.109997
100.500000
80.790001
105.189995
122.440002
107.729996
72.659996
152.959991
152.929993
166.620010
32.830002
72.070000
78.089996
145.510010
141.070007
117.649994
95.779999
2.970000
-0.450000
115.830002
94.550003
124.940002
53.690002
50.509998
153.000000
123.889999
59.450001
114.510002
118.050003
162.010010
44.150002
87.610001
90.419998
110.710007
65.550003
33.610001
18.550001
60.070000
96.710007
154.170013
52.790001
96.760002
61.169998
125.559998
127.330002
59.290001
32.260002
69.209999
134.690002
135.120010
20.340000
96.500000
59.689999
11.120001
168.970001
119.519997
131.770004
136.850006
40.660000
165.580002
172.040009
60.209999
122.320000
35.770000
37.209999
88.910004
87.719994
69.900002
70.959999
66.089996
66.580002
91.040001
89.099998
43.740002
136.800003
88.810005
90.760002
143.510010
35.940002
107.910004
107.159996
2.460000
2.810000
20.969999
161.129990
64.139999
115.389999
156.639999
24.600000
148.679993
30.440001
141.119995
39.830002
30.219999
150.970001
24.580000
24.889999
43.760002
42.400002
160.589996
158.429993
154.680008
160.790009
160.270004
15.800000
14.950000
12.660001
4.810000
2.910000
113.290001
145.239990
172.759995
6.870000
157.459991
13.700000
168.979996
9.070001
168.709991
11.230000
32.310001
155.819992
147.419998
0.080000
-0.060000
-0.090000
