52
0.000000 0.000000 -1.000000 378
-1.000000 0.000000 0.000000 378
0.000000 -1.000000 0.000000 378
1.000000 0.000000 0.000000 378
0.000000 -1.000000 0.000000 378
0.000000 1.000000 0.000000 378
0.000000 -1.000000 0.000000 7
0.000000 0.000000 1.000000 378
1.000000 0.000000 0.000000 80
0.000000 0.000000 -1.000000 20
0.000000 -1.000000 0.000000 9
0.000000 1.000000 0.000000 5
-1.000000 0.000000 0.000000 105
0.000000 0.000000 -1.000000 14
0.000000 1.000000 0.000000 378
0.000000 1.000000 0.000000 6
-1.000000 0.000000 0.000000 78
0.000000 -1.000000 0.000000 378
-1.000000 0.000000 0.000000 378
0.000000 -1.000000 0.000000 378
0.000000 0.000000 1.000000 378
0.000000 1.000000 0.000000 378
0.000000 0.000000 1.000000 2
0.000000 -1.000000 0.000000 30
1.000000 0.000000 0.000000 378
0.000000 1.000000 0.000000 6
0.000000 0.000000 -1.000000 10
0.000000 -1.000000 0.000000 32
1.000000 0.000000 0.000000 378
0.000000 0.000000 1.000000 13
1.000000 0.000000 0.000000 378
-1.000000 0.000000 0.000000 378
0.000000 1.000000 0.000000 378
-1.000000 0.000000 0.000000 378
0.000000 1.000000 0.000000 378
-1.000000 0.000000 0.000000 378
0.000000 0.000000 1.000000 378
0.000000 0.000000 -1.000000 13
0.000000 -1.000000 0.000000 9
0.000000 0.000000 -1.000000 1
0.000000 0.000000 1.000000 4
0.000000 1.000000 0.000000 7
0.000000 0.000000 1.000000 44
-1.000000 0.000000 0.000000 378
0.000000 0.000000 1.000000 15
1.000000 0.000000 0.000000 378
-1.000000 0.000000 0.000000 378
0.000000 -1.000000 0.000000 378
0.000000 -1.000000 0.000000 378
0.000000 1.000000 0.000000 378
0.000000 0.000000 -1.000000 8
0 0 0 0
27
2
41
17
26
3
20
50
18
24
16
40
38
37
10
7
9
8
13
12
15
22
19
11
5
29
1
34
21
4
14
6
51
0
36
39
45
30
35
28
25
49
46
33
23
32
47
48
42
43
44
31
