0.9892823 -0.1305476 0.0654064 
0.9899526 -0.1316507 0.05159308 
-0.9981779 -0.008480717 -0.05973981 
-0.998178 -0.008479884 -0.05973941 
0.0121833 0.9016241 -0.4323488 
0.01045758 0.901606 -0.4324318 
0.0556908 -0.1757901 -0.9828512 
0.06316206 -0.1758784 -0.9823835 
0.05807589 0.07066723 -0.9958079 
0.05807456 0.0706717 -0.9958076 
0.9921584 0.1031462 0.07058802 
0.9915287 0.1012143 0.08140351 
-0.2332195 -0.07218835 0.9697409 
-0.2342236 0.002175132 0.9721803 
0.05523029 -0.1627487 -0.9851205 
0.04276355 -0.1628803 -0.9857187 
-0.009375421 0.9974905 0.07017742 
-0.009375795 0.9974906 0.07017557 
0.7685462 0.6396852 -0.01181458 
0.7622721 0.6437618 0.06717124 
-0.9987462 -0.01152023 -0.04871846 
-0.9987461 -0.01151906 -0.0487182 
-0.02992012 0.9265118 0.3750741 
-0.03038991 0.9265059 0.375051 
-0.01907395 0.9978187 -0.06319841 
-0.05548162 0.9963156 -0.06539864 
-0.40868 -0.9062527 -0.1081046 
-0.4045237 -0.8954958 -0.1856011 
0.05936066 0.07086215 -0.9957183 
0.05936037 0.07085878 -0.9957185 
0.009914069 -0.9975123 -0.0697926 
0.009914501 -0.9975121 -0.06979425 
0.9981162 0.008404443 0.06077357 
0.9981162 0.00840915 0.06077262 
0.03511252 0.8152211 -0.5780846 
0.03445039 0.8152155 -0.5781323 
0.9983928 0.009154941 0.05592993 
0.9983926 0.009153452 0.0559311 
-0.007916225 -0.9838329 0.1789137 
-0.008501532 -0.9838332 0.1788853 
-0.4431188 -0.09333089 0.8915914 
-0.445359 -0.01593139 0.8952104 
-0.04467441 0.04621262 0.9979322 
-0.04374363 0.04622369 0.9979729 
-0.8499552 -0.5201076 -0.08404803 
-0.8480052 -0.5178684 -0.1126919 
-0.9990632 -0.009504258 -0.04221817 
-0.9990632 -0.009503597 -0.04221794 
-0.06048108 -0.07105723 0.9956369 
-0.06048108 -0.07105654 0.9956371 
0.6059616 -0.7953578 0.01470932 
0.6062164 -0.7952269 0.01076732 
0.9973308 0.009867475 0.07234599 
0.9973307 0.009867836 0.07234602 
0.001295797 0.9860725 -0.1663111 
0.0007945785 0.9860669 -0.1663473 
0.0655284 -0.935617 -0.3468815 
0.007548362 -0.9367329 -0.3499636 
-0.9978731 -0.01166044 -0.06413555 
-0.9978735 -0.0116599 -0.06412879 
-0.528176 -0.06327853 0.8467738 
-0.5284287 -0.1285842 0.8391837 
-0.05194485 0.7528906 0.6560926 
-0.05980913 0.7527832 0.6555459 
0.9986166 0.01345758 0.05083079 
0.9986167 0.01345846 0.05082947 
0.02243493 0.9914621 -0.128451 
0.040566 0.9909726 -0.12778 
-0.225943 -0.04955014 0.9728795 
-0.2278004 0.06641576 0.9714402 
0.01680816 -0.9971246 -0.07389269 
0.01680735 -0.9971249 -0.07388752 
0.9234552 0.04285015 0.3813062 
0.9181536 0.09359571 0.3850114 
-0.01930088 0.9976732 0.06538806 
-0.01930076 0.9976733 0.06538627 
0.996906 0.006948266 0.07829443 
0.996906 0.006953387 0.07829387 
0.8872762 -0.007425915 0.4611787 
0.8884613 -0.04199904 0.4570258 
-0.01025301 -0.9672923 0.253457 
-0.01096271 -0.9672988 0.2534025 
-0.06460503 -0.6287543 0.7749156 
-0.09450834 -0.6275203 0.7728431 
-0.9974187 -0.0201212 -0.06892878 
-0.9974185 -0.02012193 -0.06893025 
0.04299969 0.8012471 -0.5967864 
0.04435187 0.8012454 -0.5966898 
0.9981281 0.005886184 0.06087336 
0.9981281 0.005885614 0.0608757 
-0.9982247 -0.005865682 -0.05927147 
-0.9982249 -0.005865503 -0.05926857 
0.8543293 0.05969241 -0.5162928 
0.8548888 0.1237027 -0.503848 
-0.002967073 -0.9756953 -0.2191114 
-0.02185653 -0.9751191 -0.2206016 
0.03610315 -0.7566302 -0.6528456 
0.03524007 -0.7566267 -0.6528969 
-0.05979524 -0.07088692 0.9956905 
-0.05979709 -0.07088732 0.9956903 
0.93179 -0.3627165 0.01428675 
0.9319903 -0.3623737 0.008914798 
-0.9266946 -0.3620333 -0.1008414 
-0.9262501 -0.3616236 -0.1062507 
-0.05747748 -0.1065166 0.9926483 
-0.05747605 -0.1065164 0.9926484 
-0.0328564 -0.7853357 0.6181976 
-0.04612574 -0.7853164 0.6173739 
-0.06144678 -0.03433592 0.9975197 
-0.06144471 -0.03433548 0.9975197 
0.04274882 -0.7622228 -0.6459016 
0.02805843 -0.7621914 -0.6467434 
-0.9591835 -0.2758541 -0.06222344 
-0.959277 -0.2760422 -0.05990399 
-0.05859724 -0.9958571 -0.06953368 
-0.05893896 -0.9961246 -0.06528331 
-0.03899021 0.8446255 0.5339358 
-0.004328645 0.842584 0.5385475 
-0.0952063 -0.2451539 -0.9647981 
-0.03022999 -0.2498134 -0.967822 
0.04004488 -0.8809494 -0.4715132 
0.01034452 -0.8807883 -0.4733972 
-0.0154884 -0.8936601 0.4484773 
-0.01549123 -0.8936605 0.4484764 
-0.04037796 0.7421466 0.6690202 
-0.0194349 0.7421751 0.6699242 
-0.04524662 0.8216966 0.5681263 
-0.04524769 0.8216963 0.5681266 
0.1037088 0.7722597 0.626785 
0.04128586 0.7755716 0.6299079 
0.166977 -0.6123205 -0.7727757 
0.08927929 -0.6109906 -0.7865874 
-0.01566667 0.9718741 -0.2349793 
0.02302838 0.9715124 -0.2358674 
-0.0156651 0.9718741 -0.2349796 
0.02324826 -0.8367656 -0.5470675 
0.01419124 -0.8363119 -0.5480703 
0.05153973 -0.9293852 -0.3654951 
0.01323689 -0.928579 -0.3708989 
0.05154106 -0.9293855 -0.3654945 
0.03770896 0.993751 0.1050573 
0.04988244 0.9932142 0.1050579 
0.01599868 0.5692128 -0.8220345 
-0.07496837 0.9013237 -0.426609 
-0.06360887 0.997668 -0.02474718 
-0.2273304 0.9683448 0.1030981 
0.2134726 0.9690645 0.1238691 
-0.4333249 0.8986163 0.06869107 
-0.4022824 0.9154608 0.01001765 
-0.006911941 0.9996597 0.0251528 
-0.3161547 0.9487071 0.0009854957 
-0.254566 0.9636554 0.08102161 
-0.5525672 0.8323578 0.04301247 
-0.4468493 0.8944187 0.01846417 
-0.5856821 0.8105409 -0.0002045176 
