122 155
-103.341 121.6279 74.6508
-101.4871 125.5721 42.57453
-100.9461 126.2573 32.86353
-100.7256 115.715 30.01894
-100.2284 80.7007 26.13606
-100.0519 65.6157 25.40875
-100.0062 49.36369 26.53059
-100.8931 42.30923 41.75345
-102.5247 39.07881 68.81775
52.29335 127.6973 84.4261
54.092 129.0654 50.9025
54.60325 128.2578 40.43306
54.86455 117.9335 37.51758
55.49575 82.5108 32.95315
55.79885 65.24075 31.29598
56.03455 45.00875 31.05318
55.52155 35.2754 43.70847
53.8599 30.62012 77.5865
228.731 129.6814 95.12025
230.7484 131.0606 59.9305
231.358 130.1722 48.93834
231.637 120.0441 45.71376
232.2335 84.6977 40.76407
232.4263 66.08735 39.42508
232.5269 45.05789 39.49634
231.7966 35.8171 54.04455
229.9345 30.59031 88.1393
171.5324 129.5867 46.03159
-19.07277 127.3333 36.83954
166.9981 45.00668 36.31532
-23.04674 46.43114 28.21991
190.1364 130.1626 92.8473
-35.93258 125.6667 78.9947
-105.9964 109.8936 73.65205
-106.3541 77.25065 71.30065
-104.8966 57.5437 69.98545
-35.78092 33.46845 72.4242
189.8142 28.72292 85.59705
236.4695 54.28375 90.215
236.7723 81.1257 92.1433
232.3716 118.5008 94.53915
-105.035 79.59715 39.93424
-24.91539 81.56105 29.39737
192.4247 84.2375 38.60824
236.0244 83.92705 52.22445
-110.2441 54.81905 69.56395
-168.7218 55.10775 66.07305
-207.1174 55.25545 63.77855
-245.5419 52.7693 61.294
-294.1829 38.64349 57.36715
-326.874 34.87022 55.13995
-206.5642 56.1014 54.51445
-205.8703 57.22355 43.34799
-293.6544 39.63689 47.70498
-292.948 41.1937 34.30812
-291.7889 43.69041 13.4136
-110.0896 55.0661 65.7594
-109.8878 55.4422 59.9553
-109.7147 55.7497 55.92295
-109.4723 56.24875 49.74158
-166.6196 57.5265 46.11547
-254.0692 52.1608 31.59511
-349.0212 42.38264 11.82051
-397.4474 43.74676 12.71117
-425.7301 45.14815 20.39281
-370.2154 42.58038 26.67949
-318.3112 39.53704 32.66735
-389.1493 41.56885 34.80861
-427.8305 42.43956 40.13607
-362.3034 37.60342 48.22913
-254.342 51.2045 51.2225
-162.8193 56.26605 57.0486
-104.7536 120.979 97.75845
-105.9618 120.3158 116.8055
-105.9917 109.4771 118.1481
-105.6645 74.2617 117.1095
-105.4486 59.22285 115.728
-105.1341 43.2896 112.3497
-103.4264 38.29159 84.08175
50.76755 125.5605 108.1068
49.36639 122.0545 128.0766
49.36657 111.4214 129.5244
49.74972 75.70445 129.1142
49.99921 58.3711 128.3551
50.3742 38.30376 125.782
52.3035 29.62445 100.3987
227.1982 127.4186 119.9725
225.8613 123.6612 140.9283
225.841 113.1786 142.7097
226.1433 77.4838 142.6848
226.3322 58.86875 141.4115
226.6169 38.05722 138.402
228.5501 30.05272 109.7766
166.1199 123.1755 136.6146
-24.20617 121.2527 122.7495
161.1756 38.10969 133.7572
-28.49487 39.9776 119.3964
-108.1264 75.975 90.24105
-30.50524 74.9395 122.9483
186.365 77.0594 140.0224
233.5993 79.1132 120.4564
-207.6784 54.78145 73.1617
-208.3219 54.3193 84.37765
-294.8208 38.25529 67.225
-295.7199 37.91012 80.6963
-297.0656 37.43982 101.7231
-110.5443 54.52735 73.36985
-111.0363 54.08175 79.17595
-111.3449 53.8187 83.2034
-111.8408 53.44335 89.37825
-169.0238 54.67875 86.3507
-257.5298 48.06176 89.5091
-354.0697 36.40213 96.3234
-402.0606 38.28274 89.9024
-429.2448 40.98538 79.19665
-373.3561 38.86055 79.2352
-321.0841 36.25264 79.071
-391.1837 39.15888 68.8571
-428.9669 41.09343 59.16025
-362.8973 36.89968 58.17905
-255.467 49.87197 70.04895
-163.9445 54.93335 75.87695
19 20
18 19
20 21
21 22
20 27
11 27
18 31
9 31
18 40
39 40
18 86
86 87
22 23
23 24
22 43
13 43
22 44
39 44
10 11
9 10
11 12
12 13
11 28
2 28
9 32
0 32
9 79
79 80
38 39
26 38
39 100
89 100
87 88
88 89
87 93
80 93
24 25
25 26
24 29
15 29
13 14
14 15
13 42
4 42
1 2
0 1
2 3
3 4
0 33
33 34
0 72
72 73
80 81
81 82
80 94
73 94
26 37
17 37
26 92
91 92
89 90
90 91
89 99
82 99
15 16
16 17
15 30
6 30
4 5
5 6
4 41
34 41
34 35
8 35
34 97
75 97
73 74
74 75
82 83
83 84
82 98
75 98
17 36
8 36
17 85
84 85
91 95
84 95
6 7
7 8
8 78
77 78
75 76
76 77
84 96
77 96
46 47
45 46
47 48
48 49
45 56
56 57
45 106
106 107
51 70
53 70
51 71
57 71
101 120
103 120
101 121
107 121
57 58
58 59
107 108
108 109
50 69
68 69
50 119
118 119
52 60
59 60
52 61
55 61
102 110
109 110
102 111
105 111
67 68
66 67
117 118
116 117
55 62
62 63
63 64
64 65
65 66
105 112
112 113
113 114
114 115
115 116
54 66
49 50
104 116
54 55
53 54
49 53
49 103
103 104
104 105
51 52
47 51
47 101
101 102
