-0.640000
0.820000
49.799999
85.599998
119.989998
-0.480000
16.940001
146.289993
178.270004
0.520000
0.950000
0.260000
156.650009
163.210007
0.080000
52.389999
23.869999
47.709999
0.000000
20.840000
91.549995
74.850006
59.330002
75.049995
59.500000
127.440002
61.669998
77.080002
63.029999
149.110001
38.400002
0.180000
137.879990
170.520004
144.050003
177.860001
170.059998
138.050003
0.590000
35.189999
48.610001
144.860001
8.600000
0.300000
177.510010
-0.150000
149.149994
166.100006
15.360000
0.440000
139.289993
161.729996
55.470001
73.699997
138.789993
29.660000
127.510002
106.389999
129.790009
22.209999
43.380001
8.770000
26.420000
-0.520000
16.200001
0.020000
176.439987
0.590000
-0.690000
37.799999
130.669998
-0.580000
156.989990
29.709999
55.700001
136.009995
0.450000
146.419998
-0.610000
143.520004
42.270000
68.740005
142.639999
-0.980000
177.860001
29.369999
98.349998
67.389999
107.850006
141.139999
164.990005
145.790009
129.090012
76.659996
45.970001
135.919998
148.800003
164.650009
9.349999
8.950000
0.690000
0.830000
16.130001
14.210000
42.090000
1.130000
2.110000
7.360000
-0.830000
-0.330000
138.279999
149.180008
-0.740000
20.389999
23.920000
0.800000
7.700000
-0.130000
0.390000
0.060000
0.470000
21.150002
24.570000
-0.440000
161.809998
118.350006
85.219994
58.519997
-0.960000
142.570007
25.740000
33.810001
178.010010
11.040000
141.699997
44.570000
0.170000
24.230000
143.339996
55.950001
47.190002
0.960000
-0.020000
0.060000
0.010000
