49
0.000000 -1.000000 0.000000 208
-1.000000 0.000000 0.000000 208
1.000000 0.000000 0.000000 208
0.000000 1.000000 0.000000 208
1.000000 0.000000 0.000000 208
0.000000 1.000000 0.000000 208
0.000000 0.000000 1.000000 208
-1.000000 0.000000 0.000000 208
0.000000 0.000000 -1.000000 71
0.000000 1.000000 0.000000 208
0.000000 -1.000000 0.000000 208
1.000000 0.000000 0.000000 208
0.000000 1.000000 0.000000 208
1.000000 0.000000 0.000000 208
-1.000000 0.000000 0.000000 208
-1.000000 0.000000 0.000000 208
0.000000 0.000000 1.000000 1
0.000000 0.000000 1.000000 208
1.000000 0.000000 0.000000 208
0.000000 -1.000000 0.000000 208
-1.000000 0.000000 0.000000 208
0.000000 0.000000 1.000000 208
-1.000000 0.000000 0.000000 208
0.000000 0.000000 1.000000 208
-1.000000 0.000000 0.000000 208
0.000000 1.000000 0.000000 208
-1.000000 0.000000 0.000000 208
0.000000 -1.000000 0.000000 208
0.000000 -1.000000 0.000000 208
0.000000 0.000000 -1.000000 208
1.000000 0.000000 0.000000 208
-1.000000 0.000000 0.000000 208
1.000000 0.000000 0.000000 208
-1.000000 0.000000 0.000000 208
0.000000 0.000000 -1.000000 208
0.000000 -1.000000 0.000000 208
0.000000 1.000000 0.000000 208
0.000000 1.000000 0.000000 208
0.000000 -1.000000 0.000000 208
0.000000 1.000000 0.000000 208
-1.000000 0.000000 0.000000 208
0.000000 1.000000 0.000000 208
-1.000000 0.000000 0.000000 208
0.000000 -1.000000 0.000000 208
0.000000 -1.000000 0.000000 208
0.000000 -1.000000 0.000000 208
1.000000 0.000000 0.000000 208
1.000000 0.000000 0.000000 208
0 0 0 0
28
4
16
10
14
38
2
35
26
17
15
19
23
3
6
9
29
12
7
13
11
48
8
0
1
5
42
25
21
43
34
37
40
22
24
33
27
41
44
30
47
31
32
46
45
39
18
20
36
