-0.9763517 -0.2151937 0.02071554 
-0.8323146 -0.5537594 0.02455654 
-0.6325953 -0.7742729 0.01801762 
-0.3391916 -0.9407132 0.002778394 
-0.02341842 -0.9996281 -0.01396995 
-0.9764001 -0.2155533 0.01339592 
-0.9833935 -0.1797104 0.02532315 
-0.9872453 -0.1559508 0.03203268 
-0.9865701 -0.1600861 0.03243358 
-0.9788051 -0.2030255 0.02685702 
-0.968195 -0.2495938 0.01736008 
0.8162416 0.5770738 -0.0271226 
0.3038476 0.9524116 -0.02426593 
0.002112923 0.9999791 0.006110511 
-0.0250437 0.9996862 -0.0005144382 
-0.983807 -0.1783555 0.01769586 
-0.9848753 -0.1724674 -0.0166074 
-0.9851003 -0.1687208 -0.03332526 
-0.985893 -0.1667161 0.01486043 
-0.9859447 -0.1650793 0.02572497 
-0.01823287 -0.7553225 -0.6550996 
-0.01613629 -0.6067896 -0.7946987 
-0.01329135 -0.4893997 -0.8719583 
-0.0095911 -0.3636518 -0.9314856 
-0.005812222 -0.2695563 -0.962967 
-0.9590612 -0.2306379 0.1643402 
0.7905117 0.5068173 -0.3438424 
0.3142468 0.8511058 -0.4205566 
0.02138165 0.9674234 -0.2522591 
-0.03287492 0.9994577 0.001868483 
-0.9786897 -0.1740903 0.1088996 
-0.9777945 -0.1690061 0.1239146 
-0.9772801 -0.166572 0.1310625 
-0.9832701 -0.16575 0.07554428 
-0.9853951 -0.1667729 0.0343971 
-0.006502445 0.9999456 -0.008154888 
-0.01406661 0.9990978 0.04006985 
-0.01739851 0.9983569 0.05459484 
-0.01683686 0.9994341 0.02912312 
-0.0116699 0.9996396 -0.02417644 
0.01798283 -0.9998198 0.006079834 
-0.01413818 0.999657 0.02204221 
0.001986582 0.9784492 0.2064779 
-0.01853819 0.7540587 0.6565455 
0.007103499 0.3298901 0.9439926 
0.01557604 -0.9998739 0.00310439 
-0.04534631 -0.9989293 0.009164318 
0.008384732 -0.9999031 0.01110759 
0.02550874 -0.9996433 0.007907299 
-0.02920469 0.9995732 0.0007687369 
0.9872248 0.1558767 -0.03301084 
-0.9866672 -0.1603987 0.02757002 
-0.9916042 -0.1292149 -0.004966759 
-0.9764332 -0.1929236 -0.09674113 
-0.8714793 -0.2184973 -0.4390703 
0.987132 0.15775 -0.02618077 
0.9946572 0.09862413 -0.03050075 
0.9949228 0.09535432 -0.03218716 
0.9840893 0.1750425 -0.030471 
-0.9857641 -0.165561 0.02930342 
0.003910488 0.269359 0.9630319 
0.004407425 0.3127654 0.9498201 
0.006002246 0.3476665 0.937599 
0.008179173 0.3696302 0.929143 
0.01025434 0.3410533 0.939988 
0.02781962 0.1481178 0.9885784 
0.02699842 -0.001261581 0.9996347 
0.02553548 -0.09779033 0.9948794 
0.02665276 0.01671588 0.999505 
0.02824101 0.2044471 0.9784701 
-0.02484046 0.9996825 0.004223858 
-0.02853887 0.9993653 0.0213221 
-0.03024578 0.9989072 0.03563191 
-0.03013848 0.9992263 -0.0252687 
-0.02794876 0.9992986 -0.02492278 
-0.01223924 0.9997376 -0.0193667 
0.01765627 -0.9996102 0.02162602 
-0.02056353 -0.9995376 0.02239476 
-0.0006672001 -0.9997629 0.02176259 
0.0211465 -0.9995835 0.01963773 
0.01119938 -0.9995368 0.02829773 
0.04188955 -0.9991221 0.0004791517 
0.09187416 -0.9799268 -0.1769256 
-0.007766254 -0.8078688 -0.5893112 
0.01263087 0.4224887 0.9062802 
0.9863757 0.1587606 -0.04310463 
-0.9842263 -0.1729133 0.03740905 
-0.9943345 -0.1062397 -0.003450578 
-0.973007 -0.1974666 -0.1194333 
-0.8344311 -0.2006676 -0.5132808 
-0.9872779 -0.1562866 0.02927461 
-0.9720765 -0.2331087 0.02697378 
-0.9749655 -0.2206981 0.02710282 
-0.9858791 -0.1650538 0.02827815 
0.9865756 0.1609111 -0.02786035 
-0.2199854 -0.1847404 -0.9578505 
-0.0978404 -0.1930092 -0.9763067 
-0.04205101 -0.2096262 -0.976877 
-0.01680684 -0.237121 -0.9713348 
-0.01421723 -0.2330787 -0.9723539 
0.02853775 0.2081488 0.9776807 
-0.02917068 -0.1932635 -0.9807132 
-0.02906836 -0.1697512 -0.9850582 
-0.02945296 -0.260557 -0.9650092 
-0.02828521 -0.260575 -0.9650391 
0.03989725 0.143345 0.9888683 
0.04091702 0.1928853 0.9803678 
0.0410392 0.1978479 0.9793733 
0.04020274 0.1789964 0.983028 
0.03810143 0.2372077 0.9707115 
-0.2525662 -0.1933554 -0.9480633 
-0.1329954 -0.1508262 -0.9795732 
-0.05307484 -0.1375685 -0.9890693 
-0.01144579 -0.1731192 -0.9848344 
-0.005759485 -0.2440247 -0.969752 
-0.02249266 -0.233948 -0.9719889 
-0.02113711 -0.2283609 -0.9733471 
-0.02064769 -0.2475232 -0.968662 
-0.01985672 -0.1686866 -0.9854697 
-0.02080637 -0.2034844 -0.9788571 
-0.03623336 -0.2377351 -0.970654 
0.03522835 0.2379103 0.9706481 
0.03443971 0.2336751 0.9717046 
0.03369705 0.165115 0.9856985 
0.03338734 0.1953307 0.9801689 
0.01364677 0.2460121 0.9691707 
-0.01315013 -0.2505844 -0.9680054 
-0.01276769 -0.2295799 -0.9732061 
-0.01289741 -0.212897 -0.9769895 
-0.01327447 -0.1838092 -0.9828723 
0.9872302 0.1562398 -0.03107657 
0.9876383 0.1535984 -0.03127484 
0.5489618 0.1208554 0.827064 
0.02200359 0.2350406 0.9717364 
0.02151645 0.1937847 0.9808081 
-0.02605962 -0.1961378 -0.98023 
-0.02647983 -0.2318969 -0.9723799 
-0.3901531 -0.1341491 -0.9109251 
-0.1380073 -0.1458634 -0.9796315 
0.07943662 0.1459021 0.9861047 
0.01368943 0.2032748 0.9790261 
0.0209562 0.2643487 0.9641995 
