129 142
-166.713 6.497085 33.08601
-141.9829 6.197225 32.92503
-120.2249 5.904985 32.84975
-100.7896 5.620925 32.83066
-83.0275 5.345765 32.83885
-66.28905 5.080175 32.84517
-44.55652 4.730435 32.81189
-22.88545 4.374281 32.7278
-1.3387 4.017796 32.59944
20.02036 3.667024 32.43358
41.12867 3.328015 32.23696
39.72898 3.770653 2.910096
37.97341 4.299452 -32.37139
36.20834 4.873975 -69.6537
34.7803 5.453665 -104.9833
34.036 5.99821 -134.4061
33.67 6.40451 -154.5457
33.1021 6.782245 -173.9185
32.41771 7.141185 -193.2639
31.70136 7.492105 -213.3218
31.03797 7.844945 -234.832
-167.5138 52.9322 -132.1159
-147.756 53.15815 -132.3105
-127.7021 53.50415 -132.5907
-107.3311 53.87515 -132.8831
-86.6226 54.176 -133.1147
-65.5555 54.3122 -133.2122
-26.95503 55.2792 -133.2104
-0.7939665 55.2241 -133.2389
16.02606 49.85421 -133.3879
26.6032 34.87651 -133.7467
37.15347 -11.22672 -134.6988
40.50045 -30.32023 -134.9008
43.91217 -50.2058 -135.0742
47.22369 -69.80725 -135.2807
50.2699 -88.0479 -135.5824
53.27565 -107.4601 -136.0007
-167.575 50.7794 -234.6737
-148.0347 51.3256 -234.6862
-127.6916 51.93875 -234.7033
-106.8363 52.57015 -234.7012
-85.7596 53.1711 -234.6573
-64.7518 53.69265 -234.5484
-25.53785 54.98195 -234.251
0.06152995 54.46315 -234.0708
15.63307 48.71508 -234.0682
24.76291 34.31627 -234.3018
34.07328 -9.456555 -235.2121
37.25179 -28.17089 -235.6552
40.5051 -47.6354 -236.1347
43.7634 -67.1875 -236.6241
46.9587 -86.16475 -237.0968
49.96924 -105.2843 -237.5842
-66.86015 -31.32047 40.411
-65.85455 32.63497 23.21252
-65.6212 47.6031 6.027845
-65.53165 53.71725 -22.9465
-65.52885 54.70955 -67.94735
-65.49705 54.25025 -153.4576
-65.3411 54.05445 -174.0286
-65.134 53.82755 -194.6106
-64.92225 53.67255 -214.8887
-165.931 -91.2293 55.93955
-145.1333 -91.5161 55.5571
-124.9209 -91.7908 55.19685
-105.1188 -92.052 54.8415
-85.55225 -92.29775 54.47425
-66.04635 -92.5266 54.07795
-45.98566 -92.75445 53.83925
-22.20773 -93.0202 53.4927
2.350672 -93.27675 52.4906
24.75286 -93.47695 50.28515
42.06203 -93.57445 46.32863
50.04995 -93.1061 30.24092
53.25205 -91.91985 -4.444335
53.28055 -90.4153 -49.27663
51.7489 -88.9913 -95.8061
49.65123 -87.6796 -156.6898
48.97211 -87.29875 -177.6051
48.27158 -86.91365 -198.118
47.58761 -86.5326 -218.0186
-66.50425 -56.00425 45.38043
-65.867 -111.0941 58.56495
-166.28 -109.6186 59.5805
-145.9449 -109.9204 59.3623
-125.7812 -110.2205 59.1615
-105.7436 -110.5171 58.9686
-85.7871 -110.809 58.77305
-43.79744 -111.406 58.51235
-21.50917 -111.7072 58.30625
0.56378 -111.9729 57.15875
21.98795 -112.1784 54.28165
42.32962 -112.2985 48.88709
52.90195 -111.9378 31.55882
57.1154 -110.9617 -4.381318
57.1375 -109.6822 -50.1464
55.1353 -108.4111 -96.9487
52.5512 -106.9911 -157.9288
51.84695 -106.5313 -179.3348
51.174 -106.0882 -199.9354
50.54435 -105.6701 -219.4464
-165.4501 -55.20615 48.71876
-146.0494 -55.4055 48.09764
-126.3653 -55.58505 47.4548
-106.4872 -55.7449 46.78871
-86.5037 -55.88485 46.09774
-44.49773 -56.1187 44.54462
-22.62164 -56.22105 43.66859
-0.9376215 -56.31055 42.77803
20.49294 -56.3868 41.8986
41.60812 -56.4493 41.05574
-167.0479 -29.74361 43.02918
-147.7322 -30.04607 42.5447
-127.9043 -30.35583 42.02317
-107.7157 -30.67201 41.48191
-87.3171 -30.99389 40.9386
-44.64146 -31.6624 39.84116
-22.60196 -31.96944 39.25859
-0.840714 -32.23967 38.67349
20.54338 -32.47044 38.09565
41.45145 -32.65892 37.53551
-167.5925 51.17435 -214.5513
-167.619 51.622 -193.9872
-167.6308 52.08735 -173.2283
-167.6035 52.5358 -152.522
-167.103 54.5971 -73.4707
-166.7654 54.6319 -30.42155
-166.5529 49.19083 -0.1751086
-166.5181 34.42784 20.06256
14 15
13 14
12 13
11 12
10 11
15 16
16 17
17 18
18 19
19 20
15 30
29 30
28 29
27 28
26 27
15 31
31 32
32 33
33 34
34 35
9 10
8 9
7 8
6 7
5 6
20 46
45 46
44 45
43 44
42 43
20 47
47 48
48 49
49 50
50 51
25 26
24 25
23 24
22 23
21 22
26 57
56 57
55 56
54 55
5 54
26 58
58 59
59 60
60 61
42 61
35 76
75 76
74 75
73 74
72 73
35 77
77 78
78 79
79 80
51 80
4 5
3 4
2 3
1 2
0 1
119 120
118 119
117 118
116 117
53 116
41 42
40 41
39 40
38 39
37 38
21 124
123 124
122 123
121 122
37 121
21 125
125 126
126 127
127 128
0 128
36 96
95 96
94 95
93 94
92 93
36 97
97 98
98 99
99 100
52 100
71 72
70 71
69 70
68 69
67 68
53 115
114 115
113 114
112 113
111 112
109 110
108 109
107 108
106 107
81 106
91 92
90 91
89 90
88 89
82 88
66 67
65 66
64 65
63 64
62 63
81 105
104 105
103 104
102 103
101 102
82 87
86 87
85 86
84 85
83 84
51 52
35 36
72 92
67 82
62 83
62 101
67 81
72 110
110 120
10 120
5 53
0 111
