308
1 182
1 58
2 58
2 57
3 57
3 56
5 175
5 162
6 162
6 174
7 174
7 173
9 0
9 161
11 172
11 171
13 11
13 12
14 12
14 13
15 13
15 14
16 14
16 15
19 121
19 120
20 122
20 121
21 123
21 122
22 124
22 123
24 136
24 135
25 137
25 136
26 138
26 137
27 139
27 138
29 155
29 156
30 154
30 155
31 153
31 154
32 152
32 153
34 118
34 119
35 117
35 118
36 116
36 117
37 115
37 116
38 1
38 2
39 2
39 3
40 3
40 4
41 4
41 5
43 180
43 181
44 181
44 24
46 176
46 77
47 77
47 78
48 78
48 79
49 187
49 59
50 59
50 188
52 165
52 166
54 167
54 140
55 140
55 169
56 184
56 90
57 90
57 189
58 29
58 28
59 28
59 27
60 27
60 26
61 26
61 25
62 30
62 31
63 31
63 32
64 32
64 33
65 33
65 34
67 35
67 36
68 36
68 37
69 37
69 38
70 38
70 39
72 17
72 16
73 18
73 17
74 19
74 18
75 158
75 19
78 88
78 89
79 87
79 88
80 86
80 87
81 85
81 86
82 84
82 85
83 83
83 84
84 82
84 83
85 81
85 82
86 80
86 81
87 145
87 144
88 144
88 143
89 143
89 142
90 142
90 141
91 191
91 192
92 192
92 193
93 193
93 160
94 126
94 125
95 127
95 126
96 128
96 127
97 129
97 128
98 95
98 94
99 94
99 93
100 93
100 92
101 92
101 91
102 71
102 70
103 70
103 69
104 69
104 68
105 68
105 67
106 63
106 197
107 62
107 63
108 61
108 62
109 6
109 7
110 7
110 8
111 8
111 9
112 9
112 10
114 178
114 179
115 179
115 40
117 177
117 96
118 96
118 97
119 97
119 98
120 186
120 60
121 60
121 185
123 163
123 164
125 168
125 146
126 146
126 170
127 183
127 109
128 109
128 190
129 45
129 44
130 44
130 43
131 43
131 42
132 42
132 41
133 46
133 47
134 47
134 48
135 48
135 49
136 49
136 50
138 51
138 52
139 52
139 53
140 53
140 54
141 54
141 55
143 21
143 20
144 22
144 21
145 23
145 22
146 157
146 23
149 107
149 108
150 106
150 107
151 105
151 106
152 104
152 105
153 103
153 104
154 102
154 103
155 101
155 102
156 100
156 101
157 99
157 100
158 151
158 150
159 150
159 149
160 149
160 148
161 148
161 147
162 196
162 195
163 195
163 194
164 194
164 159
165 131
165 130
166 132
166 131
167 133
167 132
168 134
168 133
169 114
169 113
170 113
170 112
171 112
171 111
172 111
172 110
173 76
173 75
174 75
174 74
175 74
175 73
176 73
176 72
177 66
177 198
178 65
178 66
179 64
179 65
