105
1.000000 0.000000 0.000000 525
0.000000 0.000000 1.000000 525
0.000000 -1.000000 0.000000 525
0.000000 0.000000 1.000000 525
-1.000000 0.000000 0.000000 525
0.000000 0.000000 1.000000 525
0.000000 -1.000000 0.000000 50
0.000000 0.000000 -1.000000 525
0.000000 -1.000000 0.000000 525
1.000000 0.000000 0.000000 38
0.000000 -1.000000 0.000000 154
0.000000 -1.000000 0.000000 67
-1.000000 0.000000 0.000000 525
0.000000 0.000000 -1.000000 525
0.000000 1.000000 0.000000 49
1.000000 0.000000 0.000000 525
0.000000 0.000000 -1.000000 525
0.000000 -1.000000 0.000000 66
0.000000 0.000000 -1.000000 525
-1.000000 0.000000 0.000000 36
0.000000 0.000000 1.000000 67
0.000000 -1.000000 0.000000 51
1.000000 0.000000 0.000000 525
0.000000 1.000000 0.000000 60
-1.000000 0.000000 0.000000 525
0.000000 1.000000 0.000000 525
0.000000 0.000000 -1.000000 525
0.000000 1.000000 0.000000 525
0.000000 0.000000 -1.000000 525
-1.000000 0.000000 0.000000 15
0.000000 -1.000000 0.000000 76
0.000000 0.000000 1.000000 43
0.000000 1.000000 0.000000 67
-1.000000 0.000000 0.000000 525
0.000000 1.000000 0.000000 67
1.000000 0.000000 0.000000 525
0.000000 1.000000 0.000000 49
0.000000 1.000000 0.000000 525
0.000000 -1.000000 0.000000 71
0.000000 1.000000 0.000000 60
0.000000 -1.000000 0.000000 71
1.000000 0.000000 0.000000 525
0.000000 1.000000 0.000000 525
0.000000 0.000000 1.000000 39
-1.000000 0.000000 0.000000 525
-1.000000 0.000000 0.000000 525
0.000000 1.000000 0.000000 99
1.000000 0.000000 0.000000 525
0.000000 -1.000000 0.000000 525
0.000000 1.000000 0.000000 525
0.000000 -1.000000 0.000000 525
0.000000 1.000000 0.000000 71
0.000000 0.000000 -1.000000 1
1.000000 0.000000 0.000000 37
1.000000 0.000000 0.000000 525
-1.000000 0.000000 0.000000 525
-1.000000 0.000000 0.000000 525
0.000000 0.000000 -1.000000 525
-1.000000 0.000000 0.000000 525
0.000000 1.000000 0.000000 525
0.000000 0.000000 -1.000000 16
-1.000000 0.000000 0.000000 525
0.000000 1.000000 0.000000 525
0.000000 0.000000 -1.000000 525
0.000000 0.000000 -1.000000 525
0.000000 0.000000 -1.000000 13
-1.000000 0.000000 0.000000 525
0.000000 0.000000 -1.000000 525
1.000000 0.000000 0.000000 525
-1.000000 0.000000 0.000000 525
0.000000 -1.000000 0.000000 525
0.000000 0.000000 -1.000000 22
0.000000 -1.000000 0.000000 75
0.000000 0.000000 -1.000000 525
-1.000000 0.000000 0.000000 525
0.000000 1.000000 0.000000 525
-1.000000 0.000000 0.000000 525
0.000000 0.000000 -1.000000 525
0.000000 0.000000 1.000000 14
0.000000 1.000000 0.000000 71
0.000000 -1.000000 0.000000 86
1.000000 0.000000 0.000000 198
0.000000 1.000000 0.000000 386
0.000000 0.000000 -1.000000 525
1.000000 0.000000 0.000000 525
0.000000 0.000000 -1.000000 525
-1.000000 0.000000 0.000000 525
-1.000000 0.000000 0.000000 525
-1.000000 0.000000 0.000000 525
0.000000 1.000000 0.000000 102
0.000000 1.000000 0.000000 525
-1.000000 0.000000 0.000000 525
0.000000 1.000000 0.000000 525
0.000000 1.000000 0.000000 525
0.000000 1.000000 0.000000 525
0.000000 -1.000000 0.000000 525
0.000000 0.000000 1.000000 16
0.000000 0.000000 1.000000 82
0.000000 -1.000000 0.000000 525
0.000000 -1.000000 0.000000 525
1.000000 0.000000 0.000000 525
1.000000 0.000000 0.000000 525
0.000000 -1.000000 0.000000 525
0.000000 -1.000000 0.000000 525
0 0 0 0
84
61
33
45
41
40
25
58
38
27
9
73
60
72
50
48
1
75
29
22
65
30
59
2
5
26
77
16
85
56
35
3
28
42
63
57
64
82
53
54
81
19
20
52
37
23
44
21
39
101
76
49
34
32
13
10
43
31
71
18
17
11
12
97
74
47
15
36
8
78
51
46
0
14
6
96
83
79
4
104
24
55
7
98
89
102
99
90
93
87
68
86
88
91
69
80
94
92
67
103
62
95
100
70
66
