0.03915288 -0.3370862 0.9406593 0.03474556 -0.5987532 0.8001795 -0.03474556 0.5987532 -0.8001795
-0.1357134 -0.9878849 0.07526881 -0.1013373 -0.9894782 0.1032646 0.1013373 0.9894782 -0.1032646
-0.03234666 -0.9914456 0.1264486 -0.1013373 -0.9894782 0.1032646 0.1013373 0.9894782 -0.1032646
-0.08302277 -0.9879134 0.1308987 -0.1013373 -0.9894782 0.1032646 0.1013373 0.9894782 -0.1032646
-0.1193484 -0.9869734 0.1078864 -0.1013373 -0.9894782 0.1032646 0.1013373 0.9894782 -0.1032646
-0.1357134 -0.9878849 0.07526881 -0.1013373 -0.9894782 0.1032646 0.1013373 0.9894782 -0.1032646
-0.1333341 0.9884003 -0.0727106 -0.09944502 0.9898692 -0.1013396 0.09944502 -0.9898692 0.1013396
-0.031362 0.9915833 -0.1256148 -0.09944502 0.9898692 -0.1013396 0.09944502 -0.9898692 0.1013396
-0.0813986 0.9882709 -0.129209 -0.09944502 0.9898692 -0.1013396 0.09944502 -0.9898692 0.1013396
-0.1172683 0.9874361 -0.1059151 -0.09944502 0.9898692 -0.1013396 0.09944502 -0.9898692 0.1013396
-0.1333341 0.9884003 -0.07271061 -0.09944502 0.9898692 -0.1013396 0.09944502 -0.9898692 0.1013396
-0.01387981 0.2996405 -0.9539512 -0.01039577 0.5608523 -0.8278506 0.01039577 -0.5608523 0.8278506
-0.005830267 0.7829187 -0.6220968 -0.01039577 0.5608523 -0.8278506 0.01039577 -0.5608523 0.8278506
-0.003661413 0.8577682 -0.5140237 -0.01039577 0.5608523 -0.8278506 0.01039577 -0.5608523 0.8278506
-0.009633763 0.605246 -0.7959802 -0.01039577 0.5608523 -0.8278506 0.01039577 -0.5608523 0.8278506
-0.01574738 0.08463438 -0.9962876 -0.01039577 0.5608523 -0.8278506 0.01039577 -0.5608523 0.8278506
0.06766883 -0.03304272 -0.9971606 0.6546527 -0.02173356 -0.7556173 -0.6546527 0.02173356 0.7556173
0.2899161 -0.03046517 -0.956567 0.6546527 -0.02173356 -0.7556173 -0.6546527 0.02173356 0.7556173
0.5781866 -0.02416053 -0.8155468 0.6546527 -0.02173356 -0.7556173 -0.6546527 0.02173356 0.7556173
0.8662984 -0.01198816 -0.499383 0.6546527 -0.02173356 -0.7556173 -0.6546527 0.02173356 0.7556173
-0.09052084 -0.03279165 -0.9953545 -0.6765274 -0.01921977 -0.7361665 0.6765274 0.01921977 0.7361665
-0.3149869 -0.02936432 -0.9486417 -0.6765274 -0.01921977 -0.7361665 0.6765274 0.01921977 0.7361665
-0.6044105 -0.02184394 -0.7963735 -0.6765274 -0.01921977 -0.7361665 0.6765274 0.01921977 0.7361665
-0.8834355 -0.008491443 -0.4684758 -0.6765274 -0.01921977 -0.7361665 0.6765274 0.01921977 0.7361665
0.04964326 -0.9976243 0.04776378 0.04813796 -0.9978071 0.04542715 -0.04813796 0.9978071 -0.04542715
0.0003731361 -0.02353402 -0.999723 0.0004006404 -0.02383483 -0.9997158 -0.0004006404 0.02383483 0.9997158
0.0003878359 -0.02396837 -0.9997126 0.0004006404 -0.02383483 -0.9997158 -0.0004006404 0.02383483 0.9997158
0.0004206936 -0.02412413 -0.9997089 0.0004006404 -0.02383483 -0.9997158 -0.0004006404 0.02383483 0.9997158
0.0004484 -0.02401364 -0.9997116 0.0004006404 -0.02383483 -0.9997158 -0.0004006404 0.02383483 0.9997158
0.0003731364 -0.02353401 -0.999723 0.0004006404 -0.02383483 -0.9997158 -0.0004006404 0.02383483 0.9997158
-0.9984615 0.004455342 0.05527095 -0.9984664 0.001658105 0.05533572 0.9984664 -0.001658105 -0.05533572
-0.9984655 0.002724773 0.05531053 -0.9984664 0.001658105 0.05533572 0.9984664 -0.001658105 -0.05533572
-0.9984665 0.001568086 0.05533736 -0.9984664 0.001658105 0.05533572 0.9984664 -0.001658105 -0.05533572
-0.9984662 0.0004867935 0.05536268 -0.9984664 0.001658105 0.05533572 0.9984664 -0.001658105 -0.05533572
-0.998464 -0.0009444818 0.05539668 -0.9984664 0.001658105 0.05533572 0.9984664 -0.001658105 -0.05533572
-0.9985939 -0.004272358 0.05284015 -0.9985815 -0.006215357 0.05288133 0.9985815 0.006215357 -0.05288133
-0.9985793 -0.00650621 0.05288731 -0.9985815 -0.006215357 0.05288133 0.9985815 0.006215357 -0.05288133
-0.9985729 -0.007298897 0.05290439 -0.9985815 -0.006215357 0.05288133 0.9985815 0.006215357 -0.05288133
-0.9985741 -0.007152971 0.05290134 -0.9985815 -0.006215357 0.05288133 0.9985815 0.006215357 -0.05288133
-0.9985842 -0.00584633 0.0528733 -0.9985815 -0.006215357 0.05288133 0.9985815 0.006215357 -0.05288133
0.05205871 0.9974456 -0.0489103 0.05060383 0.9976341 -0.04653537 -0.05060383 -0.9976341 0.04653537
0.02290769 0.02348741 0.9994617 0.02293661 0.02379303 0.9994537 -0.02293661 -0.02379303 -0.9994537
0.02292388 0.02392736 0.9994509 0.02293661 0.02379303 0.9994537 -0.02293661 -0.02379303 -0.9994537
0.02295758 0.0240845 0.9994463 0.02293661 0.02379303 0.9994537 -0.02293661 -0.02379303 -0.9994537
0.02298623 0.02397849 0.9994482 0.02293661 0.02379303 0.9994537 -0.02293661 -0.02379303 -0.9994537
0.02290769 0.02348741 0.9994617 0.02293661 0.02379303 0.9994537 -0.02293661 -0.02379303 -0.9994537
0.9986792 -0.0009549416 -0.05137086 0.9986758 -0.003687577 -0.05131235 -0.9986758 0.003687577 0.05131235
0.9986781 -0.002639611 -0.05133351 0.9986758 -0.003687577 -0.05131235 -0.9986758 0.003687577 0.05131235
0.9986756 -0.003781539 -0.05130923 0.9986758 -0.003687577 -0.05131235 -0.9986758 0.003687577 0.05131235
0.9986722 -0.004830656 -0.05128769 0.9986758 -0.003687577 -0.05131235 -0.9986758 0.003687577 0.05131235
0.9986659 -0.006231106 -0.05126005 0.9986758 -0.003687577 -0.05131235 -0.9986758 0.003687577 0.05131235
0.9934284 -0.005974426 0.1142994 0.9934101 -0.007914064 0.1143406 -0.9934101 0.007914064 -0.1143406
0.9934071 -0.008207138 0.1143466 0.9934101 -0.007914064 0.1143406 -0.9934101 0.007914064 -0.1143406
0.9933982 -0.008999912 0.1143635 0.9934101 -0.007914064 0.1143406 -0.9934101 0.007914064 -0.1143406
0.9933998 -0.008861895 0.1143607 0.9934101 -0.007914064 0.1143406 -0.9934101 0.007914064 -0.1143406
0.9934141 -0.007526925 0.1143323 0.9934101 -0.007914064 0.1143406 -0.9934101 0.007914064 -0.1143406
-0.9999461 0.0003461446 0.01037845 -0.9999459 0.0003690209 0.01039433 0.9999459 -0.0003690209 -0.01039433
-0.9999458 0.0004025769 0.01040676 -0.9999459 0.0003690209 0.01039433 0.9999459 -0.0003690209 -0.01039433
-0.9999458 0.0003812175 0.01041365 -0.9999459 0.0003690209 0.01039433 0.9999459 -0.0003690209 -0.01039433
0.0004539646 -0.9995076 0.03137422 0.0003391804 -0.9995102 0.03129179 -0.0003391804 0.9995102 -0.03129179
0.00325796 0.9995014 -0.03140512 0.003141599 0.9995045 -0.03131797 -0.003141599 -0.9995045 0.03131797
-0.003794606 -0.9997531 0.02189477 -0.003715101 -0.9997441 0.02231384 0.003715101 0.9997441 -0.02231384
-0.003560793 -0.9997364 0.02268297 -0.003715101 -0.9997441 0.02231384 0.003715101 0.9997441 -0.02231384
-0.0037104 -0.9997336 0.02278285 -0.003715101 -0.9997441 0.02231384 0.003715101 0.9997441 -0.02231384
-0.0007823575 0.9997629 -0.02176273 -0.0007273383 0.9997537 -0.02218428 0.0007273383 -0.9997537 0.02218428
-0.0005931665 0.9997452 -0.0225666 -0.0007273383 0.9997537 -0.02218428 0.0007273383 -0.9997537 0.02218428
-0.0007514714 0.9997433 -0.02264505 -0.0007273383 0.9997537 -0.02218428 0.0007273383 -0.9997537 0.02218428
0.01245823 0.9997107 -0.02057651 0.01111821 0.9997064 -0.02152703 -0.01111821 -0.9997064 0.02152703
0.00972882 0.9997253 -0.02132394 0.01111821 0.9997064 -0.02152703 -0.01111821 -0.9997064 0.02152703
0.009579534 0.999698 -0.02262923 0.01111821 0.9997064 -0.02152703 -0.01111821 -0.9997064 0.02152703
0.01136614 0.9996816 -0.02252884 0.01111821 0.9997064 -0.02152703 -0.01111821 -0.9997064 0.02152703
0.01245823 0.9997107 -0.02057651 0.01111821 0.9997064 -0.02152703 -0.01111821 -0.9997064 0.02152703
0.009412107 -0.999749 0.02033165 0.008096978 -0.9997401 0.02131204 -0.008096978 0.9997401 -0.02131204
0.00672382 -0.9997541 0.02113313 0.008096978 -0.9997401 0.02131204 -0.008096978 0.9997401 -0.02131204
0.00657373 -0.9997263 0.02245342 0.008096978 -0.9997401 0.02131204 -0.008096978 0.9997401 -0.02131204
0.008363082 -0.9997161 0.0223102 0.008096978 -0.9997401 0.02131204 -0.008096978 0.9997401 -0.02131204
0.009412108 -0.9997491 0.02033165 0.008096978 -0.9997401 0.02131204 -0.008096978 0.9997401 -0.02131204
0.004559657 -0.9988758 0.04718468 0.004999988 -0.9988899 0.04683998 -0.004999988 0.9988899 -0.04683998
0.00483039 -0.9988912 0.046829 0.004999988 -0.9988899 0.04683998 -0.004999988 0.9988899 -0.04683998
0.005304952 -0.9988961 0.04667312 0.004999988 -0.9988899 0.04683998 -0.004999988 0.9988899 -0.04683998
-0.01336452 -0.02065535 -0.9996973 -0.0138781 -0.02027858 -0.999698 0.0138781 0.02027858 0.999698
-0.01383008 -0.02005723 -0.9997032 -0.0138781 -0.02027858 -0.999698 0.0138781 0.02027858 0.999698
-0.01352318 -0.01983636 -0.9997118 -0.0138781 -0.02027858 -0.999698 0.0138781 0.02027858 0.999698
-0.01341273 -0.02027676 -0.9997044 -0.0138781 -0.02027858 -0.999698 0.0138781 0.02027858 0.999698
-0.01305859 -0.02130049 -0.9996879 -0.0138781 -0.02027858 -0.999698 0.0138781 0.02027858 0.999698
-0.01273666 -0.02110044 -0.9996963 -0.0138781 -0.02027858 -0.999698 0.0138781 0.02027858 0.999698
-0.01468612 -0.02031953 -0.9996857 -0.0138781 -0.02027858 -0.999698 0.0138781 0.02027858 0.999698
-0.01635676 -0.01972389 -0.9996717 -0.0138781 -0.02027858 -0.999698 0.0138781 0.02027858 0.999698
-0.01444775 -0.01886032 -0.9997178 -0.0138781 -0.02027858 -0.999698 0.0138781 0.02027858 0.999698
-0.01336452 -0.02065535 -0.9996973 -0.0138781 -0.02027858 -0.999698 0.0138781 0.02027858 0.999698
0.003901746 -0.02210922 -0.999748 0.003824781 -0.02202488 -0.9997501 -0.003824781 0.02202488 0.9997501
0.001228661 0.9997093 -0.02408103 0.001235312 0.9997093 -0.02407929 -0.001235312 -0.9997093 0.02407929
0.0012364 0.9997092 -0.02408037 0.001235312 0.9997093 -0.02407929 -0.001235312 -0.9997093 0.02407929
0.001238824 0.9997094 -0.02407907 0.001235312 0.9997093 -0.02407929 -0.001235312 -0.9997093 0.02407929
0.001244016 0.9997094 -0.02407493 0.001235312 0.9997093 -0.02407929 -0.001235312 -0.9997093 0.02407929
0.00122866 0.9997092 -0.02408103 0.001235312 0.9997093 -0.02407929 -0.001235312 -0.9997093 0.02407929
0.007040851 0.9988638 -0.04713384 0.007469186 0.9988762 -0.04680416 -0.007469186 -0.9988762 0.04680416
0.007312741 0.9988782 -0.04678653 0.007469186 0.9988762 -0.04680416 -0.007469186 -0.9988762 0.04680416
0.007761574 0.9988812 -0.04664813 0.007469186 0.9988762 -0.04680416 -0.007469186 -0.9988762 0.04680416
0.009164818 0.02066161 0.9997445 0.008649753 0.02028777 0.9997568 -0.008649753 -0.02028777 -0.9997568
0.008693769 0.02006048 0.999761 0.008649753 0.02028777 0.9997568 -0.008649753 -0.02028777 -0.9997568
0.009003718 0.01984356 0.9997626 0.008649753 0.02028777 0.9997568 -0.008649753 -0.02028777 -0.9997568
0.00911589 0.0202865 0.9997526 0.008649753 0.02028777 0.9997568 -0.008649753 -0.02028777 -0.9997568
0.009473611 0.02130757 0.9997281 0.008649753 0.02028777 0.9997568 -0.008649753 -0.02028777 -0.9997568
0.009796745 0.02110639 0.9997293 0.008649753 0.02028777 0.9997568 -0.008649753 -0.02028777 -0.9997568
0.007839391 0.02032973 0.9997626 0.008649753 0.02028777 0.9997568 -0.008649753 -0.02028777 -0.9997568
0.006161725 0.01973828 0.9997862 0.008649753 0.02028777 0.9997568 -0.008649753 -0.02028777 -0.9997568
0.008082989 0.01888183 0.9997891 0.008649753 0.02028777 0.9997568 -0.008649753 -0.02028777 -0.9997568
0.009164817 0.02066161 0.9997445 0.008649753 0.02028777 0.9997568 -0.008649753 -0.02028777 -0.9997568
0.02643437 0.0220647 0.9994071 0.02635418 0.02197734 0.999411 -0.02635418 -0.02197734 -0.999411
-0.00173043 -0.9997087 0.02407581 -0.001726656 -0.9997087 0.02407488 0.001726656 0.9997087 -0.02407488
-0.001725968 -0.9997087 0.02407533 -0.001726656 -0.9997087 0.02407488 0.001726656 0.9997087 -0.02407488
-0.001721114 -0.9997087 0.0240738 -0.001726656 -0.9997087 0.02407488 0.001726656 0.9997087 -0.02407488
-0.001725339 -0.9997087 0.02407366 -0.001726656 -0.9997087 0.02407488 0.001726656 0.9997087 -0.02407488
-0.00173043 -0.9997087 0.02407582 -0.001726656 -0.9997087 0.02407488 0.001726656 0.9997087 -0.02407488
0.9982574 0.05058145 -0.03039289 0.9987319 0.03521046 -0.03598325 -0.9987319 -0.03521046 0.03598325
0.999059 0.02704435 -0.03390802 0.9987319 0.03521046 -0.03598325 -0.9987319 -0.03521046 0.03598325
0.9990215 0.02004014 -0.03942569 0.9987319 0.03521046 -0.03598325 -0.9987319 -0.03521046 0.03598325
0.9985651 0.02778734 -0.0457788 0.9987319 0.03521046 -0.03598325 -0.9987319 -0.03521046 0.03598325
0.9982574 0.05058146 -0.03039288 0.9987319 0.03521046 -0.03598325 -0.9987319 -0.03521046 0.03598325
-0.01664553 0.5841748 -0.8114572 -0.0206926 0.2030962 -0.9789401 0.0206926 -0.2030962 0.9789401
-0.02038497 0.2525209 -0.9673767 -0.0206926 0.2030962 -0.9789401 0.0206926 -0.2030962 0.9789401
-0.02113392 0.1066077 -0.9940766 -0.0206926 0.2030962 -0.9789401 0.0206926 -0.2030962 0.9789401
-0.02132569 0.03719284 -0.9990805 -0.0206926 0.2030962 -0.9789401 0.0206926 -0.2030962 0.9789401
-0.02137327 0.00946993 -0.9997267 -0.0206926 0.2030962 -0.9789401 0.0206926 -0.2030962 0.9789401
0.007193125 0.9989009 0.046317 0.005309352 0.9989119 0.04633398 -0.005309352 -0.9989119 -0.04633398
0.005860204 0.9989092 0.04632739 0.005309352 0.9989119 0.04633398 -0.005309352 -0.9989119 -0.04633398
0.005083275 0.998913 0.04633531 0.005309352 0.9989119 0.04633398 -0.005309352 -0.9989119 -0.04633398
0.004491821 0.9989156 0.04634212 0.005309352 0.9989119 0.04633398 -0.005309352 -0.9989119 -0.04633398
0.003918319 0.9989177 0.04634797 0.005309352 0.9989119 0.04633398 -0.005309352 -0.9989119 -0.04633398
-0.002228329 0.9961265 0.08790401 -0.0002893226 0.9961315 0.08787488 0.0002893226 -0.9961315 -0.08787488
-0.0009114413 0.9961303 0.08788417 -0.0002893226 0.9961315 0.08787488 0.0002893226 -0.9961315 -0.08787488
-0.0001017882 0.9961318 0.08787204 -0.0002893226 0.9961315 0.08787488 0.0002893226 -0.9961315 -0.08787488
0.0005547037 0.9961325 0.08786207 -0.0002893226 0.9961315 0.08787488 0.0002893226 -0.9961315 -0.08787488
0.001240243 0.9961328 0.08785179 -0.0002893226 0.9961315 0.08787488 0.0002893226 -0.9961315 -0.08787488
0.9348222 0.001040326 0.3551146 0.9347118 0.01069935 0.3552455 -0.9347118 -0.01069935 -0.3552455
0.9347625 0.00542245 0.3552319 0.9347118 0.01069935 0.3552455 -0.9347118 -0.01069935 -0.3552455
0.9346899 0.009904171 0.3553264 0.9347118 0.01069935 0.3552455 -0.9347118 -0.01069935 -0.3552455
0.9346117 0.0151264 0.355348 0.9347118 0.01069935 0.3552455 -0.9347118 -0.01069935 -0.3552455
0.934547 0.02200197 0.355159 0.9347118 0.01069935 0.3552455 -0.9347118 -0.01069935 -0.3552455
0.001097138 -0.9995902 0.02860648 0.001862872 -0.9996056 0.02802132 -0.001862872 0.9996056 -0.02802132
-0.0120166 -0.02627616 -0.9995825 -0.01198544 -0.02635475 -0.9995807 0.01198544 0.02635475 0.9995807
-0.0120026 -0.02638197 -0.9995799 -0.01198544 -0.02635475 -0.9995807 0.01198544 0.02635475 0.9995807
-0.01196412 -0.02644355 -0.9995788 -0.01198544 -0.02635475 -0.9995807 0.01198544 0.02635475 0.9995807
-0.01192728 -0.0263959 -0.9995804 -0.01198544 -0.02635475 -0.9995807 0.01198544 0.02635475 0.9995807
-0.0120166 -0.02627616 -0.9995825 -0.01198544 -0.02635475 -0.9995807 0.01198544 0.02635475 0.9995807
0.004096135 0.9995829 -0.02858933 0.004853801 0.9995964 -0.0279932 -0.004853801 -0.9995964 0.0279932
0.01052034 0.02627193 0.9995995 0.01054686 0.02634429 0.9995973 -0.01054686 -0.02634429 -0.9995973
0.01053152 0.02637352 0.9995967 0.01054686 0.02634429 0.9995973 -0.01054686 -0.02634429 -0.9995973
0.01056169 0.02641902 0.9995952 0.01054686 0.02634429 0.9995973 -0.01054686 -0.02634429 -0.9995973
0.0106004 0.02638507 0.9995956 0.01054686 0.02634429 0.9995973 -0.01054686 -0.02634429 -0.9995973
0.01052034 0.02627193 0.9995995 0.01054686 0.02634429 0.9995973 -0.01054686 -0.02634429 -0.9995973
0.9999385 0.001467606 -0.01098834 0.9999416 0.0006582215 -0.01077978 -0.9999416 -0.0006582215 0.01077978
0.9999455 0.0001942484 -0.01043691 0.9999416 0.0006582215 -0.01077978 -0.9999416 -0.0006582215 0.01077978
0.9999433 -5.275862E-05 -0.01065641 0.9999416 0.0006582215 -0.01077978 -0.9999416 -0.0006582215 0.01077978
0.9999413 0.0002144048 -0.0108289 0.9999416 0.0006582215 -0.01077978 -0.9999416 -0.0006582215 0.01077978
0.9999386 0.001467606 -0.01098834 0.9999416 0.0006582215 -0.01077978 -0.9999416 -0.0006582215 0.01077978
-0.9979836 0.01035008 0.06262297 -0.6765274 -0.01921977 -0.7361665 0.6765274 0.01921977 0.7361665
0.999359 0.006653018 0.03517466 0.6546527 -0.02173356 -0.7556173 -0.6546527 0.02173356 0.7556173
-0.08532888 -0.06191972 -0.994427 -0.07118575 0.0005257424 -0.9974629 0.07118575 -0.0005257424 0.9974629
-0.06275345 0.06216134 0.9960914 -0.04876759 -0.0003194355 0.9988101 0.04876759 0.0003194355 -0.9988101
0.02727286 -0.8075961 0.589105 0.03474556 -0.5987532 0.8001795 -0.03474556 0.5987532 -0.8001795
0.9999744 0.002778792 -0.006601669 0.9999757 0.0005611695 -0.006946222 -0.9999757 -0.0005611695 0.006946222
0.003459619 0.9995989 -0.02811084 0.003459618 0.9995989 -0.02811084 -0.003459618 -0.9995989 0.02811084
0.003459617 0.9995989 -0.02811084 0.003459618 0.9995989 -0.02811084 -0.003459618 -0.9995989 0.02811084
0.000590093 -0.9996059 0.02806912 0.000590092 -0.9996059 0.02806912 -0.000590092 0.9996059 -0.02806912
0.000590091 -0.9996058 0.02806912 0.000590092 -0.9996059 0.02806912 -0.000590092 0.9996059 -0.02806912
0.002245738 -0.999613 0.02772874 0.001862872 -0.9996056 0.02802132 -0.001862872 0.9996056 -0.02802132
0.005232633 0.9996027 -0.02769513 0.004853801 0.9995964 -0.0279932 -0.004853801 -0.9995964 0.0279932
0.002245738 -0.999613 0.02772874 0.001862872 -0.9996056 0.02802132 -0.001862872 0.9996056 -0.02802132
0.005232633 0.9996027 -0.02769513 0.004853801 0.9995964 -0.0279932 -0.004853801 -0.9995964 0.0279932
0.001682801 0.1300309 0.9915085 0.002035005 0.2262184 0.9740745 -0.002035005 -0.2262184 -0.9740745
0.002367764 0.3202441 0.9473321 0.002035005 0.2262184 0.9740745 -0.002035005 -0.2262184 -0.9740745
0.9999594 -0.003915642 -0.008115962 0.9999757 0.0005611695 -0.006946222 -0.9999757 -0.0005611695 0.006946222
0.9999772 0.00169076 -0.006533579 0.9999757 0.0005611695 -0.006946222 -0.9999757 -0.0005611695 0.006946222
0.9999772 0.00169076 -0.006533579 0.9999757 0.0005611695 -0.006946222 -0.9999757 -0.0005611695 0.006946222
0.005304953 -0.9988961 0.04667312 0.004999988 -0.9988899 0.04683998 -0.004999988 0.9988899 -0.04683998
0.007761574 0.9988813 -0.04664814 0.007469186 0.9988762 -0.04680416 -0.007469186 -0.9988762 0.04680416
0.04769288 0.9979877 -0.04178444 0.05060383 0.9976341 -0.04653537 -0.05060383 -0.9976341 0.04653537
0.05205871 0.9974456 -0.0489103 0.05060383 0.9976341 -0.04653537 -0.05060383 -0.9976341 0.04653537
0.04512621 -0.9981498 0.04075282 0.04813796 -0.9978071 0.04542715 -0.04813796 0.9978071 -0.04542715
0.04964327 -0.9976243 0.04776378 0.04813796 -0.9978071 0.04542715 -0.04813796 0.9978071 -0.04542715
-0.9999461 0.0003461446 0.01037845 -0.9999459 0.0003690209 0.01039433 0.9999459 -0.0003690209 -0.01039433
0.02631409 0.02193366 0.9994131 0.02635418 0.02197734 0.999411 -0.02635418 -0.02197734 -0.999411
0.003786299 -0.02198271 -0.9997513 0.003824781 -0.02202488 -0.9997501 -0.003824781 0.02202488 0.9997501
0.003083419 0.9995061 -0.03127439 0.003141599 0.9995045 -0.03131797 -0.003141599 -0.9995045 0.03131797
0.003083417 0.9995061 -0.03127439 0.003141599 0.9995045 -0.03131797 -0.003141599 -0.9995045 0.03131797
0.0002817884 -0.9995115 0.03125059 0.0003391804 -0.9995102 0.03129179 -0.0003391804 0.9995102 -0.03129179
0.0002817884 -0.9995116 0.03125059 0.0003391804 -0.9995102 0.03129179 -0.0003391804 0.9995102 -0.03129179
0.003786299 -0.02198271 -0.9997513 0.003824781 -0.02202488 -0.9997501 -0.003824781 0.02202488 0.9997501
0.02631409 0.02193367 0.9994131 0.02635418 0.02197734 0.999411 -0.02635418 -0.02197734 -0.999411
-0.04698535 -0.005217601 0.9988819 -0.04876759 -0.0003194355 0.9988101 0.04876759 0.0003194355 -0.9988101
-0.03817431 -0.05300275 0.9978645 -0.04876759 -0.0003194355 0.9988101 0.04876759 0.0003194355 -0.9988101
-0.04698535 -0.005217601 0.998882 -0.04876759 -0.0003194355 0.9988101 0.04876759 0.0003194355 -0.9988101
-0.06938714 0.005423887 -0.997575 -0.07118575 0.0005257424 -0.9974629 0.07118575 -0.0005257424 0.9974629
-0.06038885 0.05317306 -0.9967577 -0.07118575 0.0005257424 -0.9974629 0.07118575 -0.0005257424 0.9974629
-0.06938715 0.005423888 -0.9975751 -0.07118575 0.0005257424 -0.9974629 0.07118575 -0.0005257424 0.9974629
-0.003794605 -0.9997531 0.02189477 -0.003715101 -0.9997441 0.02231384 0.003715101 0.9997441 -0.02231384
-0.0007823574 0.9997629 -0.02176273 -0.0007273383 0.9997537 -0.02218428 0.0007273383 -0.9997537 0.02218428
