24
0 -0.9729301 -0.01465992 0.2306339
1 0.9729301 0.01465992 -0.2306339
1 0.9729301 0.01465992 -0.2306339
0 -0.9729301 -0.01465992 0.2306339
6 0 -0.9697685 0.2440266
7 0 0.9697685 -0.2440266
3 -0.9697685 0 -0.2440266
2 0.9697685 0 0.2440266
2 0.9697685 0 0.2440266
3 -0.9697685 0 -0.2440266
2 0.9697685 0 0.2440266
3 -0.9697685 0 -0.2440266
4 0 0.9697685 0.2440266
5 0 -0.9697685 -0.2440266
1 0.9729301 0.01465992 -0.2306339
0 -0.9729301 -0.01465992 0.2306339
0 -0.9729301 -0.01465992 0.2306339
1 0.9729301 0.01465992 -0.2306339
7 0 0.9697685 -0.2440266
6 0 -0.9697685 0.2440266
3 -0.9697685 0 -0.2440266
2 0.9697685 0 0.2440266
4 0 0.9697685 0.2440266
5 0 -0.9697685 -0.2440266
