0.9402432 0.2444633 -0.2370239 0.9729301 0.01465992 -0.2306339 -0.9729301 -0.01465992 0.2306339
0.671436 0.671436 -0.3136041 0.9729301 0.01465992 -0.2306339 -0.9729301 -0.01465992 0.2306339
0.1879284 0.7228016 -0.6650119 0.9729301 0.01465992 -0.2306339 -0.9729301 -0.01465992 0.2306339
-0.177932 0.6843539 -0.7071068 -0.9697685 0 -0.2440266 0.9697685 0 0.2440266
-0.6661814 0.6661814 -0.335268 -0.9697685 0 -0.2440266 0.9697685 0 0.2440266
-0.9366804 0.2435369 -0.251634 -0.9697685 0 -0.2440266 0.9697685 0 0.2440266
0.9366804 0.2435369 0.251634 0.9697685 0 0.2440266 -0.9697685 0 -0.2440266
0.6661814 0.6661814 0.335268 0.9697685 0 0.2440266 -0.9697685 0 -0.2440266
0.177932 0.6843539 0.7071068 0.9697685 0 0.2440266 -0.9697685 0 -0.2440266
0.177932 -0.6843539 -0.7071068 0.9729301 0.01465992 -0.2306339 -0.9729301 -0.01465992 0.2306339
0.588039 -0.7252482 -0.3580853 0.9729301 0.01465992 -0.2306339 -0.9729301 -0.01465992 0.2306339
0.9471818 -0.2160239 -0.2370239 0.9729301 0.01465992 -0.2306339 -0.9729301 -0.01465992 0.2306339
-0.9998865 -0.0150663 0 -0.9729301 -0.01465992 0.2306339 0.9729301 0.01465992 -0.2306339
2.008366E-07 1 0 0 0.9697685 -0.2440266 0 -0.9697685 0.2440266
-1 -2.730013E-08 0 -0.9697685 0 -0.2440266 0.9697685 0 0.2440266
8.968786E-08 1 0 0 0.9697685 0.2440266 0 -0.9697685 -0.2440266
