0.8012658 -0.1874385 0.5681901
0.8508726 -0.2978646 0.4327731
0.8708645 0.4461527 0.206259
0.9385545 -0.2717192 0.2128007
0.9499007 0.2968116 0.09793589
-0.3101343 0.9400479 0.1418688
-0.9368255 0.2189429 0.2728043
-0.8451335 -0.2078803 0.4924786
-0.5303617 -0.3308011 0.7805685
0.2346379 -0.4159301 -0.8786052
0.3101286 -0.6357892 -0.7068185
0.445911 0.3243792 0.8342311
0 -0.9998477 0.01745242
-0.4821702 0.5242662 0.7018952
-0.3530068 -0.9330173 -0.06975026
-0.5501964 -0.8305035 -0.08687818
0.1676472 -0.1366153 0.9763354
-0.5383509 -0.8308512 -0.1409417
0.9300364 -0.0219155 0.3668135
0.734884 0.6487275 0.1977324
0.09989781 0.9889632 0.1094172
-0.9577315 0.1981666 0.2085193
-0.8833238 0.4330417 0.1794826
-0.8334379 -0.3543557 0.4240439
-0.7635525 -0.1493432 0.628239
-0.6357043 -0.08002066 0.7677739
-0.4273599 0.008205441 0.9040444
0.02829243 -0.02323353 0.9993296
0 0 1
0.04909899 0.02709132 0.9984265
0.4478961 0.03428838 0.8934279
0.6357051 -0.08002092 0.7677733
0.7330039 -0.1282367 0.6680276
0.121971 -0.05886266 0.9907867
-0.5325007 0.07851532 0.8427802
0.6742703 0.3705379 -0.6387968
-0.141652 -0.3268721 0.9343925
-0.02230022 -0.1303928 0.9912116
-0.254927 -0.5395136 0.8024571
-0.7743797 -0.0882604 0.6265351
-0.7109629 0.1974764 0.6749333
-0.2703381 0.1086874 0.9566109
0.2346867 -0.02636376 0.9717135
-0.2134439 -0.632596 -0.7444892
0.5533142 0.04572246 0.8317168
-0.5014905 0.4525961 0.7373358
-0.5022296 0.3734228 0.7799493
0.3070958 0.3420186 0.8880966
0.3079709 0.006476956 0.9513738
-0.3320341 -0.4774508 0.8135073
-0.09163928 -0.1967279 0.9761662
-0.8007619 -0.07020786 0.594854
-0.09229691 -0.04830704 0.994559
-0.1056571 0.6345711 0.7656083
0.03850027 0.04557435 0.9982188
-0.2640864 0.006819069 0.9644749
-0.8570077 -0.4827398 0.1802782
-0.05799472 0.2710479 0.9608172
-0.3285982 0.01783466 0.9443014
-0.07319881 -0.6496182 0.7567286
0.4046995 0.07565176 0.9113151
0.1461926 -0.2601801 0.9544287
-0.7730054 -0.3148072 0.5507804
0.2086326 -0.07196075 0.975343
-0.5526949 -0.4140103 0.723273
0.7071575 0.05600868 0.7048343
-0.1394111 -0.6136497 0.7771735
0.01966265 -0.1218507 0.9923537
0.7400175 -0.3556555 0.5708619
0.7682613 0.04695706 0.6384119
-0.3406669 -0.860728 -0.3782769
0.0629836 0.5914491 0.8038787
-0.1060469 0.3023775 0.9472708
-0.9243863 -0.2084642 -0.3194569
0.6005573 0.3775309 0.7048414
0.4714257 0.7209052 0.5079896
-0.07570788 0.0683786 0.9947827
0.1770837 0.0004479134 0.9841957
-0.07691347 0.7814466 0.6192137
0.1134966 0.08889038 0.9895539
-0.08977025 -0.08016747 0.9927309
-0.5988916 0.07634198 0.7971831
-0.4358071 0.629097 0.6436685
0.9744484 -0.08246433 0.2089256
0.5423903 -0.5159516 -0.6630285
-0.5027032 0.5311578 0.6820271
-0.0282492 -0.008496656 0.9995648
-0.7671804 0.205775 0.6075285
0.114153 0.6391622 0.7605529
-0.1400536 -0.0986873 0.9852136
-0.5795072 0.2483675 0.7761991
0.0790996 0.5910457 0.8027505
-0.1041693 -0.08512022 0.9909104
-0.381834 -0.01206825 0.9241521
0.5963142 0.1958167 0.7785019
-0.06717977 0.9953539 0.06897512
0.2399817 0.7015486 0.6709982
0.1690083 0.5005987 0.8490214
-0.3879026 0.2960457 0.8728623
-0.1915436 0.08150235 0.9780943
0.1559705 0.05003554 0.9864936
0.3879026 0.2960457 0.8728623
-0.2205392 0.3176947 0.9221891
-0.3932506 0.09956639 0.9140244
0.01636561 -0.9975451 0.06808834
-0.2225233 0.0004970413 0.9749272
-0.09845237 -0.7916865 0.6029425
0.2616572 0.5082583 0.8204932
0.6210589 0.6107132 0.4912386
0.07379659 -0.04137545 0.9964147
-0.02295483 0.03827384 0.9990036
0.3152613 0.8128054 0.4898548
0.4485072 -0.195209 0.8722011
-0.1836688 0.2944515 0.9378508
-0.4080298 0.1942168 0.8920715
-0.4457444 0.6814932 0.5804127
