113 116
-1.58775 1.23251 -2.38888
-1.88998 1.30321 -1.93935
-2.12559 1.38569 -1.41935
-2.2387 1.43206 -1.04208
-2.32115 1.45593 -0.647956
-2.35869 1.4442 -0.248298
-2.341 1.39058 0.145669
-2.09749 1.33367 1.02757
-1.86405 1.39109 1.45241
-1.47303 1.63498 1.82145
-1.05482 1.98567 1.76712
-0.607312 2.22 1.75269
-0.186515 2.52611 1.40874
0.186514 2.52611 1.40874
0.41209 2.28084 1.7469
0.832092 2.12148 1.75295
1.25377 1.83787 1.79362
1.69974 1.47445 1.66619
2.02363 1.34696 1.18059
2.28462 1.34081 0.518496
2.341 1.39058 0.145669
2.34757 1.45562 -0.448192
2.26425 1.47286 -0.847265
2.16774 1.43606 -1.23345
1.79521 1.27767 -2.098
1.36574 1.19367 -2.63994
0.916889 1.13717 -3.01747
0.452831 1.14608 -3.23692
0.168671 1.37943 -3.22345
-0.168672 1.37943 -3.22345
-0.557929 1.16465 -3.19848
-0.91689 1.13717 -3.01747
-1.36574 1.19367 -2.63994
-1.30862 0.967287 -0.801634
-1.79051 1.03834 -1.11273
-2.1607 1.06766 -1.48647
-2.32372 0.69148 -1.64278
-2.40912 0.192132 -1.71039
-2.49704 0.006063 -1.86342
-2.64766 -0.011104 -2.052
-2.81483 0.035329 -2.24168
-0.713758 0.777351 1.48182
-1.27835 0.840775 1.6199
-1.85623 0.8707 1.76015
-2.07683 0.852471 1.90791
-2.2351 0.558258 1.98086
-2.34786 0.178752 2.08995
-2.56952 -0.068115 2.26167
-2.87231 -0.074483 2.35973
-2.359 0.95763 0.700135
-2.53975 0.569602 0.604967
-2.57943 0.214529 0.509644
-2.83273 0.081955 0.479698
-3.03536 0.039787 0.486685
1.2443 0.935327 1.70837
2.01161 0.915514 1.91861
2.34378 0.404715 2.12989
2.43966 -0.043396 2.26209
2.85908 -0.06616 2.40847
1.98636 1.0162 0.893042
2.28513 1.07205 0.755727
2.44163 0.793526 0.655829
2.60228 0.214646 0.550429
2.97827 0.084961 0.460434
1.79051 1.03834 -1.11273
2.1607 1.06766 -1.48647
2.37328 0.744945 -1.70315
2.48247 0.068287 -1.7884
2.64766 -0.011104 -2.052
2.9229 0.005719 -2.38446
1.01157 1.50322 2.24068
1.21892 1.51061 2.03713
1.43407 1.32377 1.97791
1.38329 1.03357 2.31422
1.10076 0.855962 2.65008
0.790874 0.939986 2.81842
0.470804 1.22907 2.77419
0.07548 1.22807 2.84532
-0.468798 1.25282 2.74648
-0.714138 1.06067 2.79188
-0.915436 0.880905 2.75916
-1.25959 0.924775 2.49641
-1.43488 1.17781 2.13042
-1.35683 1.49499 1.89158
-0.926399 1.84998 1.96745
-0.509068 1.12235 2.7982
-0.329441 1.07417 3.04135
-0.374208 0.823512 3.25872
-0.599319 0.66489 3.21083
-0.760578 0.734003 3.06832
-0.7323 0.945301 2.90996
-0.584455 1.06611 2.93588
-0.564245 0.761108 3.41998
-0.957703 0.738674 3.3605
-1.47575 0.78267 3.49978
-0.44235 0.621677 3.39129
-0.276905 0.49541 3.50764
-0.038848 0.394116 3.5627
0.276905 0.49541 3.50764
0.44235 0.621677 3.39129
0.304686 0.819987 3.29005
0.620945 0.739914 3.43484
1.00497 0.740377 3.34932
1.27091 0.739783 3.41002
1.47575 0.78267 3.49978
0.398342 1.00191 3.14749
0.50267 1.1045 2.88805
0.677925 1.00624 2.87099
0.790291 0.818886 2.88075
0.74614 0.705056 3.09804
0.522903 0.802218 3.23458
0.15035 1.21131 2.83464
0.311573 1.13457 2.92509
0 1
1 2
2 3
3 4
4 5
5 6
6 7
7 8
8 9
9 10
10 11
11 12
12 13
13 14
14 15
15 16
16 17
17 18
18 19
19 20
20 21
21 22
22 23
23 24
24 25
25 26
26 27
27 28
28 29
29 30
30 31
31 32
32 0
4 33
33 34
34 35
35 36
36 37
37 38
38 39
39 40
7 41
41 42
42 43
43 44
44 45
45 46
46 47
47 48
7 49
49 50
50 51
51 52
52 53
17 54
54 55
55 56
56 57
57 58
18 59
59 60
60 61
61 62
62 63
21 64
64 65
65 66
66 67
67 68
68 69
70 71
71 16
16 72
72 73
73 74
74 75
75 76
76 77
77 78
78 79
79 80
80 81
81 82
82 83
83 84
84 10
79 85
85 86
86 87
87 88
88 89
89 90
90 91
91 86
87 92
92 93
93 94
87 95
95 96
96 97
97 98
98 99
99 100
100 101
101 102
102 103
103 104
100 105
105 106
106 107
107 108
108 109
109 110
110 105
111 112
112 105
