0 0.9475594 0.3195798
-0.9180301 -0.177325 -0.35465
-0.9233389 -0.1717238 -0.3434477
0 -0.7666201 0.642101
0 0.8061717 0.5916817
-0.9187945 -0.3947361 0
0.9200012 -0.3919156 0
0 -0.7679595 0.6404985
0 0.7212058 -0.6927209
0 0.8111808 0.5847954
0.9180729 0.1772806 0.3545612
0.9187163 -0.1766129 -0.3532258
-0.9236197 0.1714216 0.3428431
-0.9193139 0.1759898 0.3519795
0.9222996 0.1728372 0.3456744
0 -0.8134376 0.5816522
-0.9221202 -0.3869036 0
0.9673491 0.1133452 0.2266905
0.9453601 0.3260283 0
-0.05959808 -0.9982225 0
0.06399909 0.99795 0
0.9453917 -0.3259365 0
0.3155991 -0.4243577 -0.8487154
-0.3226897 -0.4232898 -0.8465797
-0.9448957 0.3273717 0
-0.9710183 0.1068864 0.2137729
0 0.6960636 0.7179801
-0.9241143 -0.3821164 0
0 -0.764678 0.6444126
0 0.9133391 0.4071999
0 0.7183239 0.6957089
-0.9217566 0.3877689 0
-0.945433 -0.3258165 0
0.9193521 -0.1759499 -0.3518998
0 0.7616392 -0.6480014
-0.943711 -0.330771 0
-0.9437056 -0.1479322 -0.2958644
-0.921724 -0.3878464 0
0.9690347 0.110428 0.220856
0.9230261 -0.3847375 0
-0.9444959 0.3285235 0
0 -0.8059807 0.5919418
0 -0.8122587 0.5832973
-0.943877 0.1477133 0.2954266
0.9209942 -0.3895765 0
0 0.8048878 0.5934271
0 -0.6942088 0.7197737
0.9703417 -0.1081083 -0.2162165
