76
48 0.5773503 0.5773503 0.5773503
49 -0.5773503 -0.5773503 -0.5773503
0 0 -0.7105578 0.7036389
1 0 0.7105578 -0.7036389
2 0.7067215 0 -0.7074919
3 -0.7067215 0 0.7074919
4 -0.7067906 0.7074229 0
5 0.7067906 -0.7074229 0
50 -0.5773503 0.5773503 0.5773503
51 0.5773503 -0.5773503 -0.5773503
6 -0.708364 0 -0.7058474
7 0.708364 0 0.7058474
8 0.7087086 0.7055014 0
9 -0.7087086 -0.7055014 0
52 -0.5773503 -0.5773503 0.5773503
53 0.5773503 0.5773503 -0.5773503
10 0 -0.7070059 -0.7072076
11 0 0.7070059 0.7072076
12 -0.7016852 0.7124872 0
13 0.7016852 -0.7124872 0
54 0.5773503 -0.5773503 0.5773503
55 -0.5773503 0.5773503 -0.5773503
14 0.7043105 0.709892 0
15 -0.7043105 -0.709892 0
56 0.5773503 0.5773503 -0.5773503
57 -0.5773503 -0.5773503 0.5773503
16 0 -0.7015877 -0.7125831
17 0 0.7015877 0.7125831
18 0.7093785 0 0.7048278
19 -0.7093785 0 -0.7048278
58 -0.5773503 0.5773503 -0.5773503
59 0.5773503 -0.5773503 0.5773503
20 0.7080387 0 -0.7061737
21 -0.7080387 0 0.7061737
60 -0.5773503 -0.5773503 -0.5773503
61 0.5773503 0.5773503 0.5773503
22 0 0.7132224 -0.7009378
23 0 -0.7132224 0.7009378
62 0.5773503 -0.5773503 -0.5773503
63 -0.5773503 0.5773503 0.5773503
64 0 0 1
65 0 0 -1
24 0.7071064 -0.001138195 -0.7071064
25 -0.7071064 0.001138195 0.7071064
26 -0.7070865 -0.007576452 -0.7070865
27 0.7070865 0.007576452 0.7070865
28 0.003867418 -0.7071015 -0.7071015
29 -0.003867418 0.7071015 0.7071015
30 -0.002279488 0.707105 -0.707105
31 0.002279488 -0.707105 0.707105
66 -1 0 0
67 1 0 0
32 -0.7071045 -0.002551104 -0.7071045
33 0.7071045 0.002551104 0.7071045
34 -0.7070916 0.7070916 -0.006548779
35 0.7070916 -0.7070916 0.006548779
36 -0.7070871 -0.7070871 -0.007466781
37 0.7070871 0.7070871 0.007466781
68 0 0 -1
69 0 0 1
38 -0.7070998 -0.004457563 0.7070998
39 0.7070998 0.004457563 -0.7070998
40 -0.002983402 0.7071037 -0.7071037
41 0.002983402 -0.7071037 0.7071037
42 0.002070671 -0.7071053 -0.7071053
43 -0.002070671 0.7071053 0.7071053
70 1 0 0
71 -1 0 0
44 -0.7071002 -0.7071002 -0.004313225
45 0.7071002 0.7071002 0.004313225
46 0.7070916 -0.7070916 -0.006553218
47 -0.7070916 0.7070916 0.006553218
72 0 1 0
73 0 -1 0
74 0 -1 0
75 0 1 0
