0 -0.7105578 0.7036389
-0.708364 0 -0.7058474
0 -0.7070059 -0.7072077
0.7067215 0 -0.7074919
-0.7067906 0.7074229 0
0.7087086 0.7055014 0
-0.7016852 0.7124871 0
0.7043105 0.709892 0
0 -0.7015877 -0.7125831
0.7080387 0 -0.7061737
0 0.7132224 -0.7009378
0.7093785 0 0.7048278
0.7071064 -0.001138195 -0.7071064
-0.7071045 -0.002551104 -0.7071045
-0.7070998 -0.004457562 0.7070998
-0.7070865 -0.007576452 -0.7070865
0.003867418 -0.7071015 -0.7071015
-0.7070916 0.7070916 -0.006548778
-0.002983402 0.7071037 -0.7071037
-0.7071002 -0.7071002 -0.004313226
-0.002279488 0.707105 -0.707105
-0.7070871 -0.7070871 -0.007466782
0.002070671 -0.7071053 -0.7071053
0.7070916 -0.7070916 -0.006553218
