50
0 0.07804928 -0.9264303 -0.3682868
1 -0.07804928 0.9264303 0.3682868
24 -0.6726575 -0.2506023 0.6962258
25 0.6726575 0.2506023 -0.6962258
2 -0.2143693 -0.9755736 -0.04797989
3 0.2143693 0.9755736 0.04797989
26 -0.4252242 0.09252711 -0.900346
27 0.4252242 -0.09252711 0.900346
4 0.009797433 -0.9455681 -0.3252768
5 -0.009797433 0.9455681 0.3252768
28 0.02834265 0.3405775 0.9397892
29 -0.02834265 -0.3405775 -0.9397892
0 0.07804928 -0.9264303 -0.3682868
1 -0.07804928 0.9264303 0.3682868
0 0.07804928 -0.9264303 -0.3682868
1 -0.07804928 0.9264303 0.3682868
30 0.06156437 0.3577335 0.9317921
31 -0.06156437 -0.3577335 -0.9317921
32 0.6706076 0.243426 -0.7007349
33 -0.6706076 -0.243426 0.7007349
6 0.672972 0.2454483 -0.6977563
7 -0.672972 -0.2454483 0.6977563
8 0.6655919 0.249877 -0.7032417
9 -0.6655919 -0.249877 0.7032417
10 -0.6707082 -0.24779 0.6991071
11 0.6707082 0.24779 -0.6991071
12 -0.6728081 -0.2370298 0.7008183
13 0.6728081 0.2370298 -0.7008183
34 0.9244527 -0.2633261 0.2757654
35 -0.9244527 0.2633261 -0.2757654
14 0.01674834 -0.9529468 -0.3026744
15 -0.01674834 0.9529468 0.3026744
16 -0.03757293 0.9528635 0.3010639
17 0.03757293 -0.9528635 -0.3010639
36 -0.8007222 0.5582907 0.217153
37 0.8007222 -0.5582907 -0.217153
1 -0.07804928 0.9264303 0.3682868
0 0.07804928 -0.9264303 -0.3682868
0 0.07804928 -0.9264303 -0.3682868
1 -0.07804928 0.9264303 0.3682868
38 -0.8018983 0.5686379 0.1833305
39 0.8018983 -0.5686379 -0.1833305
40 -0.6751183 -0.2422183 0.6968111
41 0.6751183 0.2422183 -0.6968111
18 -0.6726085 -0.2455503 0.6980709
19 0.6726085 0.2455503 -0.6980709
20 -0.6798016 -0.2461443 0.6908565
21 0.6798016 0.2461443 -0.6908565
22 0.6747667 0.24682 -0.6955357
23 -0.6747667 -0.24682 0.6955357
