77 80
-0.593376 -0.218174 0.625699
-0.477181 -0.0434124 0.545604
0.0587181 0.197042 2.67564E-14
0.284103 0.483894 -0.17568
0.294766 -0.0121231 -0.339578
-0.444885 -0.0587539 0.571512
-0.410763 -0.0867176 0.594894
-0.379625 -0.123794 0.612299
-0.356279 -0.166475 0.620273
-0.345533 -0.21125 0.615361
-0.558 -0.223758 0.643478
-0.507227 -0.224817 0.6486
-0.449358 -0.222393 0.6438
-0.392693 -0.217524 0.63181
-0.285089 -0.19866 0.580829
-0.22041 -0.181217 0.531999
-0.154341 -0.160625 0.47387
-0.0897261 -0.138589 0.411443
0.462713 0.0630626 -0.155218
0.117639 0.175337 0.0500365
0.166995 0.142301 0.0868429
0.204051 0.0983991 0.107954
0.226071 0.0440966 0.110906
0.106078 0.199815 -0.00711217
0.160574 0.211159 -0.0400753
0.218648 0.228244 -0.0901558
0.276742 0.248241 -0.14862
0.331299 0.268318 -0.206735
0.938201 -0.18091 0.217559
0.910626 -0.133771 0.207545
0.845145 -0.0827373 0.162343
0.745902 -0.0308762 0.0848691
0.617043 0.018746 -0.021957
0.453329 0.143414 -0.135417
0.430453 0.199448 -0.137223
0.399127 0.235832 -0.154081
0.364395 0.257233 -0.179437
0.328039 0.290253 -0.202034
0.325679 0.341268 -0.186235
0.320229 0.402873 -0.169681
0.3077 0.456578 -0.162714
-0.509363 -0.0418217 0.515311
-0.543007 -0.0519898 0.479627
-0.573315 -0.0729305 0.443474
-0.595487 -0.103658 0.411772
-0.604725 -0.143185 0.389442
-0.615239 -0.208727 0.593587
-0.625177 -0.193843 0.545793
-0.625318 -0.176185 0.490428
-0.617792 -0.158412 0.435607
-0.573852 -0.122829 0.329135
-0.528352 -0.10035 0.263588
-0.473214 -0.0768875 0.195931
-0.413428 -0.0535834 0.129295
0.132923 0.149667 -0.442672
-0.000467359 0.206352 -0.0529082
-0.04903 0.19903 -0.101451
-0.0844766 0.174168 -0.143535
-0.104314 0.130857 -0.177066
0.0621243 0.211357 -0.0454239
0.0923361 0.229078 -0.0995534
0.140302 0.248818 -0.158444
0.196972 0.269189 -0.21815
0.253293 0.288803 -0.274727
-0.337048 0.153976 -0.893985
-0.311381 0.187134 -0.857591
-0.247499 0.204196 -0.790037
-0.149454 0.204248 -0.695549
-0.0212965 0.186377 -0.578352
0.138003 0.22622 -0.410264
0.157961 0.271006 -0.374735
0.187416 0.291429 -0.338615
0.220987 0.294893 -0.304435
0.254802 0.309486 -0.26587
0.253145 0.360316 -0.249458
0.253815 0.420314 -0.227569
0.262303 0.4685 -0.202283
2 19
19 20
20 21
21 22
2 23
23 24
24 25
25 26
26 27
2 55
55 56
56 57
57 58
2 59
59 60
60 61
61 62
62 63
16 17
15 16
14 15
9 14
52 53
51 52
50 51
45 50
1 5
5 6
6 7
7 8
8 9
1 41
41 42
42 43
43 44
44 45
3 40
39 40
38 39
37 38
27 37
3 76
75 76
74 75
73 74
63 73
27 36
35 36
34 35
33 34
18 33
63 72
71 72
70 71
69 70
54 69
9 13
12 13
11 12
10 11
0 10
18 32
31 32
30 31
29 30
28 29
45 49
48 49
47 48
46 47
0 46
54 68
67 68
66 67
65 66
64 65
4 64
4 28
53 54
17 18
