310
1 177
1 178
3 179
3 180
5 10
5 11
6 11
6 12
7 12
7 13
8 13
8 14
10 30
10 31
11 31
11 32
12 32
12 33
13 33
13 34
14 34
14 35
15 35
15 36
16 36
16 37
17 37
17 38
18 38
18 39
20 145
20 146
22 151
22 152
25 173
25 174
27 175
27 176
29 50
29 51
30 51
30 52
31 52
31 53
32 53
32 54
34 75
34 76
35 76
35 77
36 77
36 78
37 78
37 79
38 79
38 80
39 80
39 81
40 81
40 82
41 82
41 83
42 83
42 84
44 153
44 154
46 155
46 156
49 169
49 170
51 171
51 172
53 90
53 91
54 91
54 92
55 92
55 93
56 93
56 94
58 105
58 106
59 106
59 107
60 107
60 108
61 108
61 109
62 109
62 110
63 110
63 111
64 111
64 112
65 112
65 113
66 113
66 114
68 161
68 162
70 157
70 158
73 188
73 187
74 0
74 1
75 1
75 2
76 2
76 3
77 3
77 4
78 20
78 21
79 21
79 22
80 22
80 23
81 23
81 24
82 194
82 193
85 190
85 189
86 15
86 16
87 16
87 17
88 17
88 18
89 18
89 19
90 55
90 56
91 56
91 57
92 57
92 58
93 58
93 59
94 196
94 195
97 198
97 197
98 40
98 41
99 41
99 42
100 42
100 43
101 43
101 44
102 85
102 86
103 86
103 87
104 87
104 88
105 88
105 89
106 200
106 199
109 206
109 205
110 60
110 61
111 61
111 62
112 62
112 63
113 63
113 64
114 100
114 101
115 101
115 102
116 102
116 103
117 103
117 104
118 208
118 207
121 204
121 203
122 95
122 96
123 96
123 97
124 97
124 98
125 98
125 99
126 125
126 126
127 126
127 127
128 127
128 128
129 128
129 129
130 210
130 209
133 202
133 201
134 120
134 121
135 121
135 122
136 122
136 123
137 123
137 124
138 140
138 141
139 141
139 142
140 142
140 143
141 143
141 144
142 212
142 211
145 186
145 185
146 5
146 6
147 6
147 7
148 7
148 8
149 8
149 9
150 25
150 26
151 26
151 27
152 27
152 28
153 28
153 29
154 192
154 191
156 181
156 182
157 183
157 184
158 45
158 46
159 46
159 47
160 47
160 48
161 48
161 49
162 65
162 66
163 66
163 67
164 67
164 68
165 68
165 69
166 69
166 70
167 70
167 71
168 71
168 72
169 72
169 73
170 73
170 74
171 147
171 148
172 149
172 150
173 165
173 166
174 167
174 168
175 115
175 116
176 116
176 117
177 117
177 118
178 118
178 119
179 130
179 131
180 131
180 132
181 132
181 133
182 133
182 134
183 134
183 135
184 135
184 136
185 136
185 137
186 137
186 138
187 138
187 139
188 163
188 164
189 159
189 160
