0.4734596 0.7705001 -0.4268088 0.4734027 0.7704937 -0.4268832 -0.4734027 -0.7704937 0.4268832
0.4741334 0.7705652 -0.4259422 0.4734027 0.7704937 -0.4268832 -0.4734027 -0.7704937 0.4268832
0.474079 0.7705603 -0.4260117 0.4734027 0.7704937 -0.4268832 -0.4734027 -0.7704937 0.4268832
0.4733665 0.7704908 -0.4269286 0.4734027 0.7704937 -0.4268832 -0.4734027 -0.7704937 0.4268832
0.4719732 0.7703494 -0.4287229 0.4734027 0.7704937 -0.4268832 -0.4734027 -0.7704937 0.4268832
-0.09044075 -0.9872028 0.1313433 -0.09025139 -0.9871871 0.1315915 0.09025139 0.9871871 -0.1315915
-0.09040856 -0.9872002 0.1313854 -0.09025139 -0.9871871 0.1315915 0.09025139 0.9871871 -0.1315915
-0.09031636 -0.9871926 0.1315061 -0.09025139 -0.9871871 0.1315915 0.09025139 0.9871871 -0.1315915
-0.09016076 -0.9871796 0.1317102 -0.09025139 -0.9871871 0.1315915 0.09025139 0.9871871 -0.1315915
-0.0899305 -0.9871602 0.1320123 -0.09025139 -0.9871871 0.1315915 0.09025139 0.9871871 -0.1315915
-0.6380401 -0.06883916 -0.7669199 -0.6379973 -0.06745334 -0.7670785 0.6379973 0.06745334 0.7670785
-0.6380336 -0.06668616 -0.7671154 -0.6379973 -0.06745334 -0.7670785 0.6379973 0.06745334 0.7670785
-0.6379533 -0.06618278 -0.7672259 -0.6379973 -0.06745334 -0.7670785 0.6379973 0.06745334 0.7670785
-0.6379175 -0.06671923 -0.7672092 -0.6379973 -0.06745334 -0.7670785 0.6379973 0.06745334 0.7670785
-0.6380401 -0.06883916 -0.7669199 -0.6379973 -0.06745334 -0.7670785 0.6379973 0.06745334 0.7670785
-0.3252412 -0.883505 0.3371012 -0.3252133 -0.8834929 0.3371595 0.3252133 0.8834929 -0.3371595
-0.3285479 -0.8838327 0.3330107 -0.3252133 -0.8834929 0.3371595 0.3252133 0.8834929 -0.3371595
-0.3285503 -0.8838333 0.3330065 -0.3252133 -0.8834929 0.3371595 0.3252133 0.8834929 -0.3371595
-0.3251923 -0.8834998 0.3371618 -0.3252133 -0.8834929 0.3371595 0.3252133 0.8834929 -0.3371595
-0.3185071 -0.882718 0.3454884 -0.3252133 -0.8834929 0.3371595 0.3252133 0.8834929 -0.3371595
0.1526338 -0.9874456 -0.04067173 0.151531 -0.987556 -0.04208899 -0.151531 0.987556 0.04208899
0.1507597 -0.9876314 -0.04307873 0.151531 -0.987556 -0.04208899 -0.151531 0.987556 0.04208899
0.1501591 -0.9876888 -0.04385126 0.151531 -0.987556 -0.04208899 -0.151531 0.987556 0.04208899
0.1509057 -0.9876171 -0.04289315 0.151531 -0.987556 -0.04208899 -0.151531 0.987556 0.04208899
0.1531952 -0.9873881 -0.03994966 0.151531 -0.987556 -0.04208899 -0.151531 0.987556 0.04208899
0.7377028 -0.4088524 -0.537247 0.7373227 -0.4088833 -0.5377449 -0.7373227 0.4088833 0.5377449
0.7370875 -0.4089026 -0.5380526 0.7373227 -0.4088833 -0.5377449 -0.7373227 0.4088833 0.5377449
0.7368643 -0.4089202 -0.5383449 0.7373227 -0.4088833 -0.5377449 -0.7373227 0.4088833 0.5377449
0.7370823 -0.4089027 -0.5380598 0.7373227 -0.4088833 -0.5377449 -0.7373227 0.4088833 0.5377449
0.7378761 -0.4088381 -0.53702 0.7373227 -0.4088833 -0.5377449 -0.7373227 0.4088833 0.5377449
0.6045188 0.08115956 0.7924457 0.6052903 0.08263311 0.7917041 -0.6052903 -0.08263311 -0.7917041
0.6051121 0.08404756 0.7916914 0.6052903 0.08263311 0.7917041 -0.6052903 -0.08263311 -0.7917041
0.6056231 0.08434653 0.7912689 0.6052903 0.08263311 0.7917041 -0.6052903 -0.08263311 -0.7917041
0.6038179 0.08310019 0.7927788 0.6052903 0.08263311 0.7917041 -0.6052903 -0.08263311 -0.7917041
0.604037 0.0788073 0.7930503 0.6052903 0.08263311 0.7917041 -0.6052903 -0.08263311 -0.7917041
0.6053932 0.08087596 0.7918069 0.6052903 0.08263311 0.7917041 -0.6052903 -0.08263311 -0.7917041
0.6056303 0.08471576 0.7912239 0.6052903 0.08263311 0.7917041 -0.6052903 -0.08263311 -0.7917041
0.6055411 0.0859584 0.7911581 0.6052903 0.08263311 0.7917041 -0.6052903 -0.08263311 -0.7917041
0.6056231 0.08434651 0.7912689 0.6052903 0.08263311 0.7917041 -0.6052903 -0.08263311 -0.7917041
0.6075847 0.07897026 0.7903193 0.6052903 0.08263311 0.7917041 -0.6052903 -0.08263311 -0.7917041
-0.1027892 0.9945162 -0.01928569 -0.1065392 0.9940199 -0.02395058 0.1065392 -0.9940199 0.02395058
-0.1065916 0.9940124 -0.02403218 -0.1065392 0.9940199 -0.02395058 0.1065392 -0.9940199 0.02395058
-0.1085265 0.9937421 -0.02643241 -0.1065392 0.9940199 -0.02395058 0.1065392 -0.9940199 0.02395058
-0.1084575 0.9937524 -0.02632959 -0.1065392 0.9940199 -0.02395058 0.1065392 -0.9940199 0.02395058
-0.1063285 0.9940493 -0.02367235 -0.1065392 0.9940199 -0.02395058 0.1065392 -0.9940199 0.02395058
-0.6279447 -0.07582714 -0.7745551 -0.6279388 -0.07562447 -0.7745798 0.6279388 0.07562447 0.7745798
-0.6279449 -0.07552539 -0.7745845 -0.6279388 -0.07562447 -0.7745798 0.6279388 0.07562447 0.7745798
-0.627933 -0.07543731 -0.7746028 -0.6279388 -0.07562447 -0.7745798 0.6279388 0.07562447 0.7745798
-0.6279265 -0.07550539 -0.7746014 -0.6279388 -0.07562447 -0.7745798 0.6279388 0.07562447 0.7745798
-0.6279448 -0.07582716 -0.7745552 -0.6279388 -0.07562447 -0.7745798 0.6279388 0.07562447 0.7745798
-0.6170164 -0.08585161 -0.7822533 -0.6170326 -0.08648542 -0.7821708 0.6170326 0.08648542 0.7821708
-0.6170132 -0.08684622 -0.7821461 -0.6170326 -0.08648542 -0.7821708 0.6170326 0.08648542 0.7821708
-0.6170509 -0.08707604 -0.7820908 -0.6170326 -0.08648542 -0.7821708 0.6170326 0.08648542 0.7821708
-0.6170659 -0.08680154 -0.7821095 -0.6170326 -0.08648542 -0.7821708 0.6170326 0.08648542 0.7821708
-0.6170164 -0.08585161 -0.7822534 -0.6170326 -0.08648542 -0.7821708 0.6170326 0.08648542 0.7821708
0.7715002 0.0877997 -0.6301417 0.7736595 0.08801574 -0.6274586 -0.7736595 -0.08801574 0.6274586
0.7734438 0.08800057 -0.6277265 0.7736595 0.08801574 -0.6274586 -0.7736595 -0.08801574 0.6274586
0.774516 0.08808446 -0.6263913 0.7736595 0.08801574 -0.6274586 -0.7736595 -0.08801574 0.6274586
0.774731 0.08811082 -0.6261217 0.7736595 0.08801574 -0.6274586 -0.7736595 -0.08801574 0.6274586
0.7740996 0.08808243 -0.6269061 0.7736595 0.08801574 -0.6274586 -0.7736595 -0.08801574 0.6274586
-0.7351658 -0.2773796 0.6185401 -0.7313874 -0.2767683 0.623275 0.7313874 0.2767683 -0.623275
-0.7318017 -0.2768542 0.6227504 -0.7313874 -0.2767683 0.623275 0.7313874 0.2767683 -0.623275
-0.7298958 -0.2765173 0.6251321 -0.7313874 -0.2767683 0.623275 0.7313874 0.2767683 -0.623275
-0.7294794 -0.2764407 0.625652 -0.7313874 -0.2767683 0.623275 0.7313874 0.2767683 -0.623275
-0.7305746 -0.2766421 0.6242835 -0.7313874 -0.2767683 0.623275 0.7313874 0.2767683 -0.623275
0.6225708 0.07814972 0.7786515 0.6238375 0.08114661 0.77733 -0.6238375 -0.08114661 -0.77733
0.622852 0.08117916 0.7781165 0.6238375 0.08114661 0.77733 -0.6238375 -0.08114661 -0.77733
0.624101 0.08162777 0.7770682 0.6238375 0.08114661 0.77733 -0.6238375 -0.08114661 -0.77733
0.6242862 0.0818069 0.7769005 0.6238375 0.08114661 0.77733 -0.6238375 -0.08114661 -0.77733
0.6240383 0.08128943 0.777154 0.6238375 0.08114661 0.77733 -0.6238375 -0.08114661 -0.77733
0.6240885 0.08119477 0.7771235 0.6238375 0.08114661 0.77733 -0.6238375 -0.08114661 -0.77733
0.6240991 0.08145691 0.7770876 0.6238375 0.08114661 0.77733 -0.6238375 -0.08114661 -0.77733
0.6241021 0.08159466 0.7770707 0.6238375 0.08114661 0.77733 -0.6238375 -0.08114661 -0.77733
0.624101 0.08162776 0.7770682 0.6238375 0.08114661 0.77733 -0.6238375 -0.08114661 -0.77733
0.6241312 0.0815383 0.7770532 0.6238375 0.08114661 0.77733 -0.6238375 -0.08114661 -0.77733
0.6235934 0.08556031 0.7770525 0.6260091 0.09456052 0.7740613 -0.6260091 -0.09456052 -0.7740613
0.6239331 0.09637567 0.7755123 0.6260091 0.09456052 0.7740613 -0.6260091 -0.09456052 -0.7740613
0.6273773 0.09912715 0.7723805 0.6260091 0.09456052 0.7740613 -0.6260091 -0.09456052 -0.7740613
0.6250373 0.09713016 0.7745284 0.6260091 0.09456052 0.7740613 -0.6260091 -0.09456052 -0.7740613
0.6238253 0.09003129 0.776361 0.6260091 0.09456052 0.7740613 -0.6260091 -0.09456052 -0.7740613
0.6263798 0.09060113 0.774235 0.6260091 0.09456052 0.7740613 -0.6260091 -0.09456052 -0.7740613
0.627318 0.09415075 0.773051 0.6260091 0.09456052 0.7740613 -0.6260091 -0.09456052 -0.7740613
0.6275614 0.09603464 0.7726215 0.6260091 0.09456052 0.7740613 -0.6260091 -0.09456052 -0.7740613
0.6276153 0.09745585 0.7723998 0.6260091 0.09456052 0.7740613 -0.6260091 -0.09456052 -0.7740613
0.6273773 0.09912717 0.7723805 0.6260091 0.09456052 0.7740613 -0.6260091 -0.09456052 -0.7740613
-0.7709268 0.2261327 0.5954292 -0.7731829 0.2258019 0.5926228 0.7731829 -0.2258019 -0.5926228
-0.7732341 0.225787 0.5925617 -0.7731829 0.2258019 0.5926228 0.7731829 -0.2258019 -0.5926228
-0.7743318 0.2256148 0.5911922 -0.7731829 0.2258019 0.5926228 0.7731829 -0.2258019 -0.5926228
-0.7742835 0.2256387 0.5912464 -0.7731829 0.2258019 0.5926228 0.7731829 -0.2258019 -0.5926228
-0.7731307 0.2258342 0.5926785 -0.7731829 0.2258019 0.5926228 0.7731829 -0.2258019 -0.5926228
-0.6388734 -0.07394791 -0.7657496 -0.6388416 -0.07306325 -0.765861 0.6388416 0.07306325 0.765861
-0.6388591 -0.07256001 -0.7658944 -0.6388416 -0.07306325 -0.765861 0.6388416 0.07306325 0.765861
-0.6388069 -0.07225517 -0.7659667 -0.6388416 -0.07306325 -0.765861 0.6388416 0.07306325 0.765861
-0.6387944 -0.07260519 -0.765944 -0.6388416 -0.07306325 -0.765861 0.6388416 0.07306325 0.765861
-0.6388735 -0.07394791 -0.7657496 -0.6388416 -0.07306325 -0.765861 0.6388416 0.07306325 0.765861
0.6804274 -0.5563822 -0.4769251 0.6796192 -0.5565222 -0.4779131 -0.6796192 0.5565222 0.4779131
0.6801345 -0.5564327 -0.4772836 0.6796192 -0.5565222 -0.4779131 -0.6796192 0.5565222 0.4779131
0.6797313 -0.5565025 -0.4777764 0.6796192 -0.5565222 -0.4779131 -0.6796192 0.5565222 0.4779131
0.6792161 -0.5565916 -0.4784049 0.6796192 -0.5565222 -0.4779131 -0.6796192 0.5565222 0.4779131
0.6785845 -0.5567003 -0.4791742 0.6796192 -0.5565222 -0.4779131 -0.6796192 0.5565222 0.4779131
0.6657023 -0.5889378 -0.4582498 0.6661971 -0.5888535 -0.4576385 -0.6661971 0.5888535 0.4576385
0.6671953 -0.5886907 -0.4563922 0.6661971 -0.5888535 -0.4576385 -0.6661971 0.5888535 0.4576385
0.667459 -0.5886478 -0.4560617 0.6661971 -0.5888535 -0.4576385 -0.6661971 0.5888535 0.4576385
0.6664616 -0.5888161 -0.4573013 0.6661971 -0.5888535 -0.4576385 -0.6661971 0.5888535 0.4576385
0.6641615 -0.5891698 -0.4601831 0.6661971 -0.5888535 -0.4576385 -0.6661971 0.5888535 0.4576385
0.6106346 0.08285597 0.7875661 0.610805 0.08481281 0.7872255 -0.610805 -0.08481281 -0.7872255
0.6106582 0.08514343 0.7873037 0.610805 0.08481281 0.7872255 -0.610805 -0.08481281 -0.7872255
0.6112611 0.0856794 0.7867776 0.610805 0.08481281 0.7872255 -0.610805 -0.08481281 -0.7872255
0.6094674 0.08480414 0.7882625 0.610805 0.08481281 0.7872255 -0.610805 -0.08481281 -0.7872255
0.6089218 0.08163676 0.7890182 0.610805 0.08481281 0.7872255 -0.610805 -0.08481281 -0.7872255
0.6112282 0.08547138 0.7868257 0.610805 0.08481281 0.7872255 -0.610805 -0.08481281 -0.7872255
0.6113271 0.08690787 0.7865915 0.610805 0.08481281 0.7872255 -0.610805 -0.08481281 -0.7872255
0.6112384 0.08667418 0.7866862 0.610805 0.08481281 0.7872255 -0.610805 -0.08481281 -0.7872255
0.6112612 0.08567941 0.7867776 0.610805 0.08481281 0.7872255 -0.610805 -0.08481281 -0.7872255
0.6120395 0.08327392 0.7864307 0.610805 0.08481281 0.7872255 -0.610805 -0.08481281 -0.7872255
-0.6310802 -0.0749696 -0.7720864 -0.6310646 -0.07451026 -0.7721436 0.6310646 0.07451026 0.7721436
-0.6310756 -0.07424396 -0.7721603 -0.6310646 -0.07451026 -0.7721436 0.6310646 0.07451026 0.7721436
-0.6310467 -0.07406531 -0.772201 -0.6310646 -0.07451026 -0.7721436 0.6310646 0.07451026 0.7721436
-0.63104 -0.07430281 -0.7721837 -0.6310646 -0.07451026 -0.7721436 0.6310646 0.07451026 0.7721436
-0.6310802 -0.0749696 -0.7720864 -0.6310646 -0.07451026 -0.7721436 0.6310646 0.07451026 0.7721436
0.3639276 -0.9175053 -0.1604399 0.3632846 -0.9176286 -0.16119 -0.3632846 0.9176286 0.16119
0.3631762 -0.9176494 -0.1613157 0.3632846 -0.9176286 -0.16119 -0.3632846 0.9176286 0.16119
0.3628689 -0.917708 -0.161673 0.3632846 -0.9176286 -0.16119 -0.3632846 0.9176286 0.16119
0.3629748 -0.9176875 -0.1615518 0.3632846 -0.9176286 -0.16119 -0.3632846 0.9176286 0.16119
0.3634754 -0.9175916 -0.1609697 0.3632846 -0.9176286 -0.16119 -0.3632846 0.9176286 0.16119
-0.6642613 0.585003 0.4653262 -0.6636308 0.5851102 0.4660903 0.6636308 -0.5851102 -0.4660903
-0.6634502 0.5851411 0.4663086 -0.6636308 0.5851102 0.4660903 0.6636308 -0.5851102 -0.4660903
-0.6631408 0.5851935 0.4666828 -0.6636308 0.5851102 0.4660903 0.6636308 -0.5851102 -0.4660903
-0.6633008 0.5851658 0.4664902 -0.6636308 0.5851102 0.4660903 0.6636308 -0.5851102 -0.4660903
-0.6640004 0.5850469 0.4656433 -0.6636308 0.5851102 0.4660903 0.6636308 -0.5851102 -0.4660903
0.6213344 0.07819325 0.7796342 0.6218356 0.08215974 0.7788263 -0.6218356 -0.08215974 -0.7788263
0.6201282 0.0810755 0.7802998 0.6218356 0.08215974 0.7788263 -0.6218356 -0.08215974 -0.7788263
0.6223579 0.08324142 0.778294 0.6218356 0.08215974 0.7788263 -0.6218356 -0.08215974 -0.7788263
0.6220123 0.08312186 0.778583 0.6218356 0.08215974 0.7788263 -0.6218356 -0.08215974 -0.7788263
0.6210291 0.08123765 0.7795661 0.6218356 0.08215974 0.7788263 -0.6218356 -0.08215974 -0.7788263
0.6222826 0.08247305 0.7784359 0.6218356 0.08215974 0.7788263 -0.6218356 -0.08215974 -0.7788263
0.6223137 0.08242194 0.7784165 0.6218356 0.08215974 0.7788263 -0.6218356 -0.08215974 -0.7788263
0.6223633 0.08276515 0.7783405 0.6218356 0.08215974 0.7788263 -0.6218356 -0.08215974 -0.7788263
0.6223578 0.0832414 0.7782941 0.6218356 0.08215974 0.7788263 -0.6218356 -0.08215974 -0.7788263
0.6221657 0.08382469 0.778385 0.6218356 0.08215974 0.7788263 -0.6218356 -0.08215974 -0.7788263
0.741939 -0.3412643 -0.577118 0.7416126 -0.3413271 -0.5775003 -0.7416126 0.3413271 0.5775003
0.7410551 -0.3414332 -0.578153 0.7416126 -0.3413271 -0.5775003 -0.7416126 0.3413271 0.5775003
0.7408409 -0.3414741 -0.5784032 0.7416126 -0.3413271 -0.5775003 -0.7416126 0.3413271 0.5775003
0.7413869 -0.3413697 -0.5777648 0.7416126 -0.3413271 -0.5775003 -0.7416126 0.3413271 0.5775003
0.7428387 -0.3410931 -0.5760609 0.7416126 -0.3413271 -0.5775003 -0.7416126 0.3413271 0.5775003
0.6127613 0.07657616 0.7865493 0.6127613 0.07657617 0.7865493 -0.6127613 -0.07657617 -0.7865493
0.6127613 0.07657617 0.7865493 0.6127613 0.07657617 0.7865493 -0.6127613 -0.07657617 -0.7865493
0.6474634 0.09671996 0.7559342 0.6474634 0.09671995 0.7559342 -0.6474634 -0.09671995 -0.7559342
0.6474634 0.09671994 0.7559342 0.6474634 0.09671995 0.7559342 -0.6474634 -0.09671995 -0.7559342
0.7350461 0.360892 0.5739898 0.7205208 0.3708739 0.58592 -0.7205208 -0.3708739 -0.58592
0.7056692 0.3806879 0.5975849 0.7205208 0.3708739 0.58592 -0.7205208 -0.3708739 -0.58592
0.1383452 -0.5625398 0.8151132 0.1729386 -0.5849704 0.7924026 -0.1729386 0.5849704 -0.7924026
0.207149 -0.606105 0.7679363 0.1729386 -0.5849704 0.7924026 -0.1729386 0.5849704 -0.7924026
0.6324263 0.09943194 0.7682124 0.6324263 0.09943194 0.7682124 -0.6324263 -0.09943194 -0.7682124
0.6324263 0.09943194 0.7682124 0.6324263 0.09943194 0.7682124 -0.6324263 -0.09943194 -0.7682124
-0.5149276 -0.8571551 0.01160701 -0.4891578 -0.8721511 -0.008775774 0.4891578 0.8721511 0.008775774
-0.46275 -0.8860095 -0.02914711 -0.4891578 -0.8721511 -0.008775774 0.4891578 0.8721511 0.008775774
-0.1689889 -0.9161306 0.363521 -0.1517286 -0.9242303 0.3503951 0.1517286 0.9242303 -0.3503951
-0.1343871 -0.9318349 0.3370814 -0.1517286 -0.9242303 0.3503951 0.1517286 0.9242303 -0.3503951
-0.2119138 0.6930238 -0.6890651 -0.2239026 0.6980389 -0.6801539 0.2239026 -0.6980389 0.6801539
-0.2358359 0.7028807 -0.6710739 -0.2239026 0.6980389 -0.6801539 0.2239026 -0.6980389 0.6801539
0.6285187 0.0911178 0.7724389 0.6285187 0.0911178 0.7724389 -0.6285187 -0.0911178 -0.7724389
0.6285187 0.09111781 0.7724389 0.6285187 0.0911178 0.7724389 -0.6285187 -0.0911178 -0.7724389
0.6248534 0.08854624 0.7757047 0.6248535 0.08854625 0.7757047 -0.6248535 -0.08854625 -0.7757047
0.6248535 0.08854625 0.7757047 0.6248535 0.08854625 0.7757047 -0.6248535 -0.08854625 -0.7757047
-0.6225173 -0.05246376 -0.7808456 -0.6225173 -0.05246375 -0.7808456 0.6225173 0.05246375 0.7808456
-0.6225173 -0.05246374 -0.7808456 -0.6225173 -0.05246375 -0.7808456 0.6225173 0.05246375 0.7808456
-0.6487043 -0.07209076 -0.7576184 -0.6487043 -0.07209076 -0.7576184 0.6487043 0.07209076 0.7576184
-0.6487043 -0.07209075 -0.7576184 -0.6487043 -0.07209076 -0.7576184 0.6487043 0.07209076 0.7576184
-0.6076324 -0.07863551 -0.790316 -0.6076324 -0.07863551 -0.790316 0.6076324 0.07863551 0.790316
-0.6076324 -0.07863553 -0.790316 -0.6076324 -0.07863551 -0.790316 0.6076324 0.07863551 0.790316
-0.6196166 -0.08092476 -0.7807217 -0.6196166 -0.08092476 -0.7807218 0.6196166 0.08092476 0.7807218
-0.6196166 -0.08092476 -0.7807218 -0.6196166 -0.08092476 -0.7807218 0.6196166 0.08092476 0.7807218
-0.6064953 -0.08121955 -0.7909279 -0.6064953 -0.08121955 -0.7909279 0.6064953 0.08121955 0.7909279
-0.6064952 -0.08121955 -0.7909279 -0.6064953 -0.08121955 -0.7909279 0.6064953 0.08121955 0.7909279
-0.6422468 -0.08971565 -0.7612293 -0.6422468 -0.08971564 -0.7612294 0.6422468 0.08971564 0.7612294
-0.6422468 -0.08971564 -0.7612294 -0.6422468 -0.08971564 -0.7612294 0.6422468 0.08971564 0.7612294
-0.6143916 -0.05454421 -0.7871137 -0.6143916 -0.05454421 -0.7871137 0.6143916 0.05454421 0.7871137
-0.6143916 -0.05454421 -0.7871137 -0.6143916 -0.05454421 -0.7871137 0.6143916 0.05454421 0.7871137
0.5684208 0.04601239 0.8214504 0.5680804 0.04897499 0.8215146 -0.5680804 -0.04897499 -0.8215146
0.5677348 0.05193715 0.8215715 0.5680804 0.04897499 0.8215146 -0.5680804 -0.04897499 -0.8215146
-0.6092028 -0.08322062 -0.7886358 -0.6092028 -0.08322062 -0.7886358 0.6092028 0.08322062 0.7886358
-0.6092028 -0.08322062 -0.7886358 -0.6092028 -0.08322062 -0.7886358 0.6092028 0.08322062 0.7886358
-0.4180338 -0.04414662 -0.9073582 -0.4171641 -0.05702939 -0.9070401 0.4171641 0.05702939 0.9070401
-0.4162249 -0.06990266 -0.9065707 -0.4171641 -0.05702939 -0.9070401 0.4171641 0.05702939 0.9070401
-0.7615631 0.3311456 0.5571035 -0.7599761 0.3312851 0.5591837 0.7599761 -0.3312851 -0.5591837
-0.758384 0.3314224 0.5612602 -0.7599761 0.3312851 0.5591837 0.7599761 -0.3312851 -0.5591837
0.03142511 -0.9976189 0.06139262 0.02821842 -0.9979622 0.0572303 -0.02821842 0.9979622 -0.0572303
0.02501094 -0.9982778 0.0530664 0.02821842 -0.9979622 0.0572303 -0.02821842 0.9979622 -0.0572303
-0.7206027 -0.3447369 0.6015715 -0.720355 -0.344711 0.601883 0.720355 0.344711 -0.601883
-0.7201071 -0.3446849 0.6021944 -0.720355 -0.344711 0.601883 0.720355 0.344711 -0.601883
0.7814483 -0.1739722 -0.5992263 0.7843351 -0.1737647 -0.5955034 -0.7843351 0.1737647 0.5955034
0.7872043 -0.1735532 -0.5917673 0.7843351 -0.1737647 -0.5955034 -0.7843351 0.1737647 0.5955034
-0.2465856 0.9604875 0.1290706 -0.2482221 0.9603391 0.1270226 0.2482221 -0.9603391 -0.1270226
-0.2498568 0.9601839 0.1249738 -0.2482221 0.9603391 0.1270226 0.2482221 -0.9603391 -0.1270226
0.7771095 -0.1241847 -0.6169919 0.7790407 -0.1239885 -0.6145913 -0.7790407 0.1239885 0.6145913
0.7809646 -0.1237911 -0.6121848 0.7790407 -0.1239885 -0.6145913 -0.7790407 0.1239885 0.6145913
-0.2785995 0.952865 0.1201272 -0.2795404 0.9527353 0.1189647 0.2795404 -0.9527353 -0.1189647
-0.2804806 0.9526035 0.1178019 -0.2795404 0.9527353 0.1189647 0.2795404 -0.9527353 -0.1189647
-0.3140442 -0.880722 0.3545492 -0.3132603 -0.880608 0.3555243 0.3132603 0.880608 -0.3555243
-0.3124759 -0.8804927 0.356499 -0.3132603 -0.880608 0.3555243 0.3132603 0.880608 -0.3555243
-0.5830092 -0.5497705 0.5982078 -0.5835888 -0.5498801 0.5975416 0.5835888 0.5498801 -0.5975416
-0.5841679 -0.5499893 0.596875 -0.5835888 -0.5498801 0.5975416 0.5835888 0.5498801 -0.5975416
-0.6784377 -0.3943262 0.6198622 -0.6802922 -0.3946259 0.617635 0.6802922 0.3946259 -0.617635
-0.6821409 -0.3949223 0.6154025 -0.6802922 -0.3946259 0.617635 0.6802922 0.3946259 -0.617635
-0.4212089 -0.7924598 0.4411241 -0.4212256 -0.7924625 0.4411035 0.4212256 0.7924625 -0.4411035
-0.4212422 -0.7924652 0.4410828 -0.4212256 -0.7924625 0.4411035 0.4212256 0.7924625 -0.4411035
-0.503386 -0.7127727 0.4884235 -0.502247 -0.7125975 0.4898497 0.502247 0.7125975 -0.4898497
-0.5011063 -0.7124199 0.4912744 -0.502247 -0.7125975 0.4898497 0.502247 0.7125975 -0.4898497
0.6455036 -0.6198459 -0.4462244 0.6452478 -0.6198898 -0.4465334 -0.6452478 0.6198898 0.4465334
0.6449918 -0.6199337 -0.4468423 0.6452478 -0.6198898 -0.4465334 -0.6452478 0.6198898 0.4465334
0.2780355 0.8823653 -0.3796417 0.2777801 0.8823161 -0.379943 -0.2777801 -0.8823161 0.379943
0.2775247 0.8822666 -0.3802443 0.2777801 0.8823161 -0.379943 -0.2777801 -0.8823161 0.379943
