190 213
-0.341444 0.831858 0.0319949
-0.316968 0.811022 0.0143337
-0.294306 0.762601 7.95752E-14
-0.289653 0.724347 -0.00107699
-0.28266 0.664836 -0.00214731
-0.276614 0.541623 0.00388239
-0.277196 0.383643 0.0180998
-0.282887 0.213872 0.0374768
-0.292168 0.0552852 0.058985
-0.303518 -0.069143 0.0795964
-0.332431 -0.152306 0.11017
-0.380854 -0.18063 0.150188
-0.435361 -0.192078 0.193127
-0.482528 -0.224613 0.232462
-0.508928 -0.316199 0.261671
-0.513731 -0.387539 0.27263
-0.515124 -0.459649 0.281417
-0.511592 -0.52836 0.286179
-0.501618 -0.589505 0.285063
-0.483688 -0.638917 0.276216
-0.463915 -0.671767 0.26401
-0.425734 -0.715553 0.238528
-0.380205 -0.751083 0.20628
-0.305872 -0.795846 0.150899
0.0590662 0.865069 0.555767
0.0847092 0.843972 0.53827
0.111451 0.802527 0.52202
0.124282 0.767327 0.515343
0.133829 0.708571 0.514213
0.140985 0.589159 0.521674
0.141515 0.437702 0.538073
0.136963 0.273969 0.559894
0.12887 0.117732 0.583619
0.11878 -0.0112377 0.605732
0.0965564 -0.0895541 0.63219
0.0576414 -0.120576 0.667354
0.0105715 -0.138753 0.70792
-0.0361167 -0.178536 0.750586
-0.0738865 -0.274375 0.792049
-0.0797278 -0.323146 0.802482
-0.0806059 -0.388228 0.811121
-0.0764867 -0.458558 0.816517
-0.0673359 -0.523069 0.817221
-0.0531194 -0.570697 0.811786
-0.0340511 -0.601252 0.800043
0.00899443 -0.640825 0.769728
0.0523684 -0.667314 0.737787
0.139819 -0.710796 0.671151
0.415488 0.894164 1.02233
0.442517 0.874956 1.00346
0.471653 0.83806 0.98473
0.486559 0.806406 0.976181
0.500267 0.747109 0.971448
0.506109 0.633957 0.977501
0.50446 0.480646 0.993401
0.497798 0.313333 1.01474
0.488598 0.15818 1.03712
0.479336 0.0413455 1.05613
0.456834 -0.0596312 1.0842
0.420859 -0.091594 1.11556
0.375888 -0.0979416 1.15119
0.326399 -0.122072 1.19205
0.276871 -0.207385 1.2391
0.271847 -0.239119 1.24645
0.268664 -0.298821 1.25552
0.270394 -0.373285 1.26238
0.28011 -0.449305 1.26311
0.300882 -0.513673 1.25376
0.322183 -0.544464 1.24006
0.369142 -0.579897 1.20603
0.415571 -0.602381 1.17095
0.506569 -0.640895 1.10076
-0.401288 0.75185 -0.138179
-0.35942 0.756513 -0.0838377
-0.216657 0.770146 0.0997568
-0.136413 0.777859 0.203033
-0.0544167 0.785793 0.308632
0.0284861 0.793998 0.41536
0.187644 0.810275 0.61985
0.262407 0.817501 0.715828
0.335095 0.824408 0.809162
0.405059 0.831194 0.899061
0.546166 0.845021 1.08022
0.592658 0.849144 1.13836
-0.3901 0.654109 -0.136857
-0.346758 0.658651 -0.0823362
-0.198418 0.673651 0.102234
-0.114862 0.681633 0.205855
-0.031778 0.689581 0.308922
0.0510478 0.698294 0.411639
0.206609 0.717538 0.604569
0.279429 0.725063 0.695348
0.352504 0.731959 0.786673
0.426045 0.739037 0.878665
0.571684 0.753907 1.06118
0.621185 0.758911 1.12252
-0.408155 -0.0836873 -0.050209
-0.365894 -0.07791091 0.00198379
-0.216626 -0.0580551 0.188254
-0.131617 -0.0463726 0.294416
-0.0478235 -0.0344434 0.398861
0.03542 -0.0226157 0.502373
0.189095 -0.00139075 0.693032
0.259939 0.00929447 0.781405
0.331682 0.0203145 0.871167
0.404692 0.031166 0.962638
0.55091 0.0522995 1.14592
0.600135 0.0594123 1.20719
-0.584447 -0.655182 0.150775
-0.543427 -0.648711 0.201568
-0.396909 -0.62651 0.384921
-0.310562 -0.612963 0.492411
-0.224547 -0.598797 0.599107
-0.138766 -0.584535 0.705425
0.0184194 -0.559137 0.900854
0.0898888 -0.547213 0.989954
0.160989 -0.535366 1.07872
0.23142 -0.5240389 1.16678
0.374271 -0.501921 1.34566
0.422868 -0.49449 1.40659
-0.529073 -0.733138 0.113321
-0.487091 -0.726327 0.163603
-0.337964 -0.700462 0.346144
-0.250664 -0.68542 0.453011
-0.163775 -0.670449 0.55919
-0.0772417 -0.655576 0.664742
0.0808404 -0.628595 0.856914
0.152647 -0.616413 0.943792
0.224545 -0.604254 1.03071
0.296666 -0.59209 1.118
0.44409 -0.567115 1.29648
0.493918 -0.558555 1.35667
-0.414063 -0.816535 0.0261368
-0.372681 -0.808697 0.0736708
-0.221326 -0.7796 0.24977
-0.132965 -0.762727 0.352718
-0.0423079 -0.745473 0.458255
0.0491268 -0.728081 0.564896
0.220245 -0.695454 0.765474
0.298298 -0.680586 0.856739
0.372813 -0.666399 0.943805
0.442625 -0.6531 1.02553
0.588396 -0.625221 1.19685
0.633311 -0.616566 1.24986
-0.449119 0.822718 -0.108709
-0.409693 0.826218 -0.0568939
-0.268319 0.837825 0.127197
-0.189929 0.844272 0.22958
-0.10805 0.851056 0.336739
-0.024459 0.858035 0.446269
0.13773 0.871615 0.6588
0.213999 0.877809 0.758575
0.286578 0.88364 0.853489
0.354173 0.889095 0.941941
0.495808 0.900494 1.12732
0.536471 0.903382 1.17951
-0.423413 0.80055 -0.126227
-0.394659 0.714339 -0.139408
-0.383211 0.522941 -0.129601
-0.383133 0.359787 -0.113756
-0.388306 0.188438 -0.0928751
-0.397168 0.0326828 -0.0705087
-0.436527 -0.147967 -0.0210727
-0.485513 -0.165555 0.0199736
-0.54027 -0.176443 0.0650953
-0.585955 -0.220622 0.106458
-0.607726 -0.338084 0.136226
-0.609729 -0.40744 0.145081
-0.610504 -0.479653 0.153273
-0.607948 -0.548897 0.158491
-0.599963 -0.609348 0.158428
-0.565869 -0.687205 0.13896
-0.486957 -0.769298 0.082123
0.563916 0.884627 1.15889
0.607511 0.81869 1.12854
0.626666 0.638931 1.12969
0.62571 0.493029 1.1445
0.619909 0.337167 1.16419
0.610854 0.187308 1.18601
0.576843 -0.0545247 1.23718
0.542203 -0.0881189 1.2682
0.498656 -0.0895005 1.30317
0.448646 -0.1068 1.34497
0.394615 -0.188147 1.39649
0.392401 -0.210707 1.40065
0.389324 -0.267562 1.40913
0.390179 -0.343771 1.41655
0.399762 -0.424394 1.41751
0.445122 -0.525206 1.39217
0.540842 -0.579633 1.32104
2 74
74 75
75 76
76 77
26 77
0 146
146 147
147 148
148 149
24 149
4 5
5 6
6 7
7 8
8 9
4 86
86 87
87 88
88 89
28 89
26 78
78 79
79 80
80 81
50 81
24 150
150 151
151 152
152 153
48 153
9 10
10 11
11 12
12 13
13 14
14 15
15 16
16 17
17 18
18 19
9 98
98 99
99 100
100 101
33 101
84 158
158 159
159 160
160 161
96 161
28 29
29 30
30 31
31 32
32 33
28 90
90 91
91 92
92 93
52 93
19 110
110 111
111 112
112 113
43 113
96 162
162 163
163 164
164 165
165 166
166 167
167 168
168 169
169 170
108 170
33 34
34 35
35 36
36 37
37 38
38 39
39 40
40 41
41 42
42 43
33 102
102 103
103 104
104 105
57 105
52 53
53 54
54 55
55 56
56 57
21 122
122 123
123 124
124 125
45 125
43 114
114 115
115 116
116 117
67 117
57 58
58 59
59 60
60 61
61 62
62 63
63 64
64 65
65 66
66 67
95 175
175 176
176 177
177 178
107 178
23 134
134 135
135 136
136 137
47 137
45 126
126 127
127 128
128 129
69 129
107 179
179 180
180 181
181 182
182 183
183 184
184 185
185 186
186 187
119 187
47 138
138 139
139 140
140 141
71 141
19 20
20 21
108 171
120 171
120 172
132 172
21 22
22 23
43 44
44 45
45 46
46 47
69 70
70 71
131 189
143 189
67 68
68 69
119 188
131 188
155 173
83 173
83 174
95 174
48 49
49 50
50 51
51 52
24 25
25 26
26 27
27 28
0 1
1 2
2 3
3 4
144 156
72 156
72 157
84 157
144 145
0 145
72 73
2 73
84 85
4 85
154 155
48 154
82 83
50 82
94 95
52 94
96 97
9 97
106 107
57 106
132 133
23 133
120 121
21 121
108 109
19 109
118 119
67 118
130 131
69 130
142 143
71 142
