6.510000
38.259998
29.930000
51.170002
38.770000
7.790000
42.400002
85.689995
56.250000
7.350000
29.200001
134.160004
109.250000
45.790001
152.410004
15.560000
57.910000
47.900002
0.740000
-0.320000
2.430000
143.819992
84.129997
82.699997
64.519997
112.750000
102.750000
137.399994
151.129990
155.059998
4.270000
21.289999
13.320001
159.459991
-0.640000
146.170013
74.689995
68.169998
110.629997
122.189995
142.660004
169.820007
138.570007
121.480003
129.539993
175.089996
156.940002
171.339996
126.089996
0.150000
31.359999
157.179993
138.060013
5.470000
13.330000
142.090012
163.220001
9.490000
26.299999
175.149994
3.200000
-0.420000
0.150000
0.230000
179.270004
149.250000
106.629997
119.380005
123.919998
162.949997
17.809999
34.520000
22.459999
43.020000
21.530001
146.389999
6.080000
159.120010
144.419998
130.550003
55.209999
90.840004
80.589996
120.489998
19.200001
24.170000
155.110001
177.960007
-0.050000
42.820000
152.300003
124.159996
160.170013
170.240005
-0.510000
11.920000
0.950000
156.029999
168.970001
0.750000
7.440000
0.290000
0.500000
166.250000
13.650001
0.090000
163.210007
145.399994
127.659996
140.590012
167.190002
150.239990
148.009995
0.980000
0.790000
-0.130000
4.990000
5.830000
164.369995
152.539993
18.100000
126.629997
140.789993
86.959999
46.280003
157.740005
-0.130000
171.199997
155.629990
168.330002
148.529999
174.770004
124.430000
48.930000
31.180000
154.629990
-0.690000
93.389999
109.770004
78.559998
40.570000
149.589996
-0.010000
-0.050000
0.030000
