47
0.000000 1.000000 0.000000 210
0.000000 0.000000 -1.000000 210
0.000000 0.000000 1.000000 210
0.000000 -1.000000 0.000000 210
0.000000 -1.000000 0.000000 210
0.000000 -1.000000 0.000000 210
-1.000000 0.000000 0.000000 45
1.000000 0.000000 0.000000 210
0.000000 -1.000000 0.000000 210
1.000000 0.000000 0.000000 210
0.000000 1.000000 0.000000 210
0.000000 0.000000 -1.000000 91
0.000000 0.000000 -1.000000 210
1.000000 0.000000 0.000000 11
0.000000 0.000000 -1.000000 133
1.000000 0.000000 0.000000 210
-1.000000 0.000000 0.000000 210
0.000000 1.000000 0.000000 210
0.000000 0.000000 1.000000 18
0.000000 0.000000 1.000000 210
0.000000 1.000000 0.000000 210
0.000000 0.000000 1.000000 210
-1.000000 0.000000 0.000000 210
0.000000 -1.000000 0.000000 210
0.000000 0.000000 1.000000 210
-1.000000 0.000000 0.000000 210
0.000000 -1.000000 0.000000 15
0.000000 -1.000000 0.000000 4
0.000000 -1.000000 0.000000 210
-1.000000 0.000000 0.000000 210
1.000000 0.000000 0.000000 210
1.000000 0.000000 0.000000 210
1.000000 0.000000 0.000000 210
0.000000 1.000000 0.000000 210
0.000000 1.000000 0.000000 210
0.000000 -1.000000 0.000000 210
1.000000 0.000000 0.000000 46
0.000000 0.000000 -1.000000 39
1.000000 0.000000 0.000000 210
1.000000 0.000000 0.000000 210
1.000000 0.000000 0.000000 210
0.000000 -1.000000 0.000000 210
1.000000 0.000000 0.000000 210
0.000000 -1.000000 0.000000 210
-1.000000 0.000000 0.000000 210
0.000000 0.000000 -1.000000 87
0 0 0 0
23
44
25
27
36
22
16
31
33
12
7
24
19
2
14
20
17
15
46
37
35
28
4
21
11
8
3
0
13
18
5
6
10
9
1
40
30
43
34
42
26
45
39
38
29
32
41
