-0.8983701 -0.2180453 0.381297 
-0.7647508 -0.5562529 0.3251754 
-0.5829144 -0.7761035 0.2405705 
-0.3172554 -0.9414968 0.1137213 
-0.03098659 -0.9992973 -0.02108752 
-0.9011585 -0.2182791 0.3745231 
-0.90303 -0.1826648 0.3888064 
-0.903992 -0.1590342 0.3968709 
-0.9032326 -0.163174 0.3969198 
-0.8982955 -0.2059909 0.3881148 
-0.8922035 -0.2523614 0.3745488 
0.7489812 0.5795661 -0.3211392 
0.2764837 0.9534714 -0.1202036 
0.008289864 0.9997283 0.02178833 
-0.01937214 0.9994791 0.02581444 
-0.9062648 -0.1811804 0.3819132 
-0.9200808 -0.1747054 0.3506127 
-0.9265367 -0.1706727 0.3352623 
-0.9092141 -0.1694988 0.380263 
-0.9051858 -0.1680497 0.3903818 
-0.2653444 -0.7439891 -0.6132475 
-0.315091 -0.5930725 -0.7409337 
-0.3409185 -0.4743642 -0.8116361 
-0.3592769 -0.347602 -0.866079 
-0.3671856 -0.2529696 -0.8950872 
-0.8286025 -0.2359127 0.5077038 
0.6062043 0.5147007 -0.6062999 
0.1372741 0.8590233 -0.4931882 
-0.07075571 0.9716708 -0.2254981 
-0.02574147 0.9991893 0.03095314 
-0.86734 -0.1784705 0.4646176 
-0.8608652 -0.1736431 0.4782878 
-0.8577009 -0.1713311 0.4847626 
-0.8840473 -0.1695699 0.4355529 
-0.9014347 -0.1698905 0.3981867 
-0.005041835 0.9999178 0.01179047 
0.006005294 0.9982212 0.05931565 
0.008353758 0.9972221 0.07401641 
-0.0006622963 0.9987385 0.05021104 
-0.01583559 0.999874 -0.001131575 
0.01490953 -0.9997266 -0.01801244 
-0.0008115703 0.9990901 0.04263966 
0.08313903 0.9747554 0.2072193 
0.2317873 0.7426054 0.6283406 
0.3615189 0.3136241 0.8780342 
0.01156323 -0.9997357 -0.01987014 
-0.0426494 -0.9990532 0.008584612 
0.007893257 -0.9999212 -0.009757574 
0.02257269 -0.9995621 -0.01913447 
-0.02274996 0.9993331 0.02856075 
0.9036063 0.1589769 -0.3977713 
-0.9051456 -0.1634032 0.3924421 
-0.9217847 -0.1316773 0.3646562 
-0.9423525 -0.1937587 0.2728175 
-0.9733732 -0.2131695 -0.08428145 
0.9060861 0.1607322 -0.3913733 
0.9112065 0.101709 -0.3991968 
0.9108078 0.09846941 -0.4009152 
0.9017279 0.1780879 -0.3939179 
-0.9036799 -0.1685922 0.3936234 
0.3654453 0.2527662 0.8958566 
0.3611328 0.2963946 0.8841568 
0.3581749 0.3315047 0.8728204 
0.3571147 0.3536161 0.8645373 
0.3629854 0.3248625 0.8733305 
0.3966929 0.1311659 0.9085318 
0.399469 -0.01838313 0.9165624 
0.3959411 -0.1148193 0.9110692 
0.3991726 -0.0004070525 0.9168757 
0.3935248 0.1876617 0.8999563 
-0.01740886 0.9993944 0.03013082 
-0.01443467 0.9987735 0.04736155 
-0.01065881 0.998065 0.06125882 
-0.03337016 0.9994317 0.004767016 
-0.03121012 0.9995037 0.00426871 
-0.01456145 0.9998876 0.003542164 
0.02043087 -0.9997852 -0.003474684 
-0.01471779 -0.9998249 0.01155594 
0.003492109 -0.9999877 0.00351309 
0.02292226 -0.9997153 -0.006624963 
0.0169435 -0.9998433 0.00513015 
0.03498046 -0.9988708 -0.03214788 
0.01495105 -0.9764979 -0.2150076 
-0.2312095 -0.7976317 -0.5570689 
0.3528919 0.4068715 0.8425692 
0.8990497 0.1620317 -0.406762 
-0.8992476 -0.1760788 0.4004372 
-0.9236554 -0.1087387 0.3674732 
-0.9476942 -0.1979019 0.2504205 
-0.9667483 -0.1939703 -0.1666532 
-0.9050567 -0.1593226 0.3943205 
-0.8921345 -0.2360542 0.385194 
-0.8947151 -0.2236551 0.3866047 
-0.9041682 -0.1680677 0.3927253 
0.9049543 0.1639202 -0.3926676 
-0.5635043 -0.168809 -0.8086819 
-0.4571998 -0.1764429 -0.8716858 
-0.4057535 -0.1929031 -0.8933939 
-0.3803826 -0.2204237 -0.8981773 
-0.3783469 -0.2163578 -0.9000238 
0.3935195 0.1913771 0.8991758 
-0.3951818 -0.1764436 -0.9014983 
-0.3966192 -0.1528598 -0.9051669 
-0.3898332 -0.2439977 -0.8879726 
-0.388762 -0.2440122 -0.888438 
0.4079803 0.1264201 0.9041958 
0.4059418 0.1761018 0.8967717 
0.4057029 0.181081 0.8958877 
0.4062202 0.1621674 0.8992702 
0.3998933 0.2205762 0.8896243 
-0.5900812 -0.1776753 -0.7875504 
-0.4908485 -0.1343011 -0.8608316 
-0.4202501 -0.1206752 -0.8993483 
-0.3802102 -0.1561856 -0.9116174 
-0.3695751 -0.227325 -0.9009649 
-0.3858866 -0.2172547 -0.8966002 
-0.3851159 -0.2116416 -0.8982726 
-0.3829846 -0.2308802 -0.8944368 
-0.3882284 -0.1517645 -0.9089808 
-0.3867725 -0.1866732 -0.9030837 
-0.398142 -0.2210997 -0.8902797 
0.3972087 0.2212724 0.8906536 
0.396856 0.2170176 0.8918568 
0.4011322 0.1482253 0.9039482 
0.3988961 0.1785307 0.8994491 
0.3766769 0.2293425 0.8975058 
-0.3758 -0.2339329 -0.8966883 
-0.3773075 -0.2128411 -0.9012977 
-0.3787785 -0.196096 -0.904474 
-0.3812136 -0.1669124 -0.9092945 
0.9043373 0.159307 -0.395974 
0.9046308 0.1566697 -0.3963554 
0.8192788 0.1080349 0.5631258 
0.3853429 0.2183508 0.8965678 
0.3881226 0.1769434 0.9044622 
-0.3921279 -0.1793177 -0.9022644 
-0.3897216 -0.2152074 -0.8954345 
-0.7034998 -0.1194728 -0.7005814 
-0.4954969 -0.1293512 -0.8589244 
0.4436158 0.1291266 0.886866 
0.3802363 0.1864421 0.9059027 
0.3816671 0.2477807 0.890469 
