129 142
-142.1545 5.495456 93.23105
-119.2866 5.262438 83.81306
-99.14222 5.027871 75.58797
-81.13037 4.794502 68.28518
-64.65964 4.56523 61.63459
-49.13868 4.342909 55.36588
-29.00245 4.050062 47.18829
-8.942271 3.751517 38.98652
10.98606 3.45308 30.79028
30.72635 3.160514 22.62966
50.22267 2.879589 14.53467
37.94147 3.822897 -12.12058
23.10019 4.953839 -44.16122
7.500808 6.164884 -78.05235
-7.054613 7.348384 -110.2594
-18.76366 8.396931 -137.2474
-26.64523 9.148582 -155.7735
-34.42689 9.857961 -173.5137
-42.30636 10.54778 -191.1851
-50.48239 11.24174 -209.5052
-59.15331 11.96274 -229.1915
-204.5903 54.76261 -58.83158
-186.3432 55.04302 -66.40926
-167.853 55.44571 -74.17517
-149.0733 55.87442 -82.07076
-129.9582 56.23283 -90.0376
-110.4611 56.42523 -98.01723
-74.66664 57.49199 -112.4586
-50.42136 57.50512 -122.2857
-34.90357 52.18216 -128.8153
-25.29153 37.24028 -133.3633
-16.05245 -8.812288 -138.9779
-13.10202 -27.89077 -140.7419
-10.08405 -47.76152 -142.517
-7.170228 -67.34788 -144.2805
-4.532561 -85.57269 -146.0098
-1.980823 -104.967 -147.8519
-243.0717 54.37375 -153.9198
-224.9567 54.97068 -161.2418
-206.0988 55.6367 -168.8676
-186.7587 56.32196 -176.6672
-167.1978 56.97664 -184.5115
-147.6767 57.55062 -192.2711
-111.2015 58.93615 -206.6628
-87.40068 58.4806 -216.0938
-72.98522 52.77367 -222.0216
-64.66586 38.4047 -225.9016
-56.55132 -5.321746 -230.9735
-53.84587 -24.0174 -232.8915
-51.08773 -43.4623 -234.8839
-48.32902 -62.99459 -236.8889
-45.62016 -81.95256 -238.845
-43.08868 -101.053 -240.748
-46.98133 -32.18383 61.97787
-52.23263 32.06033 46.73941
-58.39277 47.32233 30.97439
-69.13819 53.93409 4.184012
-85.98793 55.70017 -37.51765
-117.9906 56.71162 -116.8084
-125.5523 56.87003 -135.9402
-133.0707 56.99767 -155.1018
-140.4707 57.19198 -173.9823
-133.264 -92.60715 112.4711
-114.125 -92.83349 104.321
-95.52043 -93.04962 96.41104
-77.29436 -93.2534 88.65951
-59.29108 -93.44214 80.98544
-41.35484 -93.61364 73.30744
-22.84517 -93.7854 65.56775
-0.9294831 -93.9836 56.33498
21.46433 -94.15929 46.2023
41.40841 -94.26353 35.76271
55.97482 -94.24815 25.60937
57.3569 -93.48251 7.711201
47.33828 -91.69164 -25.62268
30.57758 -89.41622 -67.16904
11.73428 -87.1962 -109.7057
-13.01108 -84.84305 -165.3391
-21.47363 -84.10432 -184.4675
-29.80528 -83.36831 -203.2148
-37.89225 -82.64684 -221.4007
-44.88968 -56.94841 66.03385
-39.58286 -112.255 77.08579
-132.2981 -111.0572 115.666
-113.5266 -111.3026 107.8413
-94.90751 -111.5469 100.0969
-76.40237 -111.7883 92.40718
-57.97341 -112.0251 84.74543
-19.14123 -112.5088 68.76469
1.445731 -112.7487 60.21954
21.48057 -112.9375 50.88294
40.26624 -113.038 40.18698
57.10559 -113.0127 27.56419
60.41877 -112.3266 7.546061
50.86697 -110.7217 -27.33354
33.75002 -108.6553 -69.74604
14.36761 -106.5846 -112.3619
-10.86442 -104.1228 -167.9007
-19.53376 -103.2968 -187.4732
-27.87246 -102.5012 -206.3111
-35.76297 -101.7492 -224.1556
-135.3772 -56.46403 106.2064
-117.6226 -56.60243 98.35985
-99.61333 -56.71994 90.38739
-81.43276 -56.81684 82.32103
-63.16373 -56.89315 74.19247
-24.79907 -56.99149 57.01364
-4.844411 -57.02213 48.00521
14.92677 -57.04015 39.05547
34.46717 -57.04578 30.21121
53.72891 -57.03911 21.51923
-138.887 -30.91163 101.9611
-121.1604 -31.1557 94.27141
-102.9729 -31.40511 86.35533
-84.45828 -31.65966 78.28574
-65.74979 -31.91933 70.13549
-26.5953 -32.45838 53.1209
-6.38003 -32.69829 44.31984
13.57644 -32.90207 35.62128
33.18611 -33.0675 27.0714
52.36121 -33.19219 18.71697
-235.5489 54.42253 -135.2524
-227.8688 54.51639 -116.1712
-220.1021 54.62463 -96.9147
-212.3188 54.71698 -77.72187
-182.2355 55.41974 -4.591104
-165.797 54.71505 35.19112
-154.2924 48.75518 63.05902
-146.7392 33.64647 81.5573
14 15
13 14
12 13
11 12
10 11
15 16
16 17
17 18
18 19
19 20
15 30
29 30
28 29
27 28
26 27
15 31
31 32
32 33
33 34
34 35
9 10
8 9
7 8
6 7
5 6
20 46
45 46
44 45
43 44
42 43
20 47
47 48
48 49
49 50
50 51
25 26
24 25
23 24
22 23
21 22
26 57
56 57
55 56
54 55
5 54
26 58
58 59
59 60
60 61
42 61
35 76
75 76
74 75
73 74
72 73
35 77
77 78
78 79
79 80
51 80
4 5
3 4
2 3
1 2
0 1
119 120
118 119
117 118
116 117
53 116
41 42
40 41
39 40
38 39
37 38
21 124
123 124
122 123
121 122
37 121
21 125
125 126
126 127
127 128
0 128
36 96
95 96
94 95
93 94
92 93
36 97
97 98
98 99
99 100
52 100
71 72
70 71
69 70
68 69
67 68
53 115
114 115
113 114
112 113
111 112
109 110
108 109
107 108
106 107
81 106
91 92
90 91
89 90
88 89
82 88
66 67
65 66
64 65
63 64
62 63
81 105
104 105
103 104
102 103
101 102
82 87
86 87
85 86
84 85
83 84
51 52
35 36
72 92
67 82
62 83
62 101
67 81
72 110
110 120
10 120
5 53
0 111
