176.440002
10.820001
18.469999
28.480000
37.330002
-0.540000
177.600006
177.319992
-0.820000
0.030000
-0.620000
4.270000
6.670000
3.140000
0.810000
0.280000
-0.900000
178.610001
0.950000
0.590000
4.260000
177.919998
176.699997
174.550003
176.710007
178.220001
5.430000
8.540000
3.210000
174.949997
0.960000
2.650000
5.210000
3.920000
1.110000
0.000000
176.500000
175.550003
176.949997
-0.420000
1.020000
175.500000
174.000000
175.550003
177.919998
178.880005
172.419998
174.880005
176.839996
0.920000
3.590000
168.419998
160.739990
160.759995
162.570007
177.309998
172.750000
171.819992
176.139999
1.560000
178.260010
0.080000
0.850000
0.980000
-0.220000
0.710000
172.319992
167.279999
174.100006
0.640000
177.500000
177.259995
177.139999
0.070000
-0.790000
0.880000
178.389999
179.869995
179.829987
-0.380000
178.419998
175.059998
172.100006
-0.590000
-0.200000
0.530000
0.260000
-0.620000
0.580000
0.070000
-0.160000
5.700000
6.660000
3.600000
178.039993
160.639999
162.720001
166.589996
172.539993
177.839996
-0.070000
178.370010
175.419998
-0.110000
-0.580000
0.490000
3.950000
4.120000
1.330000
2.270000
-0.050000
-0.610000
-0.470000
-0.810000
0.360000
-0.610000
178.919998
0.480000
176.360001
-0.420000
177.809998
2.670000
2.700000
-0.810000
0.640000
-0.620000
0.370000
0.030000
0.650000
-0.180000
0.620000
-0.060000
179.110001
0.840000
-0.350000
-0.150000
-0.010000
7.130000
7.690000
154.550003
0.440000
0.830000
0.050000
0.030000
-0.090000
