17
-1.000000 0.000000 0.000000 208
0.000000 0.000000 1.000000 208
1.000000 0.000000 0.000000 208
0.000000 1.000000 0.000000 208
-1.000000 0.000000 0.000000 208
0.000000 -1.000000 0.000000 208
0.000000 0.000000 -1.000000 208
1.000000 0.000000 0.000000 208
-1.000000 0.000000 0.000000 208
0.000000 0.000000 -1.000000 208
0.000000 0.000000 -1.000000 71
0.000000 -1.000000 0.000000 12
-1.000000 0.000000 0.000000 208
1.000000 0.000000 0.000000 208
0.000000 1.000000 0.000000 208
0.000000 -1.000000 0.000000 6
0 0 0 0
1
6
15
10
7
9
16
0
5
14
4
8
13
3
11
2
12
