-0.6065636 -0.6132355 -0.5059824 
-0.6065598 -0.6132355 -0.5059814 
-0.3533478 0.7923279 -0.4973512 
-0.3503304 0.7966137 -0.4926186 
0.609591 0.614975 0.5002067 
0.6095905 0.614975 0.5002079 
0.3741798 -0.7965901 0.4748001 
0.3695908 -0.8021526 0.4689922 
-0.6085625 -0.6099291 -0.5075798 
-0.6085663 -0.6099291 -0.5075798 
0.6096611 0.614727 0.5004234 
0.6096649 0.6147251 0.5004234 
0.6101513 0.6115789 0.5036745 
0.6101513 0.6115785 0.5036736 
0.4221001 -0.7868252 0.450264 
0.4220963 -0.7868271 0.4502621 
-0.6094742 -0.6144543 -0.5009842 
-0.609478 -0.6144543 -0.5009842 
0.6097336 0.6149683 0.5000381 
0.6097317 0.6149673 0.5000458 
0.6091137 0.6128831 0.5033436 
0.6091137 0.6128826 0.5033436 
0.6092319 0.6146908 0.5009918 
0.60923 0.6146908 0.5009937 
0.4217319 -0.7872543 0.4498558 
0.42173 -0.7872505 0.4498583 
0.6687374 -0.05964279 -0.7411003 
0.6687374 -0.05964279 -0.7411003 
0.4204254 -0.7820568 0.4600296 
0.4197145 -0.7823563 0.4601669 
0.6097002 0.612442 0.5031719 
0.609699 0.612442 0.50317 
0.6087217 0.6153564 0.5007973 
0.6087213 0.6153526 0.5007973 
-0.4271107 0.8080292 -0.4057922 
-0.4324117 0.8048859 -0.4064178 
0.6111174 0.6133156 0.500381 
0.6111174 0.6133156 0.500381 
0.1473091 0.4780502 -0.8658905 
0.1559238 0.4799471 -0.863327 
0.7690449 -0.5888529 -0.2486382 
0.7699375 -0.588398 -0.2469482 
0.6691496 -0.08738899 -0.7379704 
0.6699295 -0.08734703 -0.7372665 
