565
1.000000 0.000000 0.000000
0.000000 -1.000000 0.000000
0.466390 0.807812 0.000000
-0.333118 -0.333118 -0.661015
0.000000 -1.000000 0.000000
0.000000 -1.000000 0.000000
-0.333118 -0.333118 -0.661015
0.000000 -1.000000 0.000000
-0.000000 0.000000 -1.000000
0.000000 -1.000000 0.000000
0.000000 -1.000000 0.000000
0.000000 -1.000000 0.000000
0.333118 0.333118 -0.661015
0.000000 -0.599735 0.653717
0.549647 -0.716313 0.000000
0.000000 -1.000000 0.000000
0.239894 0.000000 -0.861486
0.239894 0.000000 -0.861486
0.000000 -0.239894 0.861486
0.000000 -1.000000 0.000000
0.333118 0.333118 -0.661015
-0.000000 0.000000 -1.000000
0.000000 -1.000000 0.000000
0.000000 -0.239894 0.861486
0.239894 0.000000 -0.861486
0.333118 0.333118 0.661015
0.000000 -1.000000 0.000000
-1.000000 -0.000000 0.000000
0.613983 -0.613983 0.000000
0.333118 0.333118 -0.661015
0.347090 0.296656 -0.693548
0.239894 0.000000 0.861486
-0.000000 0.000000 -1.000000
-0.000000 0.000000 -1.000000
-0.000000 0.000000 -1.000000
0.392579 -0.597639 0.477598
0.333118 0.333118 -0.661015
0.239894 0.000000 -0.861486
0.239894 0.000000 0.861486
0.333118 0.333118 0.661015
0.239894 0.000000 -0.861486
0.333118 0.333118 -0.661015
0.239894 0.000000 0.861486
0.333118 0.333118 0.661015
1.000000 0.000000 0.000000
0.000000 -0.599735 0.653717
-0.000000 0.000000 -1.000000
0.000000 -1.000000 0.000000
0.613983 -0.613983 0.000000
0.404207 -0.610055 -0.460158
0.000000 -0.239894 0.861486
0.404207 -0.610055 -0.460158
0.000000 -1.000000 0.000000
0.549647 -0.716313 0.000000
0.000000 -1.000000 0.000000
0.000000 0.000000 0.000000
0.000000 -1.000000 0.000000
0.000000 -1.000000 0.000000
0.239894 0.000000 -0.861486
0.333118 0.333118 0.661015
0.239894 0.000000 -0.861486
0.000000 -1.000000 0.000000
0.000000 -1.000000 0.000000
0.613983 0.613983 0.000000
-0.333118 -0.333118 0.661015
-0.333118 -0.333118 0.661015
0.000000 -1.000000 0.000000
0.000000 -1.000000 0.000000
0.000000 -0.000000 1.000000
-0.374411 -0.669330 0.449738
0.000000 -0.239894 -0.861486
-1.000000 -0.000000 0.000000
0.239894 0.000000 -0.861486
-0.613983 -0.613983 0.000000
0.314392 0.314392 -0.000000
0.000000 -1.000000 0.000000
0.353382 0.000000 -0.617425
0.549647 -0.716313 0.000000
0.239894 0.000000 -0.861486
0.000000 -1.000000 0.000000
0.374410 0.669330 -0.449738
0.347090 0.296656 -0.693548
0.333118 0.333118 -0.661015
0.333118 0.333118 0.661015
0.333118 0.333118 0.661015
-0.000000 1.000000 0.000000
-0.333118 -0.333118 -0.661015
0.549647 -0.716313 0.000000
-0.000000 0.000000 -1.000000
-0.333118 -0.333118 0.661015
-0.333118 -0.333118 0.661015
-0.374410 -0.669330 -0.449738
-0.333118 -0.333118 0.661015
-0.333118 -0.333118 0.661015
0.333118 -0.333118 0.661015
0.333118 -0.333118 0.661015
0.333118 -0.333118 -0.661015
0.333118 -0.333118 -0.661015
0.239894 0.000000 0.861486
-1.000000 -0.000000 0.000000
-0.239894 -0.000000 0.861486
-0.000000 0.239894 0.861486
0.000000 -1.000000 0.000000
0.000000 -1.000000 0.000000
0.353382 0.000000 -0.617425
0.239894 0.000000 0.861486
0.000000 -1.000000 0.000000
0.239894 0.000000 0.861486
0.333118 -0.333118 -0.661015
-0.613983 -0.613983 0.000000
-0.000000 0.000000 -1.000000
-0.000000 1.000000 0.000000
-0.239894 -0.000000 -0.861486
0.039817 -0.614229 -0.022341
0.353383 0.000000 0.617425
0.000000 -1.000000 0.000000
0.239894 0.000000 -0.861486
0.239894 0.000000 -0.861486
0.333118 0.333118 -0.661015
0.374411 0.669330 0.449738
0.353382 0.000000 -0.617425
0.353383 0.000000 0.617425
0.347090 0.296656 -0.693548
0.000000 -1.000000 0.000000
0.000000 -1.000000 0.000000
0.000000 -1.000000 0.000000
0.333118 0.333118 -0.661015
0.374411 0.669330 0.449738
0.333118 0.333118 0.661015
-0.239894 -0.000000 -0.861486
0.000000 -1.000000 0.000000
-0.353382 -0.000000 -0.617425
-0.239894 -0.000000 0.861486
-0.333118 -0.333118 -0.661015
0.000000 -1.000000 0.000000
0.000000 -1.000000 0.000000
0.000000 -0.716313 0.549647
-0.333118 -0.333118 0.661015
0.000000 -1.000000 0.000000
0.000000 -1.000000 0.000000
0.000000 -0.000000 -0.000000
-0.000000 1.000000 0.000000
-0.239894 -0.000000 -0.861486
0.000000 -1.000000 0.000000
-0.314392 -0.314392 -0.000000
-0.374410 -0.669330 -0.449738
0.000000 -0.335828 -0.000000
-0.000000 1.000000 0.000000
-0.000000 1.000000 0.000000
-0.000000 1.000000 0.000000
0.000000 -0.000000 -0.000000
-0.333118 -0.333118 -0.661015
0.333118 0.333118 0.661015
0.333118 0.333118 0.661015
0.000000 -0.584288 0.000000
0.613983 -0.613983 0.000000
0.000000 -0.335828 -0.000000
0.549647 -0.716313 0.000000
0.353382 0.000000 -0.617425
0.000000 -0.000000 0.000000
0.549647 -0.716313 0.000000
0.418646 -0.637413 0.425097
-0.374410 -0.669330 -0.449738
-0.374410 -0.669330 -0.449738
0.333118 0.333118 0.661015
-0.353382 -0.000000 -0.617425
0.239894 0.000000 0.861486
0.000000 -1.000000 0.000000
0.333118 -0.333118 -0.661015
-0.353382 -0.000000 -0.617425
0.333118 -0.333118 0.661015
0.353382 0.000000 -0.617425
0.353382 0.000000 -0.617425
0.353382 0.000000 -0.617425
0.239894 0.000000 -0.861486
0.000000 -1.000000 0.000000
0.613983 0.613983 0.000000
0.466390 0.807812 0.000000
0.000000 -0.000000 1.000000
-0.333118 -0.333118 -0.661015
0.000000 -0.000000 1.000000
-0.000000 0.000000 -1.000000
0.239894 0.000000 -0.861486
0.039817 -0.614229 0.022341
0.000000 -0.335828 -0.000000
0.419177 -0.623064 -0.441427
0.807812 -0.466391 0.000000
0.096593 -0.733693 0.000000
0.392579 -0.597639 0.477598
-0.000000 1.000000 0.000000
-0.549647 0.716313 0.000000
-0.549647 0.716313 0.000000
-0.000000 1.000000 0.000000
-0.000000 1.000000 0.000000
-0.549647 0.716313 0.000000
-0.000000 -0.000000 -0.000000
-0.418646 0.637413 -0.425097
-0.418646 0.637413 -0.425097
0.613983 -0.613983 0.000000
0.314392 -0.314392 -0.000000
-0.353382 -0.000000 -0.617425
0.377260 -0.586051 0.493876
0.333118 -0.333118 -0.661015
0.000000 -0.584288 0.000000
-0.000000 -0.000000 -0.000000
-0.333118 -0.333118 -0.661015
0.000000 -0.335828 -0.000000
-0.333118 0.333118 -0.661015
0.000000 -0.335828 -0.000000
0.000000 -0.239894 0.861486
-0.333118 -0.333118 -0.661015
0.333118 -0.333118 0.661015
-0.613983 0.613983 0.000000
-1.000000 -0.000000 0.000000
0.613983 0.613983 0.000000
0.613983 0.613983 0.000000
0.314392 -0.314392 -0.000000
0.353383 0.000000 0.617425
0.333118 -0.333118 0.661015
0.000000 -0.335828 -0.000000
0.000000 -0.353382 0.617425
0.000000 -0.335828 -0.000000
0.000000 -0.335828 -0.000000
0.000000 -0.353382 0.617425
0.000000 -0.353382 0.617425
0.000000 -0.335828 -0.000000
0.000000 -0.335828 -0.000000
0.314392 -0.314392 -0.000000
0.353383 0.000000 0.617425
0.335828 0.000000 -0.000000
0.333118 0.333118 0.661015
0.333118 0.333118 0.661015
0.000000 -0.000000 -0.000000
0.393846 -0.611590 -0.038166
0.347090 0.296656 0.693548
-0.374410 -0.669330 -0.449738
0.393846 -0.611590 -0.038166
0.393846 -0.611590 -0.038166
0.404207 -0.610055 -0.460158
0.418646 -0.637413 0.425097
0.418646 -0.637413 0.425097
0.239894 0.000000 -0.861486
0.333118 0.333118 -0.661015
0.333118 0.333118 -0.661015
-0.000000 1.000000 0.000000
-0.000000 1.000000 0.000000
1.000000 0.000000 0.000000
-0.000000 0.000000 -1.000000
-0.000000 0.000000 -1.000000
0.220404 0.000000 -0.000000
0.239894 0.000000 -0.861486
0.347090 0.296656 0.693548
0.353382 0.000000 -0.617425
0.374411 0.669330 0.449738
0.347090 0.296656 0.693548
-0.000000 0.000000 -1.000000
-0.000000 0.000000 -1.000000
0.333118 0.333118 -0.661015
0.374410 0.669330 -0.449738
0.000000 0.000000 0.000000
0.353383 0.000000 0.617425
0.374411 0.669330 0.449738
-0.549647 0.716313 0.000000
-0.418646 0.637413 0.425097
-0.403140 0.623390 -0.445127
-0.000000 1.000000 0.000000
-0.000000 0.716313 -0.549647
-0.000000 1.000000 0.000000
-0.000000 1.000000 0.000000
0.374411 0.669330 0.449738
-0.393013 0.619283 -0.020552
-0.403140 0.623390 -0.445127
-0.041281 0.627311 -0.445218
0.353383 0.000000 0.617425
-0.333118 -0.333118 -0.661015
0.333118 -0.333118 -0.661015
0.000000 -1.000000 0.000000
0.000000 -0.335828 -0.000000
0.353383 0.000000 0.617425
0.000000 -0.335828 -0.000000
0.000000 -1.000000 0.000000
0.000000 -1.000000 0.000000
0.404207 -0.610055 -0.460158
0.333118 0.333118 -0.661015
-0.000000 1.000000 0.000000
-0.418646 0.637413 -0.425097
-0.549647 0.716313 0.000000
-0.000000 1.000000 0.000000
-0.549647 0.716313 0.000000
-0.403140 0.623390 0.445127
-0.000000 1.000000 0.000000
-0.000000 1.000000 0.000000
-0.000000 0.733693 0.096593
-0.034962 0.618725 0.011925
-0.034962 0.618725 -0.011925
-0.314392 0.314392 -0.000000
-0.039817 0.614229 0.022341
-0.000000 0.239894 0.861486
-0.039817 0.614229 0.022341
0.000000 -0.335828 -0.000000
0.353383 0.000000 0.617425
0.000000 -1.000000 0.000000
0.000000 -1.000000 0.000000
0.584288 0.000000 0.000000
0.000000 -0.335828 -0.000000
-0.039817 0.614229 -0.022341
0.000000 -1.000000 0.000000
0.000000 -0.335828 -0.000000
-0.333118 0.333118 -0.661015
0.000000 -0.000000 1.000000
0.044554 -0.609840 -0.011638
0.000000 -0.335828 -0.000000
-0.333118 -0.333118 -0.661015
-0.333118 0.333118 0.661015
-0.613983 0.613983 0.000000
-0.314392 0.314392 -0.000000
0.044554 -0.609840 -0.011638
-0.000000 0.353382 0.617425
-0.000000 0.335828 -0.000000
-0.000000 0.335828 -0.000000
0.000000 -0.335828 -0.000000
-0.333118 -0.333118 -0.661015
0.000000 -1.000000 0.000000
0.000000 -0.335828 -0.000000
0.404445 -0.296598 -0.570381
-0.000000 0.335828 -0.000000
0.029255 -0.614229 0.037277
0.404207 -0.610055 0.460158
0.000000 -0.335828 -0.000000
-0.039817 0.614229 -0.022341
0.613983 -0.613983 0.000000
0.314392 -0.314392 -0.000000
-0.333118 -0.333118 -0.661015
0.000000 -1.000000 0.000000
0.000000 -1.000000 0.000000
0.392579 -0.597639 0.477598
0.333118 -0.333118 -0.661015
0.000000 -0.335828 -0.000000
0.000000 -0.335828 -0.000000
-0.239894 -0.000000 -0.861486
-0.353382 -0.000000 -0.617425
0.333118 -0.333118 0.661015
0.000000 -1.000000 0.000000
0.314392 -0.314392 -0.000000
0.000000 -0.353382 0.617425
0.000000 -0.335828 -0.000000
0.000000 -1.000000 0.000000
0.000000 -1.000000 0.000000
0.000000 -1.000000 0.000000
-0.374410 -0.669330 -0.449738
-0.374410 -0.669330 -0.449738
0.000000 -0.335828 -0.000000
0.000000 -1.000000 0.000000
0.000000 -0.353382 0.617425
0.000000 -1.000000 0.000000
0.000000 -1.000000 0.000000
0.000000 -1.000000 0.000000
0.000000 -0.335828 -0.000000
0.000000 -0.239894 -0.861486
0.000000 0.000000 -0.802123
-0.333118 -0.333118 -0.661015
0.000000 -1.000000 0.000000
-0.353382 -0.000000 -0.617425
-0.239894 -0.000000 -0.861486
-0.333118 -0.333118 -0.661015
0.333118 -0.333118 0.661015
0.000000 -0.353382 0.617425
0.000000 -0.335828 -0.000000
-0.613983 -0.613983 0.000000
-0.000000 0.000000 -1.000000
-0.239894 -0.000000 -0.861486
0.000000 -0.335828 -0.000000
0.000000 -0.335828 -0.000000
0.000000 -0.000000 0.802123
-0.000000 -0.000000 -0.000000
0.000000 -0.353382 0.617425
0.000000 -0.353382 0.617425
0.000000 -0.335828 -0.000000
0 0 0
0 0 0
0 0 0
0 0 0
0 0 0
0 0 0
0 0 0
0 0 0
0 0 0
0 0 0
0 0 0
0 0 0
0 0 0
0 0 0
0 0 0
0 0 0
0 0 0
0 0 0
0 0 0
0 0 0
0 0 0
0 0 0
0 0 0
0 0 0
0 0 0
0 0 0
0 0 0
0 0 0
0 0 0
0 0 0
0 0 0
0 0 0
0 0 0
0 0 0
0 0 0
0 0 0
0 0 0
0 0 0
0 0 0
0 0 0
0 0 0
0 0 0
0 0 0
0 0 0
0 0 0
0 0 0
0 0 0
0 0 0
0 0 0
0 0 0
0 0 0
0 0 0
0 0 0
0 0 0
0 0 0
0 0 0
0 0 0
0 0 0
0 0 0
0 0 0
0 0 0
0 0 0
0 0 0
0 0 0
0 0 0
0 0 0
0 0 0
0 0 0
0 0 0
0 0 0
0 0 0
0 0 0
0 0 0
0 0 0
0 0 0
0 0 0
0 0 0
0 0 0
0 0 0
0 0 0
0 0 0
0 0 0
0 0 0
0 0 0
0 0 0
0 0 0
0 0 0
0 0 0
0 0 0
0 0 0
0 0 0
0 0 0
0 0 0
0 0 0
0 0 0
0 0 0
0 0 0
0 0 0
0 0 0
0 0 0
0 0 0
0 0 0
0 0 0
0 0 0
0 0 0
0 0 0
0 0 0
0 0 0
0 0 0
0 0 0
0 0 0
0 0 0
0 0 0
0 0 0
0 0 0
0 0 0
0 0 0
0 0 0
0 0 0
0 0 0
0 0 0
0 0 0
0 0 0
0 0 0
0 0 0
0 0 0
0 0 0
0 0 0
0 0 0
0 0 0
0 0 0
0 0 0
0 0 0
0 0 0
0 0 0
0 0 0
0 0 0
0 0 0
0 0 0
0 0 0
0 0 0
0 0 0
0 0 0
0 0 0
0 0 0
0 0 0
0 0 0
0 0 0
0 0 0
0 0 0
0 0 0
0 0 0
0 0 0
0 0 0
0 0 0
0 0 0
0 0 0
0 0 0
0 0 0
0 0 0
0 0 0
0 0 0
0 0 0
0 0 0
0 0 0
0 0 0
0 0 0
0 0 0
0 0 0
0 0 0
0 0 0
0 0 0
0 0 0
0 0 0
0 0 0
0 0 0
0 0 0
0 0 0
0 0 0
0 0 0
0 0 0
0 0 0
0 0 0
0 0 0
0 0 0
0 0 0
0 0 0
