61 72
26.37155 60.1543 -22.22641
18.45065 60.03355 -29.54198
8.84877 59.90095 -34.03082
-1.594771 59.76765 -35.48235
-12.04067 59.6446 -33.68568
-21.64948 59.54325 -28.42994
-27.64829 59.47255 -21.55864
-32.18171 59.40125 -11.98586
-34.40547 59.35165 -0.9508535
-33.47573 59.34615 10.3067
-28.54851 59.4071 20.54728
-19.04807 59.54315 29.26273
-8.32387 59.6985 33.63116
2.691978 59.85525 34.25982
13.068 59.99635 31.75622
21.87229 60.1041 26.72745
27.05523 60.16795 20.41804
31.03831 60.225 11.0252
32.87968 60.25505 -0.1081984
31.63798 60.2382 -11.63955
28.24492 15.70469 -22.83519
19.27298 15.50506 -31.08488
8.916075 15.26855 -35.10873
-1.858598 15.02472 -35.52001
-12.08413 14.80329 -32.9323
-20.79341 14.63356 -27.95869
-26.94895 14.51792 -21.33058
-31.6679 14.41586 -12.28425
-34.07921 14.34803 -1.641999
-33.31138 14.33533 9.774065
-28.49311 14.39882 21.1419
-20.08342 14.53818 30.24459
-10.10334 14.72114 34.9197
0.6802355 14.93168 35.52001
11.50034 15.15361 32.39862
21.59007 15.37088 25.90784
27.08817 15.51116 19.59525
31.78855 15.65993 10.60433
34.40547 15.77181 -0.1047081
33.65286 15.80181 -11.57131
31.05717 -59.1735 -23.64837
23.54192 -59.35205 -29.03529
14.02773 -59.58935 -28.91031
4.105005 -59.8401 -25.36668
-4.635846 -60.059 -20.498
-10.60417 -60.20095 -16.39749
-14.68359 -60.2362 -13.31034
-21.37798 -60.25505 -7.22313
-27.82187 -60.24615 1.163152
-31.14963 -60.1986 11.14715
-28.49573 -60.1011 22.02777
-21.05791 -59.9988 28.52337
-11.77645 -59.918 28.96404
-1.958689 -59.8491 25.44481
7.087675 -59.78245 20.06105
14.05542 -59.7082 14.90795
18.3538 -59.6063 11.5169
25.05157 -59.4194 5.230195
31.30031 -59.23005 -3.216743
34.25161 -59.1206 -13.08809
-0.2925307 59.9455 -1.418707
0 1
1 2
2 3
3 4
4 5
0 19
18 19
17 18
16 17
15 16
5 6
6 7
7 8
8 9
9 10
14 15
13 14
12 13
11 12
10 11
20 21
21 22
22 23
23 24
24 25
20 39
38 39
37 38
36 37
35 36
25 26
26 27
27 28
28 29
29 30
34 35
33 34
32 33
31 32
30 31
40 41
41 42
42 43
43 44
44 45
40 59
58 59
57 58
56 57
55 56
45 46
46 47
47 48
48 49
49 50
54 55
53 54
52 53
51 52
50 51
15 60
20 40
0 60
10 60
30 50
25 45
35 55
5 60
15 35
0 20
5 25
10 30
