0.6799619 0.2251218 -0.6978338
0.6801465 0.2249232 -0.697718
0.6803992 0.2249331 -0.6974682
0.6802409 0.2245962 -0.6977313
0.6804081 0.2246612 -0.6975473
0.6803495 0.2246667 -0.6976026
0.6800299 0.2247939 -0.6978733
0.6799619 0.2251218 -0.6978338
0.3159377 -0.6863379 -0.6550753
0.3105779 -0.6816596 -0.6624814
0.3107817 -0.6748014 -0.6693712
0.3156259 -0.6694999 -0.6724211
0.3209047 -0.6682899 -0.671125
0.3239127 -0.671156 -0.6668059
0.3228647 -0.677443 -0.6609307
0.3157099 -0.6865641 -0.6549482
0.6662297 0.2287369 -0.709801
0.6660748 0.2286531 -0.7099735
0.6659981 0.2285282 -0.7100855
0.6659673 0.2283814 -0.7101616
0.6660261 0.2283362 -0.7101211
0.6661007 0.2283643 -0.710042
0.6661689 0.2284601 -0.7099473
0.6662297 0.2287369 -0.709801
-0.3973952 0.7082933 0.5834362
-0.4063991 0.7071359 0.5786179
-0.414858 0.7025272 0.5782287
-0.4188358 0.6970696 0.581954
-0.4173652 0.693985 0.586678
-0.4121716 0.6946741 0.5895274
-0.4050826 0.6993564 0.5889046
-0.3973952 0.7082933 0.5834362
-0.7413958 0.1887105 -0.643988
-0.7416251 0.1890309 -0.6436299
-0.741815 0.1888916 -0.6434519
-0.7417258 0.1886008 -0.6436402
-0.7417704 0.1884715 -0.6436265
-0.7417967 0.1883964 -0.6436183
-0.7418202 0.1883725 -0.6435983
-0.7418221 0.1884073 -0.6435857
-0.7418022 0.1884486 -0.6435968
-0.7417705 0.1884715 -0.6436266
0.00485237 -0.9461891 -0.323578
0.002573082 -0.9464744 -0.3227687
0.001945652 -0.946879 -0.3215843
0.001756652 -0.9470568 -0.3210614
0.001905664 -0.9471117 -0.3208986
0.002310171 -0.9470478 -0.3210844
0.002883908 -0.9468886 -0.321549
0.003698395 -0.946612 -0.3223541
0.004852363 -0.9461891 -0.323578
-0.03616039 0.9545032 0.2960005
-0.03547895 0.955221 0.2937587
-0.03452297 0.9555358 0.2928475
-0.03398716 0.9556134 0.2926567
-0.03378832 0.9555829 0.2927792
-0.03368894 0.9553965 0.2933982
-0.03444284 0.9552427 0.2938114
-0.03525354 0.954947 0.2946752
-0.03649718 0.9545137 0.2959251
0.01470539 -0.9472893 -0.3200418
0.0144988 -0.9473631 -0.3198327
0.01434675 -0.947414 -0.3196889
0.01423337 -0.9474477 -0.3195941
0.01416521 -0.9474627 -0.3195527
0.01413391 -0.9474627 -0.3195538
0.014138 -0.9474496 -0.3195925
0.01423931 -0.9474093 -0.3197076
0.0143886 -0.9473612 -0.3198435
0.01470539 -0.9472893 -0.3200418
0.03168081 -0.9517435 -0.3052551
0.03147762 -0.9518194 -0.3050392
0.03133597 -0.9518758 -0.304878
0.03125125 -0.951914 -0.3047673
0.03120833 -0.9519393 -0.3046925
0.03121962 -0.9519457 -0.3046716
0.03126721 -0.9519386 -0.3046888
0.03135644 -0.9519124 -0.3047615
0.03151022 -0.9518456 -0.3049542
0.03168082 -0.9517435 -0.3052551
0.3655268 0.4602334 0.8090584
0.4008707 0.4605632 0.7919497
0.4411208 0.4768014 0.7603111
0.4736691 0.5136521 0.7154014
0.4893963 0.5607886 0.6678379
0.497131 0.5960739 0.6305209
0.5085531 0.6013188 0.6162706
0.5099043 0.5810873 0.634299
0.4893964 0.5607886 0.6678379
0.67318 -0.7332023 0.09614095
0.6602135 -0.7392231 0.1329192
0.6291736 -0.7578666 0.1725656
0.5788272 -0.7900451 0.2019598
0.5214319 -0.8262309 0.2131932
0.4764282 -0.8517465 0.2180461
0.4623669 -0.856417 0.2297102
0.4855248 -0.842505 0.2333476
0.5214319 -0.8262309 0.2131932
-0.0262455 0.9493517 0.3131175
-0.02668781 0.9493953 0.3129478
-0.02716705 0.9493288 0.3131082
-0.02748858 0.949295 0.3131826
-0.02743373 0.9492077 0.313452
-0.02729487 0.9491899 0.313518
-0.02687411 0.9491594 0.3136468
-0.02663879 0.9492426 0.313415
-0.02623743 0.9493534 0.3131131
-0.02547352 0.9494306 0.312942
-0.02536698 0.9493643 0.3131518
-0.02627584 0.9493533 0.3131102
-0.02722843 0.9494694 0.3126762
-0.02807874 0.949662 0.3120156
-0.02889537 0.9497816 0.3115767
-0.02956963 0.9497253 0.3116851
-0.02938349 0.9491914 0.3133247
-0.02789113 0.9490666 0.3138387
-0.02681675 0.9492011 0.3135254
-0.0262455 0.9493517 0.3131175
0.02335913 -0.9485947 -0.31563
0.0231572 -0.9484739 -0.3160082
0.02326979 -0.9483042 -0.3165088
0.02365333 -0.9482241 -0.3167201
0.02391547 -0.948247 -0.3166319
0.02397123 -0.9483007 -0.3164667
0.02385822 -0.9483697 -0.3162683
0.02363774 -0.9484552 -0.3160287
0.02334763 -0.9486029 -0.3156064
0.0232428 -0.9488429 -0.3148919
0.02347139 -0.9488693 -0.3147953
0.02335563 -0.9485916 -0.3156397
0.02281398 -0.9483116 -0.3165196
0.02206007 -0.9480841 -0.3172539
0.02152373 -0.9478475 -0.3179965
0.02189052 -0.9475756 -0.3187808
0.02330924 -0.9476063 -0.3185892
0.02429563 -0.9480719 -0.3171267
0.02374049 -0.9483922 -0.31621
0.02335912 -0.9485947 -0.31563
0.6957427 -0.1999141 0.6899105
0.7095554 -0.1935124 0.6775573
0.7173246 -0.1882747 0.6708189
0.7220026 -0.1839703 0.6669837
0.724367 -0.1795925 0.6656118
0.7245236 -0.1752951 0.6665862
0.721411 -0.1709276 0.6710812
0.7140098 -0.1701887 0.6791361
0.7028456 -0.1791735 0.6884075
0.6957427 -0.1999142 0.6899105
0.7378158 -0.1866175 0.6486924
0.7399697 -0.1840516 0.6469697
0.741231 -0.1832708 0.6457464
0.7418943 -0.1834137 0.6449437
0.7421296 -0.1840622 0.644488
0.741947 -0.1841346 0.6446775
0.7415445 -0.1848657 0.6449313
0.740796 -0.1853182 0.6456612
0.7396345 -0.1858622 0.6468354
0.7377985 -0.1862918 0.6488057
0.02183726 -0.9504355 -0.310154
0.02177561 -0.9504556 -0.3100967
0.02173657 -0.9504656 -0.310069
0.0216985 -0.9504724 -0.3100509
0.02164926 -0.9504779 -0.3100373
0.02162355 -0.9504733 -0.3100531
0.02160533 -0.9504627 -0.310087
0.02164932 -0.9504434 -0.3101431
0.02169879 -0.9504278 -0.3101872
0.02183728 -0.9504355 -0.310154
0.02065296 -0.9501237 -0.3111888
0.02060509 -0.9501424 -0.3111349
0.02058094 -0.9501541 -0.3111007
0.02055689 -0.9501692 -0.3110562
0.02055893 -0.9501765 -0.3110335
0.02056943 -0.9501859 -0.3110044
0.02060333 -0.9501882 -0.3109951
0.02065334 -0.9501783 -0.311022
0.02068901 -0.9501565 -0.3110863
0.02065296 -0.9501237 -0.3111888
0.7368099 -0.1950175 0.6473635
0.7375714 -0.1956929 0.6462916
0.7381122 -0.1954587 0.6457448
0.7383447 -0.1951612 0.6455689
0.7384084 -0.1949454 0.6455612
0.7383854 -0.1948061 0.6456296
0.7382929 -0.1947268 0.6457593
0.7380881 -0.1947095 0.6459987
0.737697 -0.194774 0.6464257
0.7368098 -0.1950175 0.6473634
-0.7428754 0.1945427 -0.6405383
-0.7430258 0.1958349 -0.6399698
-0.7428313 0.1962171 -0.6400787
-0.7424809 0.1959665 -0.6405617
-0.7428754 0.1945427 -0.6405383
-0.6710469 -0.2480396 0.6986934
-0.6712321 -0.2472467 0.6987965
-0.6711231 -0.2471815 0.6989242
-0.6645761 -0.2510478 0.7037852
-0.6666226 -0.2497894 0.702296
-0.6667583 -0.2485196 0.7026175
-0.6654226 -0.2489789 0.7037203
-0.6645761 -0.2510478 0.7037852
0.6729769 0.2454454 -0.6977527
0.6729711 0.2454476 -0.6977574
0.6729686 0.2454497 -0.6977591
0.6729665 0.2454535 -0.6977598
0.6729769 0.2454454 -0.6977527
0.6474935 -0.06994873 -0.7588539
-0.6437526 0.0632153 0.7626182
0.7441851 -0.1843231 0.6420386
0.7441851 -0.184323 0.6420385
0.7334746 -0.1972318 0.6504727
0.7364734 -0.3048372 0.6038883
0.7323306 -0.0818752 0.6760092
0.7452588 -0.1851625 0.64055
-0.6744162 -0.2463985 0.6960248
-0.674049 -0.2466505 0.6962912
-0.6744253 -0.247228 0.6957219
-0.6744253 -0.247228 0.6957219
-0.6710469 -0.2480397 0.6986935
0.7090541 0.212327 -0.6724282
0.7099504 0.2110464 -0.6718853
0.7090541 0.212327 -0.6724282
0.705985 0.2159812 -0.6744904
0.7071407 0.2208263 -0.6717052
0.6355568 0.2316234 -0.7364905
0.6348097 0.2305946 -0.737457
0.6355568 0.2316234 -0.7364905
0.6388941 0.2336251 -0.7329623
0.6374884 0.2391149 -0.7324156
-0.6726051 -0.2455501 0.6980742
-0.6726107 -0.2455516 0.6980683
-0.6726118 -0.2455501 0.6980677
-0.6726096 -0.2455495 0.6980702
-0.6726051 -0.2455501 0.6980742
-0.6807494 -0.2467996 0.6896886
-0.6800129 -0.2451436 0.6910044
-0.6787024 -0.2453788 0.6922083
-0.6787904 -0.2465981 0.6916885
-0.6807494 -0.2467996 0.6896886
-0.6780387 -0.2354576 0.6962925
-0.6773766 -0.2355691 0.696899
-0.6770372 -0.2363062 0.6969793
-0.6773484 -0.2368053 0.6965073
-0.6780244 -0.2351352 0.6964154
-0.6678732 -0.2377707 0.7052733
-0.6685813 -0.2375316 0.7046828
-0.668802 -0.2384218 0.7041726
-0.6684679 -0.2390672 0.704271
-0.6678733 -0.2377707 0.7052733
0.04417423 0.9238276 0.3802517
0.2023267 -0.9663268 -0.1589858
0.1987764 -0.9704849 -0.1365544
0.2083706 -0.9637281 -0.1667633
0.2153489 -0.948179 -0.2336267
0.2464633 -0.930582 -0.2706896
0.2626548 -0.9268537 -0.2682438
0.2600199 -0.9326794 -0.2499978
0.2502754 -0.9416286 -0.2251618
0.2324875 -0.9524335 -0.1970284
0.2083706 -0.963728 -0.1667633
0.1449397 0.8751085 0.4617115
0.1673128 0.8741938 0.4558417
0.1373626 0.8729218 0.468123
0.06980675 0.8732806 0.4821909
0.03244618 0.8571797 0.5139943
0.0351328 0.8486464 0.5277926
0.05433177 0.8499017 0.5241327
0.07927655 0.8550745 0.5124089
0.1077726 0.8629855 0.4936002
0.1373626 0.8729218 0.468123
0.6694872 0.2438961 -0.7016422
0.6708023 0.2427663 -0.7007774
0.6710395 0.241933 -0.7008384
0.6704844 0.2419925 -0.7013489
0.669732 0.2439204 -0.7013999
-0.6713652 -0.2421118 0.7004646
-0.6713792 -0.242065 0.7004673
-0.6713727 -0.2420671 0.7004729
-0.6713607 -0.2420824 0.7004791
-0.6713652 -0.2421118 0.7004647
0.6761277 0.242057 -0.6958878
0.6748401 0.2416438 -0.6972799
0.6746001 0.2409678 -0.6977459
0.6753422 0.2404529 -0.6972053
0.6761277 0.242057 -0.6958877
0.6743572 0.2413149 -0.6978607
0.6743516 0.2412963 -0.6978726
0.6743549 0.2412974 -0.697869
0.6743679 0.2412561 -0.6978707
0.6743572 0.2413149 -0.6978606
0.668361 0.2261999 -0.7086093
0.6689413 0.2249173 -0.70847
0.6691692 0.2252798 -0.7081396
0.6688234 0.2258906 -0.7082716
0.668361 0.2261999 -0.7086093
0.6778488 0.2236153 -0.7003694
0.677238 0.2225997 -0.7012831
0.6770172 0.2231089 -0.7013346
0.677367 0.2235454 -0.7008577
0.6778489 0.2236153 -0.7003694
-0.7385735 0.1954303 -0.6452257
-0.7386032 0.1953453 -0.6452175
-0.7386157 0.1953495 -0.6452019
-0.7386265 0.1953702 -0.6451833
-0.7385735 0.1954303 -0.6452257
0.0131197 -0.9462094 -0.3232892
0.0128807 -0.9462044 -0.3233132
0.01282168 -0.9462218 -0.3232644
0.01290863 -0.9462275 -0.3232445
0.0131197 -0.9462093 -0.3232891
0.03521017 -0.9520076 -0.3040424
0.03525519 -0.9520751 -0.3038259
0.03521091 -0.9521006 -0.303751
0.03518151 -0.9520753 -0.3038336
0.03521017 -0.9520076 -0.3040424
-0.6717765 -0.239077 0.7011124
-0.6715922 -0.2390212 0.701308
-0.6715569 -0.2389252 0.7013744
-0.6716475 -0.2388982 0.7012969
-0.6717765 -0.239077 0.7011124
-0.6740943 -0.2384759 0.6990896
-0.6742772 -0.238326 0.6989642
-0.6744704 -0.2384268 0.6987434
-0.674439 -0.2383553 0.6987981
-0.6740943 -0.2384759 0.6990895
0.7348523 -0.2096653 0.645006
0.7348523 -0.2096653 0.645006
0.7359124 -0.1938931 0.6487206
0.7349725 -0.1947267 0.6495359
0.7359124 -0.1938931 0.6487206
0.7379876 -0.1919778 0.6469303
0.7410078 -0.1902815 0.6439725
0.6750963 0.2451726 -0.6957985
0.6750715 0.2456467 -0.6956551
0.6748872 0.2453209 -0.695949
0.6750963 0.2451726 -0.6957985
-0.6704708 -0.2464102 0.6998221
-0.6708265 -0.2462966 0.6995211
-0.6707715 -0.246118 0.6996366
-0.6704708 -0.2464102 0.6998221
