40
24 0.5773503 0.5773503 0.5773503
25 -0.5773503 -0.5773503 -0.5773503
0 0 0.7071068 -0.7071068
1 0 -0.7071068 0.7071068
2 -0.7071068 0 0.7071068
3 0.7071068 0 -0.7071068
4 0.7071068 -0.7071068 0
5 -0.7071068 0.7071068 0
26 -0.5773503 0.5773503 0.5773503
27 0.5773503 -0.5773503 -0.5773503
6 -0.7071068 0 -0.7071068
7 0.7071068 0 0.7071068
8 0.7071068 0.7071068 0
9 -0.7071068 -0.7071068 0
28 -0.5773503 -0.5773503 0.5773503
29 0.5773503 0.5773503 -0.5773503
10 0 -0.7071068 -0.7071068
11 0 0.7071068 0.7071068
12 -0.7071068 0.7071068 0
13 0.7071068 -0.7071068 0
30 0.5773503 -0.5773503 0.5773503
31 -0.5773503 0.5773503 -0.5773503
14 -0.7071068 -0.7071068 0
15 0.7071068 0.7071068 0
32 0.5773503 0.5773503 -0.5773503
33 -0.5773503 -0.5773503 0.5773503
16 0 -0.7071068 -0.7071068
17 0 0.7071068 0.7071068
18 0.7071068 0 0.7071068
19 -0.7071068 0 -0.7071068
34 -0.5773503 0.5773503 -0.5773503
35 0.5773503 -0.5773503 0.5773503
20 0.7071068 0 -0.7071068
21 -0.7071068 0 0.7071068
36 -0.5773503 -0.5773503 -0.5773503
37 0.5773503 0.5773503 0.5773503
22 0 0.7071068 -0.7071068
23 0 -0.7071068 0.7071068
38 0.5773503 -0.5773503 -0.5773503
39 -0.5773503 0.5773503 0.5773503
