146
-0.000000 1.000000 0.000000
-0.000000 1.000000 0.000000
-0.000000 1.000000 0.000000
-0.549647 0.716313 0.000000
-0.000000 1.000000 0.000000
-0.549647 0.716313 0.000000
0.000000 -1.000000 0.000000
-0.000000 0.807812 -0.466391
0.000000 -1.000000 0.000000
0.418646 -0.637413 0.425097
-0.418646 0.637413 -0.425097
0.549647 -0.716313 0.000000
0.000000 -0.807812 0.466391
-0.403140 0.623390 0.445127
0.000000 -1.000000 0.000000
0.403140 -0.623390 -0.445127
0.374410 0.669330 -0.449738
0.418646 -0.637413 0.425097
-0.000000 1.000000 0.000000
0.000000 -1.000000 0.000000
-0.374411 -0.669330 0.449738
0.000000 -1.000000 0.000000
-0.000000 1.000000 0.000000
-0.359434 -0.652909 0.470384
0.374411 0.669330 0.449738
-0.000000 0.716313 0.549647
0.359434 0.652909 0.470384
-0.000000 0.807812 -0.466391
0.000000 -1.000000 0.000000
0.404207 -0.610055 -0.460158
0.359434 0.652909 -0.470384
0.000000 -1.000000 0.000000
0.382761 -0.637751 0.452293
0.374410 0.669330 -0.449738
-0.374411 -0.669330 0.449738
0.009570 -0.649697 0.609115
-0.034962 0.618725 0.011925
0.359434 0.652909 0.470384
-0.000000 1.000000 0.000000
-0.393013 0.619283 0.020552
-0.332809 -0.623064 0.507090
-0.049978 0.611590 -0.464833
-0.000000 1.000000 0.000000
0.000000 -0.807812 0.466391
0.359434 0.652909 0.470384
-0.000000 1.000000 0.000000
0.374411 0.669330 0.449738
0.000000 -1.000000 0.000000
0.034962 -0.618725 0.011925
-0.000000 1.000000 0.000000
0.039817 -0.614229 -0.022341
0.000000 -0.716313 -0.549647
-0.466391 -0.807812 0.000000
-0.359434 -0.652909 -0.470384
0.404207 -0.610055 -0.460158
0.418646 -0.637413 -0.425097
0.403140 -0.623390 0.445127
-0.418646 0.637413 -0.425097
-0.466391 -0.807812 0.000000
-0.374410 -0.669330 -0.449738
-0.000000 1.000000 0.000000
-0.359434 -0.652909 -0.470384
-0.000000 1.000000 0.000000
-0.359434 -0.652909 0.470384
-0.000000 1.000000 0.000000
-0.404207 0.610055 0.460158
-0.374411 -0.669330 0.449738
0.034962 -0.618725 -0.011925
0.374410 0.669330 -0.449738
-0.403140 0.623390 0.445127
0.374410 0.669330 -0.449738
-0.374411 -0.669330 0.449738
0.359434 0.652909 -0.470384
0.374410 0.669330 -0.449738
0.374411 0.669330 0.449738
-0.034962 0.618725 -0.011925
0.009570 -0.649697 0.609115
0.374411 0.669330 0.449738
-0.034962 0.618725 -0.011925
-0.034962 0.618725 0.011925
0.419177 -0.623064 -0.441427
-0.393846 0.611590 -0.038166
-0.403140 0.623390 0.445127
-0.466391 -0.807812 0.000000
0.039817 -0.614229 -0.022341
0.404207 -0.610055 0.460158
-0.035399 0.623224 -0.000000
0.042199 -0.635500 0.433647
0 0 0
0 0 0
0 0 0
0 0 0
0 0 0
0 0 0
0 0 0
0 0 0
0 0 0
0 0 0
0 0 0
0 0 0
0 0 0
0 0 0
0 0 0
0 0 0
0 0 0
0 0 0
0 0 0
0 0 0
0 0 0
0 0 0
0 0 0
0 0 0
0 0 0
0 0 0
0 0 0
0 0 0
0 0 0
0 0 0
0 0 0
0 0 0
0 0 0
0 0 0
0 0 0
0 0 0
0 0 0
0 0 0
0 0 0
0 0 0
0 0 0
0 0 0
0 0 0
0 0 0
0 0 0
0 0 0
0 0 0
0 0 0
0 0 0
0 0 0
0 0 0
0 0 0
0 0 0
0 0 0
0 0 0
0 0 0
0 0 0
0 0 0
