15
58
35.505463 60.005081 -36.494843 23.000000 22.000000 23.000000
0.003345 50.007187 -49.994167 -0.000029 0.707107 -0.707107 50.004921 50.006371 0.006594 -0.707107 -0.707107 -0.000033 
-35.994537 36.005081 -59.994843 24.000000 24.000000 22.000000
-49.993965 0.005081 -49.996445 -0.707107 -0.000014 -0.707107 0.003345 50.007187 -49.994167 0.000029 -0.707107 0.707107 
-35.994537 36.005081 -59.994843 24.000000 24.000000 22.000000
-49.993965 0.005081 -49.996445 -0.707107 -0.000014 -0.707107 0.003345 50.007187 -49.994167 -0.000029 0.707107 -0.707107 
-59.994537 35.505081 -36.494843 22.000000 23.000000 23.000000
-49.993965 0.005081 -49.996445 0.707107 0.000014 0.707107 -49.996117 50.008282 0.005573 -0.707107 0.707107 -0.000039 
-59.994537 35.505081 -36.494843 22.000000 23.000000 23.000000
-49.993965 0.005081 -49.996445 -0.707107 -0.000014 -0.707107 -49.996117 50.008282 0.005573 0.707107 -0.707107 0.000039 
-59.494537 36.005081 -59.494843 23.000000 24.000000 23.000000
-49.993965 0.005081 -49.996445 -0.707107 -0.000014 -0.707107 
-59.994537 35.505081 -36.494843 22.000000 23.000000 23.000000
-49.993965 0.005081 -49.996445 -0.707107 -0.000014 -0.707107 -49.996117 50.008282 0.005573 -0.707107 0.707107 -0.000039 
-35.994537 -35.994919 -59.994843 24.000000 24.000000 22.000000
-49.993965 0.005081 -49.996445 -0.707107 -0.000014 -0.707107 0.003887 -49.998116 -49.996937 0.000090 0.707107 0.707107 
-35.994537 -35.994919 -59.994843 24.000000 24.000000 22.000000
-49.993965 0.005081 -49.996445 -0.707107 -0.000014 -0.707107 0.003887 -49.998116 -49.996937 -0.000090 -0.707107 -0.707107 
-59.994537 -35.494919 -36.494843 22.000000 23.000000 23.000000
-49.991714 -49.995773 0.007162 0.707107 0.707107 -0.000032 -49.993965 0.005081 -49.996445 -0.707107 -0.000014 -0.707107 
-59.494537 -35.994919 -59.494843 23.000000 24.000000 23.000000
-49.993965 0.005081 -49.996445 -0.707107 -0.000014 -0.707107 
-59.994537 -35.494919 -36.494843 22.000000 23.000000 23.000000
-49.991714 -49.995773 0.007162 -0.707107 -0.707107 0.000032 -49.993965 0.005081 -49.996445 -0.707107 -0.000014 -0.707107 
-36.494537 -11.994919 -59.994843 23.000000 24.000000 22.000000
-49.993965 0.005081 -49.996445 -0.707107 -0.000014 -0.707107 
-59.494537 -11.994919 -59.494843 23.000000 24.000000 23.000000
-49.993965 0.005081 -49.996445 -0.707107 -0.000014 -0.707107 
-59.994537 -11.994919 -36.494843 22.000000 24.000000 23.000000
-49.993965 0.005081 -49.996445 -0.707107 -0.000014 -0.707107 
-59.994537 12.005081 -36.494843 22.000000 24.000000 23.000000
-49.993965 0.005081 -49.996445 -0.707107 -0.000014 -0.707107 
-59.494537 12.005081 -59.494843 23.000000 24.000000 23.000000
-49.993965 0.005081 -49.996445 -0.707107 -0.000014 -0.707107 
-36.494537 12.005081 -59.994843 23.000000 24.000000 22.000000
-49.993965 0.005081 -49.996445 -0.707107 -0.000014 -0.707107 
-35.994537 36.005081 -59.994843 24.000000 24.000000 22.000000
-49.993965 0.005081 -49.996445 0.707107 0.000014 0.707107 0.003345 50.007187 -49.994167 -0.000029 0.707107 -0.707107 
36.005463 36.005081 -59.994843 24.000000 24.000000 22.000000
0.003345 50.007187 -49.994167 -0.000029 0.707107 -0.707107 50.001198 0.003992 -49.994659 -0.707107 -0.000131 0.707107 
35.505463 59.505081 -59.494843 23.000000 23.000000 23.000000
0.003345 50.007187 -49.994167 -0.000029 0.707107 -0.707107 
36.005463 36.005081 -59.994843 24.000000 24.000000 22.000000
0.003345 50.007187 -49.994167 -0.000029 0.707107 -0.707107 50.001198 0.003992 -49.994659 0.707107 0.000131 -0.707107 
12.005463 36.505081 -59.994843 24.000000 23.000000 22.000000
0.003345 50.007187 -49.994167 -0.000029 0.707107 -0.707107 
12.005463 59.505081 -59.494843 24.000000 23.000000 23.000000
0.003345 50.007187 -49.994167 -0.000029 0.707107 -0.707107 
12.005463 60.005081 -36.494843 24.000000 22.000000 23.000000
0.003345 50.007187 -49.994167 -0.000029 0.707107 -0.707107 
-11.494537 60.005081 -36.494843 23.000000 22.000000 23.000000
0.003345 50.007187 -49.994167 -0.000029 0.707107 -0.707107 
-11.994537 36.505081 -59.994843 24.000000 23.000000 22.000000
0.003345 50.007187 -49.994167 -0.000029 0.707107 -0.707107 
-11.994537 59.505081 -59.494843 24.000000 23.000000 23.000000
0.003345 50.007187 -49.994167 -0.000029 0.707107 -0.707107 
-59.494537 59.505081 -59.994843 23.000000 23.000000 22.000000

-35.994537 59.505081 -59.994843 24.000000 23.000000 22.000000
0.003345 50.007187 -49.994167 -0.000029 0.707107 -0.707107 
-35.994537 -35.994919 -59.994843 24.000000 24.000000 22.000000
-49.993965 0.005081 -49.996445 0.707107 0.000014 0.707107 0.003887 -49.998116 -49.996937 -0.000090 -0.707107 -0.707107 
36.005463 -35.994919 -59.994843 24.000000 24.000000 22.000000
0.003887 -49.998116 -49.996937 0.000090 0.707107 0.707107 50.001198 0.003992 -49.994659 0.707107 0.000131 -0.707107 
36.005463 -35.994919 -59.994843 24.000000 24.000000 22.000000
0.003887 -49.998116 -49.996937 -0.000090 -0.707107 -0.707107 50.001198 0.003992 -49.994659 -0.707107 -0.000131 0.707107 
36.005463 -59.494919 -59.994843 24.000000 23.000000 22.000000
0.003887 -49.998116 -49.996937 -0.000090 -0.707107 -0.707107 
36.005463 -35.994919 -59.994843 24.000000 24.000000 22.000000
0.003887 -49.998116 -49.996937 -0.000090 -0.707107 -0.707107 50.001198 0.003992 -49.994659 0.707107 0.000131 -0.707107 
11.505463 -59.994919 -36.494843 23.000000 22.000000 23.000000
0.003887 -49.998116 -49.996937 -0.000090 -0.707107 -0.707107 
12.005463 -59.494919 -59.494843 24.000000 23.000000 23.000000
0.003887 -49.998116 -49.996937 -0.000090 -0.707107 -0.707107 
12.005463 -36.494919 -59.994843 24.000000 23.000000 22.000000
0.003887 -49.998116 -49.996937 -0.000090 -0.707107 -0.707107 
-11.994537 -36.494919 -59.994843 24.000000 23.000000 22.000000
0.003887 -49.998116 -49.996937 -0.000090 -0.707107 -0.707107 
-11.994537 -59.494919 -59.494843 24.000000 23.000000 23.000000
0.003887 -49.998116 -49.996937 -0.000090 -0.707107 -0.707107 
-11.494537 -59.994919 -36.494843 23.000000 22.000000 23.000000
0.003887 -49.998116 -49.996937 -0.000090 -0.707107 -0.707107 
-59.494537 -59.494919 -59.994843 23.000000 23.000000 22.000000

-35.994537 -59.494919 -59.994843 24.000000 23.000000 22.000000
0.003887 -49.998116 -49.996937 -0.000090 -0.707107 -0.707107 
36.005463 36.005081 -59.994843 24.000000 24.000000 22.000000
0.003345 50.007187 -49.994167 0.000029 -0.707107 0.707107 50.001198 0.003992 -49.994659 0.707107 0.000131 -0.707107 
60.005463 35.505081 -36.494843 22.000000 23.000000 23.000000
50.001198 0.003992 -49.994659 -0.707107 -0.000131 0.707107 50.004921 50.006371 0.006594 0.707107 0.707107 0.000033 
60.005463 35.505081 -36.494843 22.000000 23.000000 23.000000
50.001198 0.003992 -49.994659 0.707107 0.000131 -0.707107 50.004921 50.006371 0.006594 -0.707107 -0.707107 -0.000033 
59.505463 35.505081 -59.494843 23.000000 23.000000 23.000000
50.001198 0.003992 -49.994659 0.707107 0.000131 -0.707107 
60.005463 35.505081 -36.494843 22.000000 23.000000 23.000000
50.001198 0.003992 -49.994659 0.707107 0.000131 -0.707107 50.004921 50.006371 0.006594 0.707107 0.707107 0.000033 
60.005463 12.005081 -36.494843 22.000000 24.000000 23.000000
50.001198 0.003992 -49.994659 0.707107 0.000131 -0.707107 
36.505463 12.005081 -59.994843 23.000000 24.000000 22.000000
50.001198 0.003992 -49.994659 0.707107 0.000131 -0.707107 
59.505463 12.005081 -59.494843 23.000000 24.000000 23.000000
50.001198 0.003992 -49.994659 0.707107 0.000131 -0.707107 
60.005463 -11.994919 -36.494843 22.000000 24.000000 23.000000
50.001198 0.003992 -49.994659 0.707107 0.000131 -0.707107 
36.505463 -11.994919 -59.994843 23.000000 24.000000 22.000000
50.001198 0.003992 -49.994659 0.707107 0.000131 -0.707107 
59.505463 -11.994919 -59.494843 23.000000 24.000000 23.000000
50.001198 0.003992 -49.994659 0.707107 0.000131 -0.707107 
59.505463 -59.494919 -59.994843 23.000000 23.000000 22.000000

60.005463 -35.494919 -36.494843 22.000000 23.000000 23.000000
50.001038 -49.995354 0.000944 -0.707107 0.707107 -0.000066 50.001198 0.003992 -49.994659 0.707107 0.000131 -0.707107 
59.505463 -35.994919 -59.494843 23.000000 24.000000 23.000000
50.001198 0.003992 -49.994659 0.707107 0.000131 -0.707107 
60.005463 -35.494919 -36.494843 22.000000 23.000000 23.000000
50.001038 -49.995354 0.000944 0.707107 -0.707107 0.000066 50.001198 0.003992 -49.994659 0.707107 0.000131 -0.707107 
46
60.005463 -36.494919 -35.494843 22.000000 23.000000 23.000000
50.001038 -49.995354 0.000944 0.707107 -0.707107 0.000066 49.294090 0.003861 -49.287552 -0.707107 -0.000131 0.707107 
36.505463 -59.994919 -35.494843 23.000000 22.000000 23.000000
0.003887 -49.998116 -49.996937 -0.000090 -0.707107 -0.707107 50.001038 -49.995354 0.000944 -0.707107 0.707107 -0.000066 
36.505463 -59.994919 -35.494843 23.000000 22.000000 23.000000
0.003887 -49.998116 -49.996937 0.000090 0.707107 0.707107 50.001038 -49.995354 0.000944 0.707107 -0.707107 0.000066 
36.505463 -59.994919 -35.494843 23.000000 22.000000 23.000000
0.003887 -49.998116 -49.996937 -0.000090 -0.707107 -0.707107 50.001038 -49.995354 0.000944 0.707107 -0.707107 0.000066 
59.505463 -59.494919 -35.494843 23.000000 23.000000 23.000000
50.001038 -49.995354 0.000944 0.707107 -0.707107 0.000066 
36.505463 -59.994919 -11.994843 23.000000 22.000000 24.000000
50.001038 -49.995354 0.000944 0.707107 -0.707107 0.000066 
59.505463 -59.494919 -11.994843 23.000000 23.000000 24.000000
50.001038 -49.995354 0.000944 0.707107 -0.707107 0.000066 
60.005463 -36.494919 -11.994843 22.000000 23.000000 24.000000
50.001038 -49.995354 0.000944 0.707107 -0.707107 0.000066 
60.005463 -36.494919 35.505157 22.000000 23.000000 23.000000
50.001038 -49.995354 0.000944 0.707107 -0.707107 0.000066 50.004761 0.007023 50.002197 -0.707107 0.000031 -0.707107 
59.505463 -59.494919 35.505157 23.000000 23.000000 23.000000
50.001038 -49.995354 0.000944 0.707107 -0.707107 0.000066 
60.005463 -36.494919 35.505157 22.000000 23.000000 23.000000
50.001038 -49.995354 0.000944 0.707107 -0.707107 0.000066 50.004761 0.007023 50.002197 0.707107 -0.000031 0.707107 
36.505463 -59.994919 12.005157 23.000000 22.000000 24.000000
50.001038 -49.995354 0.000944 0.707107 -0.707107 0.000066 
59.505463 -59.494919 12.005157 23.000000 23.000000 24.000000
50.001038 -49.995354 0.000944 0.707107 -0.707107 0.000066 
60.005463 -36.494919 12.005157 22.000000 23.000000 24.000000
50.001038 -49.995354 0.000944 0.707107 -0.707107 0.000066 
-59.994537 -36.494919 -35.494843 22.000000 23.000000 23.000000
-49.991714 -49.995773 0.007162 -0.707107 -0.707107 0.000032 -49.286858 0.005096 -49.289337 0.707107 0.000014 0.707107 
36.005463 -59.994919 36.005157 24.000000 22.000000 24.000000
0.005436 -49.993011 50.005043 -0.000003 0.707107 -0.707107 50.001038 -49.995354 0.000944 0.707107 -0.707107 0.000066 
-36.494537 -59.994919 -35.494843 23.000000 22.000000 23.000000
-49.991714 -49.995773 0.007162 0.707107 0.707107 -0.000032 0.003887 -49.998116 -49.996937 -0.000090 -0.707107 -0.707107 
-36.494537 -59.994919 -35.494843 23.000000 22.000000 23.000000
-49.991714 -49.995773 0.007162 -0.707107 -0.707107 0.000032 0.003887 -49.998116 -49.996937 0.000090 0.707107 0.707107 
-59.494537 -59.494919 -35.494843 23.000000 23.000000 23.000000
-49.991714 -49.995773 0.007162 -0.707107 -0.707107 0.000032 
-36.494537 -59.994919 -35.494843 23.000000 22.000000 23.000000
-49.991714 -49.995773 0.007162 -0.707107 -0.707107 0.000032 0.003887 -49.998116 -49.996937 -0.000090 -0.707107 -0.707107 
-36.494537 -59.994919 -11.994843 23.000000 22.000000 24.000000
-49.991714 -49.995773 0.007162 -0.707107 -0.707107 0.000032 
-59.494537 -59.494919 -11.994843 23.000000 23.000000 24.000000
-49.991714 -49.995773 0.007162 -0.707107 -0.707107 0.000032 
-59.994537 -36.494919 -11.994843 22.000000 23.000000 24.000000
-49.991714 -49.995773 0.007162 -0.707107 -0.707107 0.000032 
-35.994537 -59.994919 36.005157 24.000000 22.000000 24.000000
-49.991714 -49.995773 0.007162 -0.707107 -0.707107 0.000032 0.005436 -49.993011 50.005043 -0.000003 0.707107 -0.707107 
-35.994537 -59.994919 36.005157 24.000000 22.000000 24.000000
-49.991714 -49.995773 0.007162 -0.707107 -0.707107 0.000032 0.005436 -49.993011 50.005043 0.000003 -0.707107 0.707107 
-59.994537 -36.494919 35.505157 22.000000 23.000000 23.000000
-49.991714 -49.995773 0.007162 0.707107 0.707107 -0.000032 -49.993866 0.007427 50.009182 -0.707107 -0.000036 0.707107 
-59.994537 -36.494919 35.505157 22.000000 23.000000 23.000000
-49.991714 -49.995773 0.007162 -0.707107 -0.707107 0.000032 -49.993866 0.007427 50.009182 0.707107 0.000036 -0.707107 
-59.494537 -59.494919 36.005157 23.000000 23.000000 24.000000
-49.991714 -49.995773 0.007162 -0.707107 -0.707107 0.000032 
-59.994537 -36.494919 35.505157 22.000000 23.000000 23.000000
-49.991714 -49.995773 0.007162 -0.707107 -0.707107 0.000032 -49.993866 0.007427 50.009182 -0.707107 -0.000036 0.707107 
-59.994537 -36.494919 12.005157 22.000000 23.000000 24.000000
-49.991714 -49.995773 0.007162 -0.707107 -0.707107 0.000032 
-59.494537 -59.494919 12.005157 23.000000 23.000000 24.000000
-49.991714 -49.995773 0.007162 -0.707107 -0.707107 0.000032 
-36.494537 -59.994919 12.005157 23.000000 22.000000 24.000000
-49.991714 -49.995773 0.007162 -0.707107 -0.707107 0.000032 
-35.994537 -59.994919 36.005157 24.000000 22.000000 24.000000
-49.991714 -49.995773 0.007162 0.707107 0.707107 -0.000032 0.005436 -49.993011 50.005043 0.000003 -0.707107 0.707107 
-59.494537 -59.994919 59.505157 23.000000 22.000000 23.000000

-35.994537 -59.994919 59.505157 24.000000 22.000000 23.000000
0.005436 -49.993011 50.005043 0.000003 -0.707107 0.707107 
36.005463 -59.994919 36.005157 24.000000 22.000000 24.000000
0.005436 -49.993011 50.005043 0.000003 -0.707107 0.707107 50.001038 -49.995354 0.000944 -0.707107 0.707107 -0.000066 
36.005463 -59.994919 36.005157 24.000000 22.000000 24.000000
0.005436 -49.993011 50.005043 0.000003 -0.707107 0.707107 50.001038 -49.995354 0.000944 0.707107 -0.707107 0.000066 
35.505463 -36.494919 60.005157 23.000000 23.000000 22.000000
0.005436 -49.993011 50.005043 0.000003 -0.707107 0.707107 50.004761 0.007023 50.002197 -0.707107 0.000031 -0.707107 
35.505463 -59.494919 59.505157 23.000000 23.000000 23.000000
0.005436 -49.993011 50.005043 0.000003 -0.707107 0.707107 
35.505463 -36.494919 60.005157 23.000000 23.000000 22.000000
0.005436 -49.993011 50.005043 0.000003 -0.707107 0.707107 50.004761 0.007023 50.002197 0.707107 -0.000031 0.707107 
12.005463 -36.494919 60.005157 24.000000 23.000000 22.000000
0.005436 -49.993011 50.005043 0.000003 -0.707107 0.707107 
12.005463 -59.994919 36.505157 24.000000 22.000000 23.000000
0.005436 -49.993011 50.005043 0.000003 -0.707107 0.707107 
12.005463 -59.494919 59.505157 24.000000 23.000000 23.000000
0.005436 -49.993011 50.005043 0.000003 -0.707107 0.707107 
-11.994537 -59.994919 36.505157 24.000000 22.000000 23.000000
0.005436 -49.993011 50.005043 0.000003 -0.707107 0.707107 
-11.994537 -59.494919 59.505157 24.000000 23.000000 23.000000
0.005436 -49.993011 50.005043 0.000003 -0.707107 0.707107 
-11.494537 -36.494919 60.005157 23.000000 23.000000 22.000000
0.005436 -49.993011 50.005043 0.000003 -0.707107 0.707107 
13
12.005463 -11.494919 -11.994843 22.000000 23.000000 24.000000

11.505463 -11.494919 -59.494843 23.000000 23.000000 23.000000

11.505463 -11.494919 -35.994843 23.000000 23.000000 24.000000

12.005463 -11.994919 12.005157 22.000000 22.000000 24.000000

12.005463 -11.994919 36.005157 22.000000 22.000000 24.000000

12.005463 -11.994919 59.505157 22.000000 22.000000 23.000000

12.005463 11.505081 -12.494843 22.000000 23.000000 23.000000

11.505463 11.505081 -59.494843 23.000000 23.000000 23.000000

11.505463 11.505081 -35.994843 23.000000 23.000000 24.000000

-11.494537 11.505081 -36.494843 23.000000 23.000000 23.000000

-11.494537 -11.494919 -36.494843 23.000000 23.000000 23.000000

-11.494537 -11.494919 -59.494843 23.000000 23.000000 23.000000

-11.494537 11.505081 -59.494843 23.000000 23.000000 23.000000

31
59.505463 11.505081 -35.994843 23.000000 23.000000 24.000000
49.294090 0.003861 -49.287552 -0.707107 -0.000131 0.707107 
59.505463 -11.494919 -35.994843 23.000000 23.000000 24.000000
49.294090 0.003861 -49.287552 -0.707107 -0.000131 0.707107 
36.505463 -11.494919 -59.494843 23.000000 23.000000 23.000000
49.294090 0.003861 -49.287552 -0.707107 -0.000131 0.707107 
59.505463 -11.494919 -59.494843 23.000000 23.000000 23.000000
49.294090 0.003861 -49.287552 -0.707107 -0.000131 0.707107 
36.505463 11.505081 -59.494843 23.000000 23.000000 23.000000
49.294090 0.003861 -49.287552 -0.707107 -0.000131 0.707107 
59.505463 11.505081 -59.494843 23.000000 23.000000 23.000000
49.294090 0.003861 -49.287552 -0.707107 -0.000131 0.707107 
36.505463 -11.494919 -35.994843 23.000000 23.000000 24.000000
49.294090 0.003861 -49.287552 -0.707107 -0.000131 0.707107 
36.505463 11.505081 -35.994843 23.000000 23.000000 24.000000
49.294090 0.003861 -49.287552 -0.707107 -0.000131 0.707107 
36.505463 -11.994919 59.505157 23.000000 22.000000 23.000000
49.297653 0.007054 49.295090 -0.707107 0.000031 -0.707107 
59.505463 -11.994919 59.505157 23.000000 22.000000 23.000000
49.297653 0.007054 49.295090 -0.707107 0.000031 -0.707107 
-11.994537 12.005081 11.505157 24.000000 22.000000 23.000000

-59.494537 11.505081 11.505157 23.000000 23.000000 23.000000

-35.994537 11.505081 11.505157 24.000000 23.000000 23.000000

12.005463 12.005081 12.005157 24.000000 22.000000 22.000000

36.005463 11.505081 11.505157 24.000000 23.000000 23.000000

59.505463 11.505081 11.505157 23.000000 23.000000 23.000000

36.505463 11.505081 -11.994843 23.000000 23.000000 24.000000

59.505463 11.505081 -11.994843 23.000000 23.000000 24.000000

36.505463 -11.494919 12.005157 23.000000 23.000000 24.000000

59.505463 -11.494919 12.005157 23.000000 23.000000 24.000000

36.505463 -11.494919 -11.994843 23.000000 23.000000 24.000000

59.505463 -11.494919 -11.994843 23.000000 23.000000 24.000000

-12.494537 12.005081 -11.494843 23.000000 22.000000 23.000000

-59.494537 11.505081 -11.494843 23.000000 23.000000 23.000000

-35.994537 11.505081 -11.494843 24.000000 23.000000 23.000000

-36.494537 -11.494919 11.505157 23.000000 23.000000 23.000000

-36.494537 -11.494919 -11.494843 23.000000 23.000000 23.000000

-59.494537 -11.494919 -11.494843 23.000000 23.000000 23.000000

-59.494537 -11.494919 11.505157 23.000000 23.000000 23.000000

36.505463 -11.994919 36.005157 23.000000 22.000000 24.000000
49.297653 0.007054 49.295090 -0.707107 0.000031 -0.707107 
59.505463 -11.994919 36.005157 23.000000 22.000000 24.000000
49.297653 0.007054 49.295090 -0.707107 0.000031 -0.707107 
32
-35.994537 59.505081 11.505157 24.000000 23.000000 23.000000
-49.289009 49.301174 0.005612 0.707107 -0.707107 0.000039 
-35.994537 59.505081 -11.494843 24.000000 23.000000 23.000000
-49.289009 49.301174 0.005612 0.707107 -0.707107 0.000039 
-59.494537 36.505081 -11.494843 23.000000 23.000000 23.000000
-49.289009 49.301174 0.005612 0.707107 -0.707107 0.000039 
-59.494537 59.505081 -11.494843 23.000000 23.000000 23.000000
-49.289009 49.301174 0.005612 0.707107 -0.707107 0.000039 
-59.494537 36.505081 11.505157 23.000000 23.000000 23.000000
-49.289009 49.301174 0.005612 0.707107 -0.707107 0.000039 
-59.494537 59.505081 11.505157 23.000000 23.000000 23.000000
-49.289009 49.301174 0.005612 0.707107 -0.707107 0.000039 
-35.994537 36.505081 -11.494843 24.000000 23.000000 23.000000
-49.289009 49.301174 0.005612 0.707107 -0.707107 0.000039 
-35.994537 36.505081 11.505157 24.000000 23.000000 23.000000
-49.289009 49.301174 0.005612 0.707107 -0.707107 0.000039 
11.505463 59.505081 -35.994843 23.000000 23.000000 24.000000
0.003374 49.300079 -49.287060 0.000029 -0.707107 0.707107 
-11.494537 59.505081 -35.994843 23.000000 23.000000 24.000000
0.003374 49.300079 -49.287060 0.000029 -0.707107 0.707107 
-11.494537 36.505081 -59.494843 23.000000 23.000000 23.000000
0.003374 49.300079 -49.287060 0.000029 -0.707107 0.707107 
-11.494537 59.505081 -59.494843 23.000000 23.000000 23.000000
0.003374 49.300079 -49.287060 0.000029 -0.707107 0.707107 
11.505463 36.505081 -59.494843 23.000000 23.000000 23.000000
0.003374 49.300079 -49.287060 0.000029 -0.707107 0.707107 
11.505463 59.505081 -59.494843 23.000000 23.000000 23.000000
0.003374 49.300079 -49.287060 0.000029 -0.707107 0.707107 
-11.494537 36.505081 -35.994843 23.000000 23.000000 24.000000
0.003374 49.300079 -49.287060 0.000029 -0.707107 0.707107 
11.505463 36.505081 -35.994843 23.000000 23.000000 24.000000
0.003374 49.300079 -49.287060 0.000029 -0.707107 0.707107 
59.505463 36.505081 11.505157 23.000000 23.000000 23.000000
49.297813 49.299263 0.006561 -0.707107 -0.707107 -0.000033 
59.505463 59.505081 11.505157 23.000000 23.000000 23.000000
49.297813 49.299263 0.006561 -0.707107 -0.707107 -0.000033 
59.505463 36.505081 -11.494843 23.000000 23.000000 23.000000
49.297813 49.299263 0.006561 -0.707107 -0.707107 -0.000033 
59.505463 59.505081 -11.494843 23.000000 23.000000 23.000000
49.297813 49.299263 0.006561 -0.707107 -0.707107 -0.000033 
-11.994537 36.505081 -11.994843 24.000000 23.000000 24.000000

12.005463 36.505081 -11.994843 24.000000 23.000000 24.000000

-11.994537 59.505081 -11.994843 24.000000 23.000000 24.000000

12.005463 59.505081 -11.994843 24.000000 23.000000 24.000000

12.005463 36.505081 11.505157 24.000000 23.000000 23.000000

12.005463 59.505081 11.505157 24.000000 23.000000 23.000000

-11.994537 36.505081 11.505157 24.000000 23.000000 23.000000

-11.994537 59.505081 11.505157 24.000000 23.000000 23.000000

36.005463 36.505081 11.505157 24.000000 23.000000 23.000000
49.297813 49.299263 0.006561 -0.707107 -0.707107 -0.000033 
36.005463 59.505081 11.505157 24.000000 23.000000 23.000000
49.297813 49.299263 0.006561 -0.707107 -0.707107 -0.000033 
36.005463 36.505081 -11.494843 24.000000 23.000000 23.000000
49.297813 49.299263 0.006561 -0.707107 -0.707107 -0.000033 
36.005463 59.505081 -11.494843 24.000000 23.000000 23.000000
49.297813 49.299263 0.006561 -0.707107 -0.707107 -0.000033 
30
35.505463 60.005081 36.505157 23.000000 22.000000 23.000000
0.005459 50.007462 50.006332 0.000128 0.707107 0.707107 49.297813 49.299263 0.006561 -0.707107 -0.707107 -0.000033 
-36.494537 -35.494919 60.005157 23.000000 23.000000 22.000000
-49.993866 0.007427 50.009182 0.707107 0.000036 -0.707107 0.005436 -49.993011 50.005043 0.000003 -0.707107 0.707107 
35.505463 36.505081 60.005157 23.000000 23.000000 22.000000
0.005459 50.007462 50.006332 -0.000128 -0.707107 -0.707107 50.004761 0.007023 50.002197 0.707107 -0.000031 0.707107 
35.505463 36.505081 60.005157 23.000000 23.000000 22.000000
0.005459 50.007462 50.006332 0.000128 0.707107 0.707107 50.004761 0.007023 50.002197 -0.707107 0.000031 -0.707107 
35.505463 59.505081 59.505157 23.000000 23.000000 23.000000
0.005459 50.007462 50.006332 0.000128 0.707107 0.707107 
35.505463 36.505081 60.005157 23.000000 23.000000 22.000000
0.005459 50.007462 50.006332 0.000128 0.707107 0.707107 50.004761 0.007023 50.002197 0.707107 -0.000031 0.707107 
12.005463 36.505081 60.005157 24.000000 23.000000 22.000000
0.005459 50.007462 50.006332 0.000128 0.707107 0.707107 
12.005463 59.505081 59.505157 24.000000 23.000000 23.000000
0.005459 50.007462 50.006332 0.000128 0.707107 0.707107 
12.005463 60.005081 36.505157 24.000000 22.000000 23.000000
0.005459 50.007462 50.006332 0.000128 0.707107 0.707107 
-11.994537 36.505081 60.005157 24.000000 23.000000 22.000000
0.005459 50.007462 50.006332 0.000128 0.707107 0.707107 
-11.994537 59.505081 59.505157 24.000000 23.000000 23.000000
0.005459 50.007462 50.006332 0.000128 0.707107 0.707107 
-11.494537 60.005081 36.505157 23.000000 22.000000 23.000000
0.005459 50.007462 50.006332 0.000128 0.707107 0.707107 
-59.494537 59.505081 60.005157 23.000000 23.000000 22.000000

-35.994537 36.005081 60.005157 24.000000 24.000000 22.000000
-49.993866 0.007427 50.009182 0.707107 0.000036 -0.707107 0.005459 50.007462 50.006332 0.000128 0.707107 0.707107 
-35.994537 36.005081 60.005157 24.000000 24.000000 22.000000
-49.993866 0.007427 50.009182 -0.707107 -0.000036 0.707107 0.005459 50.007462 50.006332 0.000128 0.707107 0.707107 
-35.994537 59.505081 60.005157 24.000000 23.000000 22.000000
0.005459 50.007462 50.006332 0.000128 0.707107 0.707107 
-35.994537 36.005081 60.005157 24.000000 24.000000 22.000000
-49.993866 0.007427 50.009182 -0.707107 -0.000036 0.707107 0.005459 50.007462 50.006332 -0.000128 -0.707107 -0.707107 
-36.494537 -35.494919 60.005157 23.000000 23.000000 22.000000
-49.993866 0.007427 50.009182 -0.707107 -0.000036 0.707107 0.005436 -49.993011 50.005043 -0.000003 0.707107 -0.707107 
-59.494537 -35.494919 60.005157 23.000000 23.000000 22.000000
-49.993866 0.007427 50.009182 -0.707107 -0.000036 0.707107 
-36.494537 -35.494919 60.005157 23.000000 23.000000 22.000000
-49.993866 0.007427 50.009182 -0.707107 -0.000036 0.707107 0.005436 -49.993011 50.005043 0.000003 -0.707107 0.707107 
-59.994537 -11.494919 36.505157 22.000000 23.000000 23.000000
-49.993866 0.007427 50.009182 -0.707107 -0.000036 0.707107 
-59.494537 -11.994919 59.505157 23.000000 24.000000 23.000000
-49.993866 0.007427 50.009182 -0.707107 -0.000036 0.707107 
-36.494537 -11.994919 60.005157 23.000000 24.000000 22.000000
-49.993866 0.007427 50.009182 -0.707107 -0.000036 0.707107 
-59.994537 35.505081 36.505157 22.000000 23.000000 23.000000
-49.996117 50.008282 0.005573 -0.707107 0.707107 -0.000039 -49.993866 0.007427 50.009182 0.707107 0.000036 -0.707107 
-59.994537 35.505081 36.505157 22.000000 23.000000 23.000000
-49.996117 50.008282 0.005573 0.707107 -0.707107 0.000039 -49.993866 0.007427 50.009182 -0.707107 -0.000036 0.707107 
-59.494537 36.005081 59.505157 23.000000 24.000000 23.000000
-49.993866 0.007427 50.009182 -0.707107 -0.000036 0.707107 
-59.994537 35.505081 36.505157 22.000000 23.000000 23.000000
-49.996117 50.008282 0.005573 -0.707107 0.707107 -0.000039 -49.993866 0.007427 50.009182 -0.707107 -0.000036 0.707107 
-59.994537 12.005081 36.505157 22.000000 24.000000 23.000000
-49.993866 0.007427 50.009182 -0.707107 -0.000036 0.707107 
-59.494537 12.005081 59.505157 23.000000 24.000000 23.000000
-49.993866 0.007427 50.009182 -0.707107 -0.000036 0.707107 
-36.494537 12.005081 60.005157 23.000000 24.000000 22.000000
-49.993866 0.007427 50.009182 -0.707107 -0.000036 0.707107 
9
-11.494537 -36.494919 11.505157 23.000000 23.000000 23.000000

11.505463 -36.494919 11.505157 23.000000 23.000000 23.000000

-11.494537 -59.494919 11.505157 23.000000 23.000000 23.000000

11.505463 -59.494919 11.505157 23.000000 23.000000 23.000000

11.505463 -59.494919 -11.494843 23.000000 23.000000 23.000000

11.505463 -36.494919 -11.494843 23.000000 23.000000 23.000000

-11.994537 -12.494919 -11.994843 22.000000 23.000000 22.000000

-11.494537 -59.494919 -11.494843 23.000000 23.000000 23.000000

-11.494537 -35.994919 -11.494843 23.000000 24.000000 23.000000

35
11.505463 59.505081 36.505157 23.000000 23.000000 23.000000
0.005331 49.300354 49.299225 -0.000128 -0.707107 -0.707107 
11.505463 59.505081 59.505157 23.000000 23.000000 23.000000
0.005331 49.300354 49.299225 -0.000128 -0.707107 -0.707107 
-11.494537 59.505081 36.505157 23.000000 23.000000 23.000000
0.005331 49.300354 49.299225 -0.000128 -0.707107 -0.707107 
-11.494537 59.505081 59.505157 23.000000 23.000000 23.000000
0.005331 49.300354 49.299225 -0.000128 -0.707107 -0.707107 
11.505463 36.005081 36.505157 23.000000 24.000000 23.000000
0.005331 49.300354 49.299225 -0.000128 -0.707107 -0.707107 
11.505463 36.005081 59.505157 23.000000 24.000000 23.000000
0.005331 49.300354 49.299225 -0.000128 -0.707107 -0.707107 
-11.494537 36.005081 36.505157 23.000000 24.000000 23.000000
0.005331 49.300354 49.299225 -0.000128 -0.707107 -0.707107 
-11.494537 36.005081 59.505157 23.000000 24.000000 23.000000
0.005331 49.300354 49.299225 -0.000128 -0.707107 -0.707107 
-35.994537 11.505081 59.505157 24.000000 23.000000 23.000000
-49.286758 0.007464 49.302074 0.707107 0.000036 -0.707107 
-35.994537 -11.494919 59.505157 24.000000 23.000000 23.000000
-49.286758 0.007464 49.302074 0.707107 0.000036 -0.707107 
-59.494537 -11.494919 36.505157 23.000000 23.000000 23.000000
-49.286758 0.007464 49.302074 0.707107 0.000036 -0.707107 
-59.494537 -11.494919 59.505157 23.000000 23.000000 23.000000
-49.286758 0.007464 49.302074 0.707107 0.000036 -0.707107 
-59.494537 11.505081 36.505157 23.000000 23.000000 23.000000
-49.286758 0.007464 49.302074 0.707107 0.000036 -0.707107 
-59.494537 11.505081 59.505157 23.000000 23.000000 23.000000
-49.286758 0.007464 49.302074 0.707107 0.000036 -0.707107 
-35.994537 -11.494919 36.505157 24.000000 23.000000 23.000000
-49.286758 0.007464 49.302074 0.707107 0.000036 -0.707107 
-35.994537 11.505081 36.505157 24.000000 23.000000 23.000000
-49.286758 0.007464 49.302074 0.707107 0.000036 -0.707107 
11.505463 -59.494919 59.505157 23.000000 23.000000 23.000000
0.005433 -49.285904 49.297935 -0.000003 0.707107 -0.707107 
11.505463 -36.494919 59.505157 23.000000 23.000000 23.000000
0.005433 -49.285904 49.297935 -0.000003 0.707107 -0.707107 
11.505463 -59.494919 36.505157 23.000000 23.000000 23.000000
0.005433 -49.285904 49.297935 -0.000003 0.707107 -0.707107 
11.505463 -36.494919 36.505157 23.000000 23.000000 23.000000
0.005433 -49.285904 49.297935 -0.000003 0.707107 -0.707107 
-11.494537 -35.994919 59.505157 23.000000 24.000000 23.000000
0.005433 -49.285904 49.297935 -0.000003 0.707107 -0.707107 
-11.494537 -35.994919 36.505157 23.000000 24.000000 23.000000
0.005433 -49.285904 49.297935 -0.000003 0.707107 -0.707107 
-11.494537 -59.494919 36.505157 23.000000 23.000000 23.000000
0.005433 -49.285904 49.297935 -0.000003 0.707107 -0.707107 
-11.494537 -59.494919 59.505157 23.000000 23.000000 23.000000
0.005433 -49.285904 49.297935 -0.000003 0.707107 -0.707107 
-11.994537 -11.994919 12.505157 22.000000 22.000000 23.000000

-12.494537 -11.994919 36.005157 23.000000 24.000000 24.000000

-12.494537 -11.994919 59.505157 23.000000 24.000000 23.000000

12.005463 12.505081 36.505157 24.000000 23.000000 23.000000

12.005463 12.505081 59.505157 24.000000 23.000000 23.000000

-11.994537 12.005081 36.505157 24.000000 24.000000 23.000000

-11.994537 12.005081 59.505157 24.000000 24.000000 23.000000

59.505463 12.005081 36.505157 23.000000 22.000000 23.000000
49.297653 0.007054 49.295090 -0.707107 0.000031 -0.707107 
59.505463 12.005081 59.505157 23.000000 22.000000 23.000000
49.297653 0.007054 49.295090 -0.707107 0.000031 -0.707107 
36.005463 12.005081 36.505157 24.000000 22.000000 23.000000
49.297653 0.007054 49.295090 -0.707107 0.000031 -0.707107 
36.005463 12.005081 59.505157 24.000000 22.000000 23.000000
49.297653 0.007054 49.295090 -0.707107 0.000031 -0.707107 
28
60.005463 -35.494919 36.505157 22.000000 23.000000 23.000000
49.293930 -49.288246 0.000878 -0.707107 0.707107 -0.000066 50.004761 0.007023 50.002197 0.707107 -0.000031 0.707107 
36.505463 -35.494919 60.005157 23.000000 23.000000 22.000000
0.005433 -49.285904 49.297935 -0.000003 0.707107 -0.707107 50.004761 0.007023 50.002197 0.707107 -0.000031 0.707107 
60.005463 -11.994919 36.505157 22.000000 24.000000 23.000000
50.004761 0.007023 50.002197 0.707107 -0.000031 0.707107 
60.005463 12.005081 36.505157 22.000000 24.000000 23.000000
50.004761 0.007023 50.002197 0.707107 -0.000031 0.707107 
60.005463 59.505081 59.505157 22.000000 23.000000 23.000000

60.005463 36.005081 36.005157 22.000000 24.000000 24.000000
50.004921 50.006371 0.006594 -0.707107 -0.707107 -0.000033 50.004761 0.007023 50.002197 0.707107 -0.000031 0.707107 
60.005463 36.005081 59.505157 22.000000 24.000000 23.000000
50.004761 0.007023 50.002197 0.707107 -0.000031 0.707107 
60.005463 36.005081 36.005157 22.000000 24.000000 24.000000
50.004921 50.006371 0.006594 0.707107 0.707107 0.000033 50.004761 0.007023 50.002197 0.707107 -0.000031 0.707107 
60.005463 -59.494919 60.005157 22.000000 23.000000 22.000000

59.505463 -35.994919 59.505157 23.000000 24.000000 23.000000
50.004761 0.007023 50.002197 0.707107 -0.000031 0.707107 
36.505463 11.505081 60.005157 23.000000 23.000000 22.000000
50.004761 0.007023 50.002197 0.707107 -0.000031 0.707107 
59.505463 12.005081 59.505157 23.000000 24.000000 23.000000
50.004761 0.007023 50.002197 0.707107 -0.000031 0.707107 
36.505463 -11.994919 60.005157 23.000000 24.000000 22.000000
50.004761 0.007023 50.002197 0.707107 -0.000031 0.707107 
59.505463 -11.994919 59.505157 23.000000 24.000000 23.000000
50.004761 0.007023 50.002197 0.707107 -0.000031 0.707107 
60.005463 36.005081 36.005157 22.000000 24.000000 24.000000
50.004921 50.006371 0.006594 0.707107 0.707107 0.000033 50.004761 0.007023 50.002197 -0.707107 0.000031 -0.707107 
36.505463 60.005081 35.505157 23.000000 22.000000 23.000000
0.005459 50.007462 50.006332 -0.000128 -0.707107 -0.707107 50.004921 50.006371 0.006594 0.707107 0.707107 0.000033 
36.505463 60.005081 35.505157 23.000000 22.000000 23.000000
0.005459 50.007462 50.006332 0.000128 0.707107 0.707107 50.004921 50.006371 0.006594 0.707107 0.707107 0.000033 
59.505463 59.505081 36.005157 23.000000 23.000000 24.000000
50.004921 50.006371 0.006594 0.707107 0.707107 0.000033 
60.005463 36.505081 12.005157 22.000000 23.000000 24.000000
50.004921 50.006371 0.006594 0.707107 0.707107 0.000033 
36.505463 60.005081 12.005157 23.000000 22.000000 24.000000
50.004921 50.006371 0.006594 0.707107 0.707107 0.000033 
59.505463 59.505081 12.005157 23.000000 23.000000 24.000000
50.004921 50.006371 0.006594 0.707107 0.707107 0.000033 
60.005463 36.505081 -11.494843 22.000000 23.000000 23.000000
50.004921 50.006371 0.006594 0.707107 0.707107 0.000033 
36.505463 60.005081 -11.994843 23.000000 22.000000 24.000000
50.004921 50.006371 0.006594 0.707107 0.707107 0.000033 
59.505463 59.505081 -11.994843 23.000000 23.000000 24.000000
50.004921 50.006371 0.006594 0.707107 0.707107 0.000033 
60.005463 60.005081 -59.494843 22.000000 22.000000 23.000000

36.505463 60.005081 -35.494843 23.000000 22.000000 23.000000
0.003345 50.007187 -49.994167 0.000029 -0.707107 0.707107 50.004921 50.006371 0.006594 0.707107 0.707107 0.000033 
36.505463 60.005081 -35.494843 23.000000 22.000000 23.000000
0.003345 50.007187 -49.994167 -0.000029 0.707107 -0.707107 50.004921 50.006371 0.006594 0.707107 0.707107 0.000033 
59.505463 60.005081 -35.994843 23.000000 22.000000 24.000000
50.004921 50.006371 0.006594 0.707107 0.707107 0.000033 
14
-36.494537 60.005081 -35.494843 23.000000 22.000000 23.000000
-49.996117 50.008282 0.005573 0.707107 -0.707107 0.000039 0.003345 50.007187 -49.994167 -0.000029 0.707107 -0.707107 
-36.494537 60.005081 -35.494843 23.000000 22.000000 23.000000
-49.996117 50.008282 0.005573 -0.707107 0.707107 -0.000039 0.003345 50.007187 -49.994167 0.000029 -0.707107 0.707107 
-59.494537 60.005081 -35.494843 23.000000 22.000000 23.000000
-49.996117 50.008282 0.005573 -0.707107 0.707107 -0.000039 
-36.494537 60.005081 -35.494843 23.000000 22.000000 23.000000
-49.996117 50.008282 0.005573 -0.707107 0.707107 -0.000039 0.003345 50.007187 -49.994167 -0.000029 0.707107 -0.707107 
-59.994537 36.505081 -11.494843 22.000000 23.000000 23.000000
-49.996117 50.008282 0.005573 -0.707107 0.707107 -0.000039 
-59.494537 59.505081 -11.994843 23.000000 23.000000 24.000000
-49.996117 50.008282 0.005573 -0.707107 0.707107 -0.000039 
-36.494537 60.005081 -11.994843 23.000000 22.000000 24.000000
-49.996117 50.008282 0.005573 -0.707107 0.707107 -0.000039 
-36.494537 60.005081 35.505157 23.000000 22.000000 23.000000
-49.996117 50.008282 0.005573 0.707107 -0.707107 0.000039 0.005459 50.007462 50.006332 0.000128 0.707107 0.707107 
-36.494537 60.005081 35.505157 23.000000 22.000000 23.000000
-49.996117 50.008282 0.005573 -0.707107 0.707107 -0.000039 0.005459 50.007462 50.006332 -0.000128 -0.707107 -0.707107 
-59.494537 60.005081 35.505157 23.000000 22.000000 23.000000
-49.996117 50.008282 0.005573 -0.707107 0.707107 -0.000039 
-36.494537 60.005081 35.505157 23.000000 22.000000 23.000000
-49.996117 50.008282 0.005573 -0.707107 0.707107 -0.000039 0.005459 50.007462 50.006332 0.000128 0.707107 0.707107 
-59.994537 36.505081 11.505157 22.000000 23.000000 23.000000
-49.996117 50.008282 0.005573 -0.707107 0.707107 -0.000039 
-59.494537 59.505081 12.005157 23.000000 23.000000 24.000000
-49.996117 50.008282 0.005573 -0.707107 0.707107 -0.000039 
-36.494537 60.005081 12.005157 23.000000 22.000000 24.000000
-49.996117 50.008282 0.005573 -0.707107 0.707107 -0.000039 
9
11.505463 -59.494919 -59.494843 23.000000 23.000000 23.000000
0.003977 -49.291008 -49.289829 0.000090 0.707107 0.707107 
11.505463 -36.494919 -59.494843 23.000000 23.000000 23.000000
0.003977 -49.291008 -49.289829 0.000090 0.707107 0.707107 
-35.494537 -59.994919 -59.994843 23.000000 22.000000 22.000000
0.003977 -49.291008 -49.289829 0.000090 0.707107 0.707107 
-11.994537 -59.494919 -59.494843 24.000000 23.000000 23.000000
0.003977 -49.291008 -49.289829 0.000090 0.707107 0.707107 
-11.494537 -36.494919 -59.494843 23.000000 23.000000 23.000000
0.003977 -49.291008 -49.289829 0.000090 0.707107 0.707107 
11.505463 -59.494919 -36.494843 23.000000 23.000000 23.000000
0.003977 -49.291008 -49.289829 0.000090 0.707107 0.707107 
11.505463 -36.494919 -36.494843 23.000000 23.000000 23.000000
0.003977 -49.291008 -49.289829 0.000090 0.707107 0.707107 
-11.494537 -59.494919 -36.494843 23.000000 23.000000 23.000000
0.003977 -49.291008 -49.289829 0.000090 0.707107 0.707107 
-11.494537 -36.494919 -36.494843 23.000000 23.000000 23.000000
0.003977 -49.291008 -49.289829 0.000090 0.707107 0.707107 
8
-59.494537 -11.494919 -59.494843 23.000000 23.000000 23.000000
-49.286858 0.005096 -49.289337 0.707107 0.000014 0.707107 
-36.494537 -11.494919 -59.494843 23.000000 23.000000 23.000000
-49.286858 0.005096 -49.289337 0.707107 0.000014 0.707107 
-59.494537 11.505081 -59.494843 23.000000 23.000000 23.000000
-49.286858 0.005096 -49.289337 0.707107 0.000014 0.707107 
-36.494537 11.505081 -59.494843 23.000000 23.000000 23.000000
-49.286858 0.005096 -49.289337 0.707107 0.000014 0.707107 
-59.494537 11.505081 -36.494843 23.000000 23.000000 23.000000
-49.286858 0.005096 -49.289337 0.707107 0.000014 0.707107 
-36.494537 11.505081 -36.494843 23.000000 23.000000 23.000000
-49.286858 0.005096 -49.289337 0.707107 0.000014 0.707107 
-59.494537 -11.494919 -36.494843 23.000000 23.000000 23.000000
-49.286858 0.005096 -49.289337 0.707107 0.000014 0.707107 
-36.494537 -11.494919 -36.494843 23.000000 23.000000 23.000000
-49.286858 0.005096 -49.289337 0.707107 0.000014 0.707107 
8
59.505463 -59.494919 11.505157 23.000000 23.000000 23.000000
49.293930 -49.288246 0.000878 -0.707107 0.707107 -0.000066 
59.505463 -36.494919 11.505157 23.000000 23.000000 23.000000
49.293930 -49.288246 0.000878 -0.707107 0.707107 -0.000066 
59.505463 -59.494919 -11.494843 23.000000 23.000000 23.000000
49.293930 -49.288246 0.000878 -0.707107 0.707107 -0.000066 
59.505463 -36.494919 -11.494843 23.000000 23.000000 23.000000
49.293930 -49.288246 0.000878 -0.707107 0.707107 -0.000066 
36.505463 -59.494919 -11.494843 23.000000 23.000000 23.000000
49.293930 -49.288246 0.000878 -0.707107 0.707107 -0.000066 
36.505463 -36.494919 -11.494843 23.000000 23.000000 23.000000
49.293930 -49.288246 0.000878 -0.707107 0.707107 -0.000066 
36.505463 -59.494919 11.505157 23.000000 23.000000 23.000000
49.293930 -49.288246 0.000878 -0.707107 0.707107 -0.000066 
36.505463 -36.494919 11.505157 23.000000 23.000000 23.000000
49.293930 -49.288246 0.000878 -0.707107 0.707107 -0.000066 
6
-59.494537 -35.994919 -11.494843 23.000000 22.000000 23.000000
-49.284607 -49.288666 0.007130 0.707107 0.707107 -0.000032 
-59.494537 -35.994919 11.505157 23.000000 22.000000 23.000000
-49.284607 -49.288666 0.007130 0.707107 0.707107 -0.000032 
-35.994537 -59.494919 11.505157 22.000000 23.000000 23.000000
-49.284607 -49.288666 0.007130 0.707107 0.707107 -0.000032 
-36.494537 -36.494919 11.505157 23.000000 23.000000 23.000000
-49.284607 -49.288666 0.007130 0.707107 0.707107 -0.000032 
-35.994537 -59.494919 -11.494843 22.000000 23.000000 23.000000
-49.284607 -49.288666 0.007130 0.707107 0.707107 -0.000032 
-36.494537 -36.494919 -11.494843 23.000000 23.000000 23.000000
-49.284607 -49.288666 0.007130 0.707107 0.707107 -0.000032 
53
-59.494537 -35.994919 -36.494843 23.000000 22.000000 23.000000
-49.284607 -49.288666 0.007130 0.707107 0.707107 -0.000032 -49.286858 0.005096 -49.289337 0.707107 0.000014 0.707107 
-59.494537 -35.994919 36.505157 23.000000 22.000000 23.000000
-49.284607 -49.288666 0.007130 0.707107 0.707107 -0.000032 -49.286758 0.007464 49.302074 0.707107 0.000036 -0.707107 
-59.494537 36.505081 -36.494843 23.000000 23.000000 23.000000
-49.286858 0.005096 -49.289337 0.707107 0.000014 0.707107 -49.289009 49.301174 0.005612 0.707107 -0.707107 0.000039 
-59.494537 36.505081 36.505157 23.000000 23.000000 23.000000
-49.289009 49.301174 0.005612 0.707107 -0.707107 0.000039 -49.286758 0.007464 49.302074 0.707107 0.000036 -0.707107 
-59.494537 -35.994919 59.505157 23.000000 22.000000 23.000000
-49.286758 0.007464 49.302074 0.707107 0.000036 -0.707107 
-59.494537 36.005081 59.505157 23.000000 22.000000 23.000000
-49.286758 0.007464 49.302074 0.707107 0.000036 -0.707107 
-59.494537 59.505081 -35.994843 23.000000 23.000000 22.000000
-49.289009 49.301174 0.005612 0.707107 -0.707107 0.000039 
-59.494537 59.505081 36.005157 23.000000 23.000000 22.000000
-49.289009 49.301174 0.005612 0.707107 -0.707107 0.000039 
-59.494537 -35.994919 -59.494843 23.000000 22.000000 23.000000
-49.286858 0.005096 -49.289337 0.707107 0.000014 0.707107 
-59.494537 36.005081 -59.494843 23.000000 22.000000 23.000000
-49.286858 0.005096 -49.289337 0.707107 0.000014 0.707107 
-35.994537 -59.494919 -35.994843 22.000000 23.000000 22.000000
-49.284607 -49.288666 0.007130 0.707107 0.707107 -0.000032 0.003977 -49.291008 -49.289829 0.000090 0.707107 0.707107 
-35.994537 -59.494919 36.505157 22.000000 23.000000 23.000000
-49.284607 -49.288666 0.007130 0.707107 0.707107 -0.000032 0.005433 -49.285904 49.297935 -0.000003 0.707107 -0.707107 
-35.994537 -59.494919 59.505157 22.000000 23.000000 23.000000
0.005433 -49.285904 49.297935 -0.000003 0.707107 -0.707107 
-36.494537 -35.994919 -59.494843 23.000000 22.000000 23.000000
-49.286858 0.005096 -49.289337 0.707107 0.000014 0.707107 0.003977 -49.291008 -49.289829 0.000090 0.707107 0.707107 
-36.494537 -36.494919 -36.494843 23.000000 23.000000 23.000000
-49.284607 -49.288666 0.007130 0.707107 0.707107 -0.000032 -49.286858 0.005096 -49.289337 0.707107 0.000014 0.707107 0.003977 -49.291008 -49.289829 0.000090 0.707107 0.707107 
-36.494537 -36.494919 36.505157 23.000000 23.000000 23.000000
-49.284607 -49.288666 0.007130 0.707107 0.707107 -0.000032 -49.286758 0.007464 49.302074 0.707107 0.000036 -0.707107 0.005433 -49.285904 49.297935 -0.000003 0.707107 -0.707107 
-36.494537 -36.494919 59.505157 23.000000 23.000000 23.000000
-49.286758 0.007464 49.302074 0.707107 0.000036 -0.707107 0.005433 -49.285904 49.297935 -0.000003 0.707107 -0.707107 
-36.494537 36.505081 -59.494843 23.000000 23.000000 23.000000
-49.286858 0.005096 -49.289337 0.707107 0.000014 0.707107 0.003374 49.300079 -49.287060 0.000029 -0.707107 0.707107 
-36.494537 36.505081 -36.494843 23.000000 23.000000 23.000000
-49.286858 0.005096 -49.289337 0.707107 0.000014 0.707107 -49.289009 49.301174 0.005612 0.707107 -0.707107 0.000039 0.003374 49.300079 -49.287060 0.000029 -0.707107 0.707107 
-36.494537 36.505081 36.505157 23.000000 23.000000 23.000000
-49.289009 49.301174 0.005612 0.707107 -0.707107 0.000039 -49.286758 0.007464 49.302074 0.707107 0.000036 -0.707107 0.005331 49.300354 49.299225 -0.000128 -0.707107 -0.707107 
-36.494537 36.505081 59.505157 23.000000 23.000000 23.000000
-49.286758 0.007464 49.302074 0.707107 0.000036 -0.707107 0.005331 49.300354 49.299225 -0.000128 -0.707107 -0.707107 
-35.994537 59.505081 -59.494843 22.000000 23.000000 23.000000
0.003374 49.300079 -49.287060 0.000029 -0.707107 0.707107 
-36.494537 59.505081 -36.494843 23.000000 23.000000 23.000000
-49.289009 49.301174 0.005612 0.707107 -0.707107 0.000039 0.003374 49.300079 -49.287060 0.000029 -0.707107 0.707107 
-36.494537 59.505081 36.505157 23.000000 23.000000 23.000000
-49.289009 49.301174 0.005612 0.707107 -0.707107 0.000039 0.005331 49.300354 49.299225 -0.000128 -0.707107 -0.707107 
-35.994537 59.505081 59.505157 22.000000 23.000000 23.000000
0.005331 49.300354 49.299225 -0.000128 -0.707107 -0.707107 
36.505463 -59.494919 -36.494843 23.000000 23.000000 23.000000
0.003977 -49.291008 -49.289829 0.000090 0.707107 0.707107 49.293930 -49.288246 0.000878 -0.707107 0.707107 -0.000066 
36.505463 -59.494919 36.505157 23.000000 23.000000 23.000000
0.005433 -49.285904 49.297935 -0.000003 0.707107 -0.707107 49.293930 -49.288246 0.000878 -0.707107 0.707107 -0.000066 
36.005463 -59.494919 -59.494843 22.000000 23.000000 23.000000
0.003977 -49.291008 -49.289829 0.000090 0.707107 0.707107 
36.005463 -59.494919 59.505157 22.000000 23.000000 23.000000
0.005433 -49.285904 49.297935 -0.000003 0.707107 -0.707107 
36.505463 -36.494919 -59.494843 23.000000 23.000000 23.000000
0.003977 -49.291008 -49.289829 0.000090 0.707107 0.707107 49.294090 0.003861 -49.287552 -0.707107 -0.000131 0.707107 
36.505463 -36.494919 -36.494843 23.000000 23.000000 23.000000
0.003977 -49.291008 -49.289829 0.000090 0.707107 0.707107 49.293930 -49.288246 0.000878 -0.707107 0.707107 -0.000066 49.294090 0.003861 -49.287552 -0.707107 -0.000131 0.707107 
36.505463 -36.494919 36.505157 23.000000 23.000000 23.000000
0.005433 -49.285904 49.297935 -0.000003 0.707107 -0.707107 49.293930 -49.288246 0.000878 -0.707107 0.707107 -0.000066 49.297653 0.007054 49.295090 -0.707107 0.000031 -0.707107 
36.505463 -36.494919 59.505157 23.000000 23.000000 23.000000
0.005433 -49.285904 49.297935 -0.000003 0.707107 -0.707107 49.297653 0.007054 49.295090 -0.707107 0.000031 -0.707107 
36.505463 36.505081 -59.494843 23.000000 23.000000 23.000000
0.003374 49.300079 -49.287060 0.000029 -0.707107 0.707107 49.294090 0.003861 -49.287552 -0.707107 -0.000131 0.707107 
36.505463 36.505081 -36.494843 23.000000 23.000000 23.000000
0.003374 49.300079 -49.287060 0.000029 -0.707107 0.707107 49.294090 0.003861 -49.287552 -0.707107 -0.000131 0.707107 49.297813 49.299263 0.006561 -0.707107 -0.707107 -0.000033 
36.505463 36.505081 36.505157 23.000000 23.000000 23.000000
0.005331 49.300354 49.299225 -0.000128 -0.707107 -0.707107 49.297813 49.299263 0.006561 -0.707107 -0.707107 -0.000033 49.297653 0.007054 49.295090 -0.707107 0.000031 -0.707107 
36.505463 36.505081 59.505157 23.000000 23.000000 23.000000
0.005331 49.300354 49.299225 -0.000128 -0.707107 -0.707107 49.297653 0.007054 49.295090 -0.707107 0.000031 -0.707107 
36.005463 59.505081 -59.494843 22.000000 23.000000 23.000000
0.003374 49.300079 -49.287060 0.000029 -0.707107 0.707107 
36.505463 59.505081 -36.494843 23.000000 23.000000 23.000000
0.003374 49.300079 -49.287060 0.000029 -0.707107 0.707107 49.297813 49.299263 0.006561 -0.707107 -0.707107 -0.000033 
36.505463 59.505081 36.505157 23.000000 23.000000 23.000000
0.005331 49.300354 49.299225 -0.000128 -0.707107 -0.707107 49.297813 49.299263 0.006561 -0.707107 -0.707107 -0.000033 
36.005463 59.505081 59.505157 22.000000 23.000000 23.000000
0.005331 49.300354 49.299225 -0.000128 -0.707107 -0.707107 
59.505463 -59.494919 -35.994843 23.000000 23.000000 22.000000
49.293930 -49.288246 0.000878 -0.707107 0.707107 -0.000066 
59.505463 -59.494919 36.005157 23.000000 23.000000 22.000000
49.293930 -49.288246 0.000878 -0.707107 0.707107 -0.000066 
59.505463 -35.994919 -59.494843 23.000000 22.000000 23.000000
49.294090 0.003861 -49.287552 -0.707107 -0.000131 0.707107 
59.505463 -36.494919 -36.494843 23.000000 23.000000 23.000000
49.293930 -49.288246 0.000878 -0.707107 0.707107 -0.000066 49.294090 0.003861 -49.287552 -0.707107 -0.000131 0.707107 
59.505463 -36.494919 36.505157 23.000000 23.000000 23.000000
49.293930 -49.288246 0.000878 -0.707107 0.707107 -0.000066 49.297653 0.007054 49.295090 -0.707107 0.000031 -0.707107 
59.505463 -35.994919 59.505157 23.000000 22.000000 23.000000
49.297653 0.007054 49.295090 -0.707107 0.000031 -0.707107 
59.505463 36.005081 -59.494843 23.000000 22.000000 23.000000
49.294090 0.003861 -49.287552 -0.707107 -0.000131 0.707107 
59.505463 36.505081 -36.494843 23.000000 23.000000 23.000000
49.294090 0.003861 -49.287552 -0.707107 -0.000131 0.707107 49.297813 49.299263 0.006561 -0.707107 -0.707107 -0.000033 
59.505463 36.505081 36.505157 23.000000 23.000000 23.000000
49.297813 49.299263 0.006561 -0.707107 -0.707107 -0.000033 49.297653 0.007054 49.295090 -0.707107 0.000031 -0.707107 
59.505463 36.005081 59.505157 23.000000 22.000000 23.000000
49.297653 0.007054 49.295090 -0.707107 0.000031 -0.707107 
59.505463 59.505081 -35.994843 23.000000 23.000000 22.000000
49.297813 49.299263 0.006561 -0.707107 -0.707107 -0.000033 
59.505463 59.505081 36.005157 23.000000 23.000000 22.000000
49.297813 49.299263 0.006561 -0.707107 -0.707107 -0.000033 
