126.029999
128.319992
128.650009
128.380005
119.489998
130.399994
140.919998
49.420002
38.070000
8.430000
12.420000
26.590000
52.820000
81.000000
114.510002
131.330002
142.470001
142.790009
139.100006
134.550003
146.080002
179.369995
171.250000
0.790000
13.740000
46.119999
70.580002
90.370003
110.209999
128.600006
55.780003
116.440002
108.559998
98.800003
88.450005
103.440002
93.710007
86.889999
83.629997
93.519997
112.529999
129.809998
153.309998
171.429993
174.470001
71.580002
67.470001
67.149994
83.570000
90.310005
129.050003
138.850006
173.059998
18.330000
178.619995
122.470001
123.080002
126.029999
136.869995
139.960007
111.089996
128.690002
140.970001
151.720001
158.470001
65.110001
73.040001
89.689995
111.279999
125.059998
163.319992
114.029999
97.080002
84.150002
72.330002
134.509995
128.300003
90.880005
105.710007
118.410004
169.259995
9.690001
-0.870000
167.650009
160.479996
11.070000
21.110001
32.079998
39.639999
44.619999
40.959999
27.130001
15.590000
0.630000
158.289993
163.260010
32.869999
48.680000
32.000000
175.929993
126.820000
100.880005
80.180000
107.820000
125.629997
139.010010
41.840000
49.009998
63.689999
76.870003
40.500000
44.070000
56.139999
60.390003
55.870003
60.570000
61.860001
68.099998
68.110001
73.699997
45.700001
36.270000
44.200001
57.189999
71.070000
114.970001
129.729996
134.120010
139.309998
141.329987
109.210007
128.210007
136.870010
146.250000
147.639999
85.320000
92.880005
96.710007
104.270004
115.010002
83.649994
61.259998
55.389999
47.000000
39.669998
81.000000
102.320000
86.449997
62.490002
30.359999
0.950000
149.059998
117.169998
95.040001
70.459999
150.750000
37.590000
64.650002
74.760002
66.019997
132.960007
39.540001
24.279999
12.250000
15.470000
132.170013
45.380001
51.119999
51.079998
50.660000
45.940002
123.210007
107.810005
90.930000
79.699997
126.580002
116.750000
97.019997
79.849998
110.559998
95.189995
84.129997
81.470001
76.119995
70.599998
68.250000
64.270004
69.830002
70.830002
41.070000
126.440002
46.880001
34.180000
29.910000
31.480000
31.080000
30.869999
34.719997
38.420002
46.829998
144.580002
153.839996
142.130005
132.110001
124.340004
22.049999
156.959991
156.170013
154.729996
147.970001
145.290009
31.520000
38.770000
40.770000
39.970001
139.500000
143.459991
135.489990
126.070000
59.389999
41.170002
29.000000
57.880001
54.990002
30.440001
137.720001
116.959999
123.599998
30.719999
85.860001
129.190002
61.400002
106.759995
87.639999
60.860001
41.590000
25.480000
16.889999
8.360000
6.980000
83.549995
110.529999
123.290001
131.489990
133.990005
87.940002
109.010002
141.199997
171.710007
23.190001
35.870003
140.160004
133.210007
110.470001
72.980003
56.559998
125.959999
128.949997
136.080002
139.899994
43.360001
54.829998
58.799999
59.619999
62.629997
166.839996
154.889999
139.210007
119.470001
60.400002
12.830000
25.010000
40.180000
60.369999
119.550003
63.039997
59.000000
61.029999
65.599998
65.599998
128.570007
114.110001
99.950005
91.040001
103.940002
134.000000
44.270000
38.290001
34.419998
33.079998
133.449997
132.720001
131.360001
125.500000
62.410000
174.050003
8.050000
20.570000
51.880001
132.540009
121.320000
87.709999
73.860001
69.000000
67.180000
