83
0.000000 0.000000 1.000000 2
0.000000 0.000000 -1.000000 1000
-1.000000 0.000000 0.000000 17
-1.000000 0.000000 0.000000 1000
0.000000 0.000000 -1.000000 1000
0.000000 -1.000000 0.000000 85
1.000000 0.000000 0.000000 1000
0.000000 1.000000 0.000000 87
1.000000 0.000000 0.000000 1000
1.000000 0.000000 0.000000 42
-1.000000 0.000000 0.000000 42
0.000000 -1.000000 0.000000 1000
0.000000 1.000000 0.000000 165
0.000000 0.000000 -1.000000 1000
1.000000 0.000000 0.000000 19
-1.000000 0.000000 0.000000 11
0.000000 -1.000000 0.000000 144
0.000000 0.000000 1.000000 22
-1.000000 0.000000 0.000000 5
0.000000 0.000000 1.000000 35
0.000000 0.000000 -1.000000 11
1.000000 0.000000 0.000000 5
0.000000 0.000000 -1.000000 1000
0.000000 0.000000 1.000000 26
0.000000 1.000000 0.000000 1000
0.000000 0.000000 -1.000000 1000
1.000000 0.000000 0.000000 1000
1.000000 0.000000 0.000000 1000
0.000000 -1.000000 0.000000 74
-1.000000 0.000000 0.000000 33
-1.000000 0.000000 0.000000 1000
0.000000 0.000000 -1.000000 9
0.000000 -1.000000 0.000000 10
1.000000 0.000000 0.000000 1000
0.000000 0.000000 -1.000000 1000
-1.000000 0.000000 0.000000 14
-1.000000 0.000000 0.000000 1000
0.000000 -1.000000 0.000000 15
1.000000 0.000000 0.000000 1000
1.000000 0.000000 0.000000 33
-1.000000 0.000000 0.000000 1000
0.000000 0.000000 1.000000 44
1.000000 0.000000 0.000000 1000
-1.000000 0.000000 0.000000 1000
0.000000 1.000000 0.000000 1000
1.000000 0.000000 0.000000 1000
-1.000000 0.000000 0.000000 1000
0.000000 0.000000 -1.000000 1000
-1.000000 0.000000 0.000000 1000
0.000000 -1.000000 0.000000 1000
0.000000 0.000000 -1.000000 1000
0.000000 1.000000 0.000000 1000
-1.000000 0.000000 0.000000 1000
0.000000 -1.000000 0.000000 1000
-1.000000 0.000000 0.000000 1000
1.000000 0.000000 0.000000 1000
0.000000 0.000000 1.000000 47
-1.000000 0.000000 0.000000 1000
-1.000000 0.000000 0.000000 1000
-1.000000 0.000000 0.000000 1000
-1.000000 0.000000 0.000000 1000
0.000000 1.000000 0.000000 1000
-1.000000 0.000000 0.000000 1000
0.000000 0.000000 1.000000 27
-1.000000 0.000000 0.000000 1000
0.000000 0.000000 -1.000000 1000
-1.000000 0.000000 0.000000 1000
-1.000000 0.000000 0.000000 1000
0.000000 0.000000 -1.000000 1000
0.000000 0.000000 -1.000000 1000
0.000000 0.000000 1.000000 1000
1.000000 0.000000 0.000000 1000
0.000000 0.000000 1.000000 1000
0.000000 -1.000000 0.000000 1000
1.000000 0.000000 0.000000 1000
0.000000 0.000000 1.000000 1000
1.000000 0.000000 0.000000 68
0.000000 1.000000 0.000000 1000
0.000000 0.000000 -1.000000 1000
0.000000 0.000000 -1.000000 27
0.000000 0.000000 1.000000 1000
1.000000 0.000000 0.000000 1000
0 0 0 0
44
43
42
58
62
71
59
54
55
0
79
76
51
48
64
16
77
31
5
68
17
57
32
78
67
69
47
28
7
29
39
70
13
73
15
60
40
72
45
81
53
75
49
36
46
24
80
30
34
11
50
65
6
18
10
38
66
19
61
33
27
63
35
25
52
20
8
37
22
4
56
3
9
14
21
1
82
41
74
26
2
12
23
