45
77
454.344208 -72.559204 -122.514313 88.000000 89.000000 89.000000
396.200226 -65.551895 -91.847641 -0.000000 -1.000000 -0.000000 423.764374 -65.339401 -115.054230 -0.000000 -1.000000 -0.000000 440.018921 -65.186356 -177.624237 -0.000000 -1.000000 -0.000000 
94.844208 17.440796 -33.514313 89.000000 89.000000 89.000000
110.447723 49.664886 -43.949799 0.000000 0.000000 1.000000 116.978378 18.231546 -43.549789 0.000000 0.000000 1.000000 117.028236 -0.030802 -133.000595 -0.000000 -1.000000 -0.000000 115.946152 0.920095 53.281807 0.000000 1.000000 0.000000 
4.844208 196.940796 -212.514313 89.000000 88.000000 89.000000
2.556779 200.076874 -191.151932 1.000000 -0.000000 -0.000000 9.426004 197.628784 -220.981110 -0.000000 -0.000000 1.000000 21.305365 178.216248 -220.982315 -0.000000 -0.000000 1.000000 26.593443 148.205154 -220.954407 -0.000000 -0.000000 1.000000 -6.290103 197.613373 -220.994675 0.000000 0.000000 1.000000 -17.402666 178.172470 -221.017609 0.000000 0.000000 1.000000 -21.509029 148.146088 -220.996918 0.000000 0.000000 1.000000 
94.844208 17.440796 -33.514313 89.000000 89.000000 89.000000
110.447723 49.664886 -43.949799 -0.000000 -0.000000 -1.000000 116.978378 18.231546 -43.549789 -0.000000 -0.000000 -1.000000 117.028236 -0.030802 -133.000595 0.000000 1.000000 0.000000 115.946152 0.920095 53.281807 0.000000 1.000000 0.000000 
94.844208 106.940796 -33.514313 89.000000 90.000000 89.000000
60.625824 86.476776 -45.686813 -0.000000 -0.000000 -1.000000 90.383629 71.936111 -45.320381 -0.000000 -0.000000 -1.000000 
454.344208 -72.559204 -33.514313 88.000000 89.000000 89.000000

94.844208 17.440796 -122.514313 89.000000 89.000000 89.000000
117.028236 -0.030802 -133.000595 0.000000 1.000000 0.000000 
184.344208 17.440796 -122.514313 90.000000 89.000000 89.000000

274.344208 17.440796 -122.514313 90.000000 89.000000 89.000000

364.344208 17.440796 -122.514313 90.000000 89.000000 89.000000

453.844208 16.940796 -122.514313 89.000000 90.000000 89.000000

184.344208 17.440796 -33.514313 90.000000 89.000000 89.000000

274.344208 17.440796 -33.514313 90.000000 89.000000 89.000000

364.344208 17.440796 -33.514313 90.000000 89.000000 89.000000

453.844208 16.940796 -33.514313 89.000000 90.000000 89.000000

4.844208 107.440796 -123.014313 89.000000 89.000000 88.000000
3.487625 102.156380 -66.328796 1.000000 -0.000000 -0.000000 3.281043 123.893539 -98.540176 1.000000 -0.000000 -0.000000 3.035061 154.959900 -119.032875 1.000000 -0.000000 -0.000000 
4.844208 196.440796 -123.014313 89.000000 89.000000 90.000000
3.035061 154.959900 -119.032875 1.000000 -0.000000 -0.000000 2.780637 184.106613 -144.377380 1.000000 -0.000000 -0.000000 2.556779 200.076874 -191.151932 1.000000 -0.000000 -0.000000 
4.844208 196.940796 -33.014313 89.000000 88.000000 90.000000

184.844208 107.440796 146.485687 89.000000 89.000000 89.000000

274.344208 107.440796 146.485687 90.000000 89.000000 89.000000

184.844208 107.440796 56.985687 89.000000 89.000000 90.000000

274.344208 107.440796 56.985687 90.000000 89.000000 90.000000

274.344208 196.440796 56.985687 90.000000 89.000000 90.000000

274.344208 196.440796 146.485687 90.000000 89.000000 89.000000

184.344208 196.440796 56.985687 90.000000 89.000000 90.000000

184.344208 196.440796 146.485687 90.000000 89.000000 89.000000

94.344208 196.940796 56.985687 90.000000 88.000000 90.000000

94.344208 196.940796 146.485687 90.000000 88.000000 89.000000

4.344208 196.940796 56.985687 90.000000 88.000000 90.000000

4.344208 196.940796 146.485687 90.000000 88.000000 89.000000

-85.655792 196.940796 57.485687 90.000000 88.000000 89.000000

-85.655792 196.940796 146.485687 90.000000 88.000000 89.000000

-175.655792 196.940796 57.485687 90.000000 88.000000 89.000000

-175.655792 196.940796 146.485687 90.000000 88.000000 89.000000

-265.655792 196.940796 57.485687 90.000000 88.000000 89.000000

-355.655792 196.940796 57.485687 90.000000 88.000000 89.000000

-445.155792 196.940796 57.485687 89.000000 88.000000 89.000000

-265.655792 196.940796 146.485687 90.000000 88.000000 89.000000

-445.155792 196.940796 146.485687 89.000000 88.000000 89.000000

-355.655792 196.940796 146.485687 90.000000 88.000000 89.000000

94.344208 106.940796 -123.014313 90.000000 90.000000 90.000000

94.844208 107.440796 -212.514313 89.000000 89.000000 89.000000
65.107315 88.307045 -221.237396 0.000000 0.000000 1.000000 87.468506 77.276825 -221.393585 0.000000 0.000000 1.000000 105.427582 56.002899 -221.516052 0.000000 0.000000 1.000000 
94.344208 196.440796 -33.014313 90.000000 89.000000 90.000000

94.344208 196.440796 -123.014313 90.000000 89.000000 90.000000

94.344208 196.440796 -212.514313 90.000000 89.000000 89.000000

184.344208 106.940796 -33.014313 90.000000 90.000000 90.000000

184.344208 196.440796 -33.014313 90.000000 89.000000 90.000000

184.344208 106.940796 -123.014313 90.000000 90.000000 90.000000

184.344208 196.440796 -123.014313 90.000000 89.000000 90.000000

184.344208 107.440796 -212.514313 90.000000 89.000000 89.000000

184.344208 196.440796 -212.514313 90.000000 89.000000 89.000000

274.344208 106.940796 -33.014313 90.000000 90.000000 90.000000

274.344208 196.440796 -33.014313 90.000000 89.000000 90.000000

274.344208 106.940796 -123.014313 90.000000 90.000000 90.000000

274.344208 196.440796 -123.014313 90.000000 89.000000 90.000000

274.344208 107.440796 -212.514313 90.000000 89.000000 89.000000

274.344208 196.440796 -212.514313 90.000000 89.000000 89.000000

364.344208 106.940796 -123.014313 90.000000 90.000000 90.000000

364.344208 196.440796 -123.014313 90.000000 89.000000 90.000000

364.344208 107.440796 -212.514313 90.000000 89.000000 89.000000

364.344208 196.440796 -212.514313 90.000000 89.000000 89.000000

453.844208 106.940796 -123.014313 89.000000 90.000000 90.000000

453.844208 196.440796 -123.014313 89.000000 89.000000 90.000000

453.844208 107.440796 -212.514313 89.000000 89.000000 89.000000

453.844208 196.440796 -212.514313 89.000000 89.000000 89.000000

364.344208 106.940796 -33.014313 90.000000 90.000000 90.000000

364.344208 196.440796 -33.014313 90.000000 89.000000 90.000000

364.344208 107.440796 56.985687 90.000000 89.000000 90.000000

364.344208 196.440796 56.985687 90.000000 89.000000 90.000000

364.344208 107.440796 146.485687 90.000000 89.000000 89.000000

364.344208 196.440796 146.485687 90.000000 89.000000 89.000000

453.844208 106.940796 -33.014313 89.000000 90.000000 90.000000

453.844208 196.440796 -33.014313 89.000000 89.000000 90.000000

453.844208 107.440796 56.985687 89.000000 89.000000 90.000000

453.844208 196.440796 56.985687 89.000000 89.000000 90.000000

453.844208 107.440796 146.485687 89.000000 89.000000 89.000000

453.844208 196.440796 146.485687 89.000000 89.000000 89.000000

34
-85.655792 106.440796 146.985687 90.000000 89.000000 88.000000
-52.518532 84.155014 148.318924 0.000000 0.000000 1.000000 -78.892151 64.958122 148.966339 0.000000 0.000000 1.000000 
4.344208 106.440796 146.985687 90.000000 89.000000 88.000000
3.810449 98.878510 137.411560 -1.000000 -0.000000 -0.000000 24.226320 92.523788 149.814804 -0.000000 -0.000000 1.000000 59.948097 84.288116 148.419205 -0.000000 -0.000000 1.000000 -16.589743 92.474426 149.779434 0.000000 0.000000 1.000000 -52.518532 84.155014 148.318924 0.000000 0.000000 1.000000 3.433475 118.144714 112.875351 -1.000000 -0.000000 -0.000000 3.887557 82.082512 188.556366 -1.000000 -0.000000 -0.000000 
4.344208 106.440796 146.985687 90.000000 89.000000 88.000000
3.810449 98.878510 137.411560 1.000000 0.000000 0.000000 24.226320 92.523788 149.814804 0.000000 0.000000 -1.000000 59.948097 84.288116 148.419205 -0.000000 -0.000000 1.000000 -16.589743 92.474426 149.779434 -0.000000 -0.000000 -1.000000 -52.518532 84.155014 148.318924 0.000000 0.000000 1.000000 3.433475 118.144714 112.875351 1.000000 0.000000 0.000000 3.887557 82.082512 188.556366 1.000000 0.000000 0.000000 
4.344208 106.440796 146.985687 90.000000 89.000000 88.000000
3.810449 98.878510 137.411560 1.000000 0.000000 0.000000 24.226320 92.523788 149.814804 -0.000000 -0.000000 1.000000 59.948097 84.288116 148.419205 -0.000000 -0.000000 1.000000 -16.589743 92.474426 149.779434 0.000000 0.000000 1.000000 -52.518532 84.155014 148.318924 0.000000 0.000000 1.000000 3.433475 118.144714 112.875351 1.000000 0.000000 0.000000 3.887557 82.082512 188.556366 1.000000 0.000000 0.000000 
93.844208 106.940796 146.985687 89.000000 88.000000 88.000000
59.948097 84.288116 148.419205 -0.000000 -0.000000 1.000000 86.067474 65.153595 148.119843 0.000000 0.000000 -1.000000 
93.844208 106.940796 146.985687 89.000000 88.000000 88.000000
59.948097 84.288116 148.419205 -0.000000 -0.000000 1.000000 86.067474 65.153595 148.119843 -0.000000 -0.000000 1.000000 
-176.155792 106.940796 57.485687 89.000000 88.000000 89.000000

-265.155792 106.440796 57.485687 89.000000 89.000000 89.000000

-265.155792 106.440796 146.485687 89.000000 89.000000 89.000000

-175.655792 106.440796 146.485687 90.000000 89.000000 89.000000

274.344208 16.440796 57.485687 88.000000 89.000000 89.000000

184.844208 16.440796 146.985687 89.000000 89.000000 88.000000
141.316437 -32.803452 152.848709 -0.000000 -0.000000 1.000000 
273.844208 16.440796 146.485687 89.000000 89.000000 89.000000

94.344208 -73.059204 146.985687 90.000000 88.000000 88.000000
124.305275 -106.874619 155.139359 -0.000000 -0.000000 1.000000 90.198944 -122.142487 155.291229 -0.000000 -0.000000 1.000000 144.533478 -82.081207 153.653687 -0.000000 -0.000000 1.000000 141.316437 -32.803452 152.848709 -0.000000 -0.000000 1.000000 
274.344208 -72.559204 57.485687 88.000000 89.000000 89.000000
249.526062 -64.250328 79.313477 0.000000 1.000000 0.000000 257.677368 -64.149445 29.173372 0.000000 1.000000 0.000000 
273.844208 -72.559204 146.485687 89.000000 89.000000 89.000000
230.294708 -64.389290 122.430794 0.000000 1.000000 0.000000 
184.344208 -72.559204 146.985687 90.000000 89.000000 88.000000
151.524200 -52.855148 152.917511 0.000000 0.000000 -1.000000 184.085205 -64.583847 147.049469 0.000000 1.000000 0.000000 230.294708 -64.389290 122.430794 0.000000 1.000000 0.000000 148.036652 -63.653671 171.309540 -0.000000 1.000000 -0.000000 144.533478 -82.081207 153.653687 0.000000 0.000000 -1.000000 141.316437 -32.803452 152.848709 -0.000000 -0.000000 1.000000 
184.344208 -72.559204 146.985687 90.000000 89.000000 88.000000
151.524200 -52.855148 152.917511 -0.000000 -0.000000 1.000000 184.085205 -64.583847 147.049469 0.000000 1.000000 0.000000 230.294708 -64.389290 122.430794 0.000000 1.000000 0.000000 148.036652 -63.653671 171.309540 -0.000000 1.000000 -0.000000 144.533478 -82.081207 153.653687 -0.000000 -0.000000 1.000000 141.316437 -32.803452 152.848709 -0.000000 -0.000000 1.000000 
4.344208 -72.559204 57.485687 88.000000 89.000000 89.000000

4.344208 -72.559204 146.485687 90.000000 89.000000 89.000000

-265.655792 16.940796 57.485687 88.000000 90.000000 89.000000

-265.155792 16.940796 146.485687 89.000000 90.000000 89.000000

-265.655792 -72.559204 57.485687 88.000000 89.000000 89.000000
-242.456421 -64.837967 78.846466 -0.000000 1.000000 -0.000000 -250.515137 -64.759369 28.686441 -0.000000 1.000000 -0.000000 
-265.155792 -72.559204 146.485687 89.000000 89.000000 89.000000
-223.310272 -64.934235 121.997124 -0.000000 1.000000 -0.000000 
-175.655792 -72.559204 146.985687 90.000000 89.000000 88.000000
-144.629272 -53.207367 152.633575 -0.000000 -0.000000 -1.000000 -177.147675 -65.019699 146.703094 -0.000000 1.000000 -0.000000 -223.310272 -64.934235 121.997124 -0.000000 1.000000 -0.000000 -141.144104 -64.000641 171.031342 0.000000 1.000000 0.000000 -138.011749 -82.420181 153.382675 -0.000000 -0.000000 -1.000000 -134.466599 -33.130150 152.582031 0.000000 0.000000 1.000000 
-175.655792 -72.559204 146.985687 90.000000 89.000000 88.000000
-144.629272 -53.207367 152.633575 0.000000 0.000000 1.000000 -177.147675 -65.019699 146.703094 -0.000000 1.000000 -0.000000 -223.310272 -64.934235 121.997124 -0.000000 1.000000 -0.000000 -141.144104 -64.000641 171.031342 0.000000 1.000000 0.000000 -138.011749 -82.420181 153.382675 0.000000 0.000000 1.000000 -134.466599 -33.130150 152.582031 0.000000 0.000000 1.000000 
-175.655792 16.940796 146.985687 90.000000 90.000000 88.000000
-134.466599 -33.130150 152.582031 0.000000 0.000000 1.000000 
-85.655792 16.940796 146.985687 90.000000 90.000000 88.000000
-78.892151 64.958122 148.966339 0.000000 0.000000 1.000000 -96.491577 40.039963 149.674652 0.000000 0.000000 1.000000 -106.085999 13.158422 150.359863 0.000000 0.000000 1.000000 -108.847031 -1.260212 172.468689 0.000000 -1.000000 0.000000 -116.987366 -13.102334 151.298096 0.000000 0.000000 1.000000 -134.466599 -33.130150 152.582031 0.000000 0.000000 1.000000 -108.983292 -1.345483 53.066967 0.000000 -1.000000 0.000000 
-85.655792 -72.559204 146.985687 90.000000 89.000000 88.000000
-118.533646 -107.167328 154.908005 0.000000 0.000000 1.000000 -85.072739 -122.350418 154.125702 -0.000000 -0.000000 -1.000000 -138.011749 -82.420181 153.382675 0.000000 0.000000 1.000000 -134.466599 -33.130150 152.582031 0.000000 0.000000 1.000000 
-85.655792 -72.559204 146.985687 90.000000 89.000000 88.000000
-118.533646 -107.167328 154.908005 0.000000 0.000000 1.000000 -85.072739 -122.350418 154.125702 0.000000 0.000000 1.000000 -138.011749 -82.420181 153.382675 0.000000 0.000000 1.000000 -134.466599 -33.130150 152.582031 0.000000 0.000000 1.000000 
4.344208 16.940796 -122.514313 88.000000 88.000000 89.000000

4.344208 16.940796 -33.014313 88.000000 88.000000 90.000000

4.344208 16.440796 56.985687 88.000000 89.000000 90.000000

3.844208 16.940796 146.485687 89.000000 90.000000 89.000000

51
-86.155792 17.440796 -212.514313 89.000000 89.000000 89.000000
-98.067047 55.759758 -221.707047 -0.000000 -0.000000 1.000000 -107.944412 20.965132 -221.829651 -0.000000 -0.000000 1.000000 -163.831787 -1.300338 -221.916870 -0.000000 -0.000000 1.000000 -109.706406 0.701449 -133.215622 0.000000 1.000000 0.000000 
-86.155792 17.440796 -33.514313 89.000000 89.000000 89.000000
-103.818062 49.406433 -45.152420 0.000000 0.000000 -1.000000 -109.963013 17.959959 -44.765305 0.000000 0.000000 -1.000000 -109.706406 0.701449 -133.215622 0.000000 1.000000 0.000000 -108.983292 0.654517 53.066967 -0.000000 1.000000 -0.000000 
-86.155792 106.940796 -33.514313 89.000000 90.000000 89.000000
-55.049389 86.340118 -45.799454 0.000000 0.000000 -1.000000 -84.291840 71.723236 -45.487625 0.000000 0.000000 -1.000000 
-266.155792 -72.559204 -33.014313 89.000000 89.000000 88.000000
-250.515137 -64.759369 28.686441 -0.000000 1.000000 -0.000000 -263.412872 -64.716568 -17.033926 -0.000000 1.000000 -0.000000 -300.550293 -64.689362 -56.812080 -0.000000 1.000000 -0.000000 
-355.655792 -72.559204 -33.514313 90.000000 89.000000 89.000000
-300.550293 -64.689362 -56.812080 -0.000000 1.000000 -0.000000 -350.131989 -64.616684 -81.865723 -0.000000 1.000000 -0.000000 
-445.155792 -72.559204 -33.514313 89.000000 89.000000 89.000000

-356.155792 -72.559204 -122.514313 89.000000 89.000000 89.000000
-350.131989 -64.616684 -81.865723 -0.000000 1.000000 -0.000000 -388.798767 -64.488922 -92.602829 -0.000000 1.000000 -0.000000 
-445.155792 -72.559204 -123.014313 89.000000 89.000000 90.000000
-416.319458 -64.346901 -115.859222 -0.000000 1.000000 -0.000000 -432.455750 -64.230934 -178.463196 -0.000000 1.000000 -0.000000 
-445.655792 -72.559204 -212.514313 88.000000 89.000000 89.000000
-432.455750 -64.230934 -178.463196 -0.000000 1.000000 -0.000000 -396.867554 -34.318958 -222.003387 -0.000000 -0.000000 1.000000 -428.447815 -54.354176 -221.975891 -0.000000 -0.000000 1.000000 -218.305923 -64.670219 -221.074539 -0.000000 -0.000000 1.000000 
-86.155792 17.440796 -123.014313 89.000000 89.000000 90.000000
-109.706406 0.701449 -133.215622 0.000000 1.000000 0.000000 
-175.655792 17.440796 -33.514313 90.000000 89.000000 89.000000

-175.655792 17.440796 -123.014313 90.000000 89.000000 90.000000

-175.655792 17.440796 -212.514313 90.000000 89.000000 89.000000
-163.831787 -1.300338 -221.916870 -0.000000 -0.000000 1.000000 
-265.655792 16.940796 -33.514313 90.000000 90.000000 89.000000

-265.655792 17.440796 -123.014313 90.000000 89.000000 90.000000

-265.655792 17.440796 -212.514313 90.000000 89.000000 89.000000
-261.719513 -6.716681 -221.976440 -0.000000 -0.000000 1.000000 -340.342407 -18.078732 -222.005249 -0.000000 -0.000000 1.000000 
-355.655792 16.940796 -33.514313 90.000000 90.000000 89.000000

-355.655792 16.940796 -123.014313 90.000000 90.000000 90.000000

-355.655792 17.440796 -212.514313 90.000000 89.000000 89.000000
-340.342407 -18.078732 -222.005249 -0.000000 -0.000000 1.000000 -396.867554 -34.318958 -222.003387 -0.000000 -0.000000 1.000000 
-86.155792 106.940796 -123.014313 89.000000 90.000000 90.000000

-86.155792 106.940796 -212.514313 89.000000 90.000000 89.000000
-57.828377 88.161652 -221.359879 -0.000000 -0.000000 1.000000 -80.158180 77.071426 -221.552185 -0.000000 -0.000000 1.000000 -98.067047 55.759758 -221.707047 -0.000000 -0.000000 1.000000 
-86.155792 196.440796 -33.514313 89.000000 89.000000 89.000000

-86.155792 196.440796 -123.014313 89.000000 89.000000 90.000000

-86.155792 196.440796 -212.514313 89.000000 89.000000 89.000000

-175.655792 106.940796 -33.514313 90.000000 90.000000 89.000000

-175.655792 196.440796 -33.514313 90.000000 89.000000 89.000000

-175.655792 106.940796 -123.014313 90.000000 90.000000 90.000000

-175.655792 196.440796 -123.014313 90.000000 89.000000 90.000000

-175.655792 106.940796 -212.514313 90.000000 90.000000 89.000000

-175.655792 196.440796 -212.514313 90.000000 89.000000 89.000000

-265.655792 106.940796 -33.514313 90.000000 90.000000 89.000000

-265.655792 196.440796 -33.514313 90.000000 89.000000 89.000000

-265.655792 106.940796 -123.014313 90.000000 90.000000 90.000000

-265.655792 196.440796 -123.014313 90.000000 89.000000 90.000000

-265.655792 106.940796 -212.514313 90.000000 90.000000 89.000000

-265.655792 196.440796 -212.514313 90.000000 89.000000 89.000000

-355.655792 106.940796 -33.514313 90.000000 90.000000 89.000000

-355.655792 196.440796 -33.514313 90.000000 89.000000 89.000000

-445.155792 16.940796 -33.514313 89.000000 90.000000 89.000000

-445.155792 106.940796 -33.514313 89.000000 90.000000 89.000000

-445.155792 196.440796 -33.514313 89.000000 89.000000 89.000000

-355.655792 106.940796 -123.014313 90.000000 90.000000 90.000000

-355.655792 196.440796 -123.014313 90.000000 89.000000 90.000000

-355.655792 106.940796 -212.514313 90.000000 90.000000 89.000000

-355.655792 196.440796 -212.514313 90.000000 89.000000 89.000000

-445.155792 16.940796 -123.014313 89.000000 90.000000 90.000000

-445.155792 106.940796 -123.014313 89.000000 90.000000 90.000000

-445.155792 196.440796 -123.014313 89.000000 89.000000 90.000000

-445.155792 16.940796 -212.514313 89.000000 90.000000 89.000000

-445.155792 106.940796 -212.514313 89.000000 90.000000 89.000000

-445.155792 196.440796 -212.514313 89.000000 89.000000 89.000000

39
184.344208 16.440796 56.985687 88.000000 89.000000 88.000000

274.344208 -73.559204 -212.514313 88.000000 89.000000 89.000000
223.166046 -64.144531 -220.647278 0.000000 0.000000 1.000000 
274.844208 -73.559204 -123.014313 89.000000 89.000000 90.000000

363.844208 -73.559204 -122.514313 89.000000 89.000000 89.000000
357.509644 -65.770309 -81.183891 -0.000000 -1.000000 -0.000000 396.200226 -65.551895 -91.847641 -0.000000 -1.000000 -0.000000 
363.844208 -73.559204 -33.014313 89.000000 89.000000 90.000000
307.881042 -65.959854 -56.225204 -0.000000 -1.000000 -0.000000 357.509644 -65.770309 -81.183891 -0.000000 -1.000000 -0.000000 
274.844208 -73.559204 -33.014313 89.000000 89.000000 90.000000
257.677368 -66.149445 29.173372 -0.000000 -1.000000 -0.000000 270.663971 -66.075127 -16.516956 -0.000000 -1.000000 -0.000000 307.881042 -65.959854 -56.225204 -0.000000 -1.000000 -0.000000 
184.844208 -73.059204 57.485687 89.000000 90.000000 89.000000

274.344208 -73.559204 56.985687 90.000000 89.000000 90.000000
249.526062 -66.250328 79.313477 -0.000000 -1.000000 -0.000000 257.677368 -66.149445 29.173372 -0.000000 -1.000000 -0.000000 
184.844208 -73.559204 146.485687 89.000000 89.000000 89.000000
151.524200 -52.855148 152.917511 0.000000 0.000000 -1.000000 184.085205 -66.583847 147.049469 -0.000000 -1.000000 -0.000000 230.294708 -66.389290 122.430794 -0.000000 -1.000000 -0.000000 148.036652 -65.653671 171.309540 0.000000 -1.000000 0.000000 144.533478 -82.081207 153.653687 0.000000 0.000000 -1.000000 141.316437 -32.803452 151.848709 0.000000 0.000000 -1.000000 
184.844208 -73.559204 146.485687 89.000000 89.000000 89.000000
151.524200 -52.855148 152.917511 0.000000 0.000000 -1.000000 184.085205 -66.583847 147.049469 -0.000000 -1.000000 -0.000000 230.294708 -66.389290 122.430794 -0.000000 -1.000000 -0.000000 148.036652 -65.653671 171.309540 0.000000 -1.000000 0.000000 144.533478 -82.081207 153.653687 0.000000 0.000000 -1.000000 141.316437 -32.803452 151.848709 -0.000000 -0.000000 1.000000 
274.344208 -73.559204 146.485687 90.000000 89.000000 89.000000
230.294708 -66.389290 122.430794 -0.000000 -1.000000 -0.000000 
274.844208 -162.559204 -33.014313 89.000000 89.000000 90.000000

363.844208 -162.559204 -33.014313 89.000000 89.000000 90.000000

363.844208 -162.559204 -123.014313 89.000000 89.000000 90.000000

274.844208 -162.559204 -123.014313 89.000000 89.000000 90.000000

274.844208 -162.559204 -212.514313 89.000000 89.000000 89.000000

363.844208 -163.059204 -212.514313 89.000000 88.000000 89.000000

94.344208 -163.059204 146.985687 90.000000 88.000000 88.000000
90.198944 -122.142487 155.291229 -0.000000 -0.000000 1.000000 35.449333 -133.027023 154.163696 -0.000000 -0.000000 1.000000 
184.844208 -73.559204 146.485687 89.000000 89.000000 89.000000
151.524200 -52.855148 152.917511 -0.000000 -0.000000 1.000000 184.085205 -66.583847 147.049469 -0.000000 -1.000000 -0.000000 230.294708 -66.389290 122.430794 -0.000000 -1.000000 -0.000000 148.036652 -65.653671 171.309540 0.000000 -1.000000 0.000000 144.533478 -82.081207 153.653687 -0.000000 -0.000000 1.000000 141.316437 -32.803452 151.848709 -0.000000 -0.000000 1.000000 
184.844208 -162.559204 57.485687 89.000000 89.000000 89.000000

184.344208 -162.559204 146.485687 90.000000 89.000000 89.000000

274.344208 -162.559204 56.985687 90.000000 89.000000 90.000000

274.344208 -162.559204 146.485687 90.000000 89.000000 89.000000

364.844208 16.440796 57.485687 89.000000 89.000000 89.000000

453.844208 16.440796 57.485687 89.000000 89.000000 89.000000

364.844208 16.440796 146.485687 89.000000 89.000000 89.000000

453.844208 16.440796 146.485687 89.000000 89.000000 89.000000

364.344208 -73.059204 56.985687 90.000000 90.000000 90.000000

453.844208 -73.059204 57.485687 89.000000 90.000000 89.000000

364.344208 -73.059204 146.485687 90.000000 90.000000 89.000000

453.844208 -73.059204 146.485687 89.000000 90.000000 89.000000

364.344208 -162.559204 56.985687 90.000000 89.000000 90.000000

364.344208 -162.559204 146.485687 90.000000 89.000000 89.000000

453.844208 -162.559204 57.485687 89.000000 89.000000 89.000000

453.844208 -162.559204 146.485687 89.000000 89.000000 89.000000

4.844208 -163.059204 146.985687 89.000000 88.000000 88.000000
35.449333 -133.027023 154.163696 0.000000 0.000000 -1.000000 -30.741484 -133.102676 154.101334 -0.000000 -0.000000 -1.000000 2.349782 -135.818680 114.099030 1.000000 0.000000 0.000000 1.471589 -137.660004 260.037903 -0.000000 -1.000000 -0.000000 
4.844208 -163.059204 146.985687 89.000000 88.000000 88.000000
35.449333 -133.027023 154.163696 0.000000 0.000000 -1.000000 -30.741484 -133.102676 154.101334 -0.000000 -0.000000 -1.000000 2.349782 -135.818680 114.099030 1.000000 0.000000 0.000000 1.471589 -137.660004 260.037903 0.000000 1.000000 0.000000 
4.844208 -163.059204 146.985687 89.000000 88.000000 88.000000
35.449333 -133.027023 154.163696 -0.000000 -0.000000 1.000000 -30.741484 -133.102676 154.101334 0.000000 0.000000 1.000000 2.349782 -135.818680 114.099030 -1.000000 -0.000000 -0.000000 1.471589 -137.660004 260.037903 -0.000000 -1.000000 -0.000000 
4.844208 -163.059204 146.985687 89.000000 88.000000 88.000000
35.449333 -133.027023 154.163696 -0.000000 -0.000000 1.000000 -30.741484 -133.102676 154.101334 0.000000 0.000000 1.000000 2.349782 -135.818680 114.099030 1.000000 0.000000 0.000000 1.471589 -137.660004 260.037903 -0.000000 -1.000000 -0.000000 
41
4.344208 -163.059204 56.985687 90.000000 88.000000 88.000000
2.289622 -131.919891 28.885929 -1.000000 -0.000000 -0.000000 2.349782 -135.818680 114.099030 -1.000000 -0.000000 -0.000000 
4.344208 -163.059204 56.985687 90.000000 88.000000 88.000000
2.289622 -131.919891 28.885929 1.000000 0.000000 0.000000 2.349782 -135.818680 114.099030 1.000000 0.000000 0.000000 
94.344208 16.440796 56.985687 88.000000 89.000000 88.000000
115.946152 -1.079905 53.281807 -0.000000 -1.000000 -0.000000 
93.844208 -162.559204 56.985687 89.000000 89.000000 88.000000

94.344208 -73.059204 56.985687 88.000000 90.000000 88.000000

-175.155792 16.440796 56.985687 89.000000 89.000000 88.000000

-86.155792 16.440796 56.985687 89.000000 89.000000 88.000000
-108.983292 -1.345483 53.066967 0.000000 -1.000000 0.000000 
-86.155792 -73.059204 56.985687 89.000000 90.000000 88.000000

-85.655792 -162.559204 57.485687 90.000000 89.000000 89.000000

-266.155792 -73.559204 -32.514313 89.000000 89.000000 89.000000
-250.515137 -66.759369 28.686441 0.000000 -1.000000 0.000000 -263.412872 -66.716568 -17.033926 0.000000 -1.000000 0.000000 -300.550293 -66.689362 -56.812080 0.000000 -1.000000 0.000000 
-355.155792 -73.559204 -32.514313 89.000000 89.000000 89.000000
-300.550293 -66.689362 -56.812080 0.000000 -1.000000 0.000000 -350.131989 -66.616684 -81.865723 0.000000 -1.000000 0.000000 
-86.155792 -163.059204 146.485687 89.000000 88.000000 89.000000
-85.072739 -122.350418 154.125702 -0.000000 -0.000000 -1.000000 -30.741484 -133.102676 154.101334 -0.000000 -0.000000 -1.000000 
-175.655792 -73.059204 57.485687 90.000000 90.000000 89.000000

-265.655792 -73.559204 56.985687 90.000000 89.000000 90.000000
-242.456421 -66.837967 78.846466 0.000000 -1.000000 0.000000 -250.515137 -66.759369 28.686441 0.000000 -1.000000 0.000000 
-176.155792 -73.559204 146.485687 89.000000 89.000000 89.000000
-144.629272 -53.207367 152.633575 -0.000000 -0.000000 -1.000000 -177.147675 -67.019699 146.703094 0.000000 -1.000000 0.000000 -223.310272 -66.934235 121.997124 0.000000 -1.000000 0.000000 -141.144104 -66.000641 171.031342 -0.000000 -1.000000 -0.000000 -138.011749 -82.420181 153.382675 -0.000000 -0.000000 -1.000000 -134.466599 -33.130150 151.582031 -0.000000 -0.000000 -1.000000 
-176.155792 -73.559204 146.485687 89.000000 89.000000 89.000000
-144.629272 -53.207367 152.633575 -0.000000 -0.000000 -1.000000 -177.147675 -67.019699 146.703094 0.000000 -1.000000 0.000000 -223.310272 -66.934235 121.997124 0.000000 -1.000000 0.000000 -141.144104 -66.000641 171.031342 -0.000000 -1.000000 -0.000000 -138.011749 -82.420181 153.382675 -0.000000 -0.000000 -1.000000 -134.466599 -33.130150 151.582031 0.000000 0.000000 1.000000 
-265.655792 -73.559204 146.485687 90.000000 89.000000 89.000000
-223.310272 -66.934235 121.997124 0.000000 -1.000000 0.000000 
-266.155792 -162.559204 -32.514313 89.000000 89.000000 89.000000

-355.155792 -162.559204 -32.514313 89.000000 89.000000 89.000000

-176.155792 -73.559204 146.485687 89.000000 89.000000 89.000000
-144.629272 -53.207367 152.633575 0.000000 0.000000 1.000000 -177.147675 -67.019699 146.703094 0.000000 -1.000000 0.000000 -223.310272 -66.934235 121.997124 0.000000 -1.000000 0.000000 -141.144104 -66.000641 171.031342 -0.000000 -1.000000 -0.000000 -138.011749 -82.420181 153.382675 0.000000 0.000000 1.000000 -134.466599 -33.130150 151.582031 0.000000 0.000000 1.000000 
-356.155792 106.440796 57.485687 89.000000 89.000000 89.000000

-356.155792 106.440796 146.485687 89.000000 89.000000 89.000000

-445.155792 106.440796 57.485687 89.000000 89.000000 89.000000

-445.155792 106.440796 146.485687 89.000000 89.000000 89.000000

-86.155792 -163.059204 146.485687 89.000000 88.000000 89.000000
-85.072739 -122.350418 154.125702 0.000000 0.000000 1.000000 -30.741484 -133.102676 154.101334 0.000000 0.000000 1.000000 
-175.655792 -162.559204 57.485687 90.000000 89.000000 89.000000

-175.655792 -162.559204 146.485687 90.000000 89.000000 89.000000

-265.655792 -162.559204 56.985687 90.000000 89.000000 90.000000

-265.655792 -162.559204 146.485687 90.000000 89.000000 89.000000

-356.155792 16.940796 57.485687 89.000000 90.000000 89.000000

-356.155792 16.940796 146.485687 89.000000 90.000000 89.000000

-355.655792 -73.059204 56.985687 90.000000 90.000000 90.000000

-355.655792 -73.059204 146.485687 90.000000 90.000000 89.000000

-355.655792 -162.559204 56.985687 90.000000 89.000000 90.000000

-355.655792 -162.559204 146.485687 90.000000 89.000000 89.000000

-445.155792 16.940796 57.485687 89.000000 90.000000 89.000000

-445.155792 -73.059204 57.485687 89.000000 90.000000 89.000000

-445.155792 -162.559204 57.485687 89.000000 89.000000 89.000000

-445.155792 16.940796 146.485687 89.000000 90.000000 89.000000

-445.155792 -162.559204 146.485687 89.000000 89.000000 89.000000

-445.155792 -73.059204 146.485687 89.000000 90.000000 89.000000

35
184.344208 16.440796 -213.014313 90.000000 89.000000 88.000000
171.327560 -0.899688 -223.595490 -0.000000 -0.000000 -1.000000 
274.344208 16.440796 -213.014313 90.000000 89.000000 88.000000
269.229980 -6.079854 -223.464142 -0.000000 -0.000000 -1.000000 347.879456 -17.260605 -223.341797 -0.000000 -0.000000 -1.000000 
364.344208 16.440796 -213.014313 90.000000 89.000000 88.000000
347.879456 -17.260605 -223.341797 -0.000000 -0.000000 -1.000000 404.439178 -33.363106 -222.233658 -0.000000 -0.000000 -1.000000 
453.844208 16.440796 -213.014313 89.000000 89.000000 88.000000
404.439178 -33.363106 -222.233658 -0.000000 -0.000000 -1.000000 
364.344208 -72.559204 -213.014313 90.000000 89.000000 88.000000
404.439178 -33.363106 -222.233658 -0.000000 -0.000000 -1.000000 223.166046 -64.144531 -222.647278 -0.000000 -0.000000 -1.000000 
453.844208 -72.559204 -213.014313 89.000000 89.000000 88.000000
440.018921 -64.186356 -177.624237 0.000000 1.000000 0.000000 404.439178 -33.363106 -222.233658 -0.000000 -0.000000 -1.000000 436.069763 -53.321957 -222.143738 -0.000000 -0.000000 -1.000000 223.166046 -64.144531 -222.647278 -0.000000 -0.000000 -1.000000 
453.844208 -72.559204 -213.014313 89.000000 89.000000 88.000000
440.018921 -64.186356 -177.624237 -0.000000 -1.000000 -0.000000 404.439178 -33.363106 -222.233658 -0.000000 -0.000000 -1.000000 436.069763 -53.321957 -222.143738 -0.000000 -0.000000 -1.000000 223.166046 -64.144531 -222.647278 -0.000000 -0.000000 -1.000000 
453.844208 -72.559204 -213.014313 89.000000 89.000000 88.000000
440.018921 -64.186356 -177.624237 -0.000000 -1.000000 -0.000000 404.439178 -33.363106 -222.233658 0.000000 0.000000 1.000000 436.069763 -53.321957 -222.143738 0.000000 0.000000 1.000000 223.166046 -64.144531 -222.647278 -0.000000 -0.000000 -1.000000 
184.344208 -72.559204 -213.014313 90.000000 89.000000 88.000000
223.166046 -64.144531 -222.647278 -0.000000 -0.000000 -1.000000 
274.344208 -72.559204 -213.014313 90.000000 89.000000 88.000000
223.166046 -64.144531 -222.647278 -0.000000 -0.000000 -1.000000 
4.344208 196.440796 -213.014313 88.000000 89.000000 88.000000
1.556779 200.076874 -191.151932 -1.000000 0.000000 0.000000 9.426004 197.628784 -222.981110 0.000000 0.000000 -1.000000 21.305365 178.216248 -222.982315 0.000000 0.000000 -1.000000 26.593443 148.205154 -222.954407 0.000000 0.000000 -1.000000 -6.290103 197.613373 -222.994675 -0.000000 -0.000000 -1.000000 -17.402666 178.172470 -222.017609 -0.000000 -0.000000 -1.000000 -21.509029 148.146088 -222.996918 -0.000000 -0.000000 -1.000000 
4.344208 196.440796 -213.014313 88.000000 89.000000 88.000000
1.556779 200.076874 -191.151932 1.000000 -0.000000 -0.000000 9.426004 197.628784 -222.981110 0.000000 0.000000 -1.000000 21.305365 178.216248 -222.982315 0.000000 0.000000 -1.000000 26.593443 148.205154 -222.954407 0.000000 0.000000 -1.000000 -6.290103 197.613373 -222.994675 -0.000000 -0.000000 -1.000000 -17.402666 178.172470 -222.017609 -0.000000 -0.000000 -1.000000 -21.509029 148.146088 -222.996918 -0.000000 -0.000000 -1.000000 
4.344208 196.440796 -213.014313 88.000000 89.000000 88.000000
1.556779 200.076874 -191.151932 1.000000 -0.000000 -0.000000 9.426004 197.628784 -222.981110 0.000000 0.000000 -1.000000 21.305365 178.216248 -222.982315 0.000000 0.000000 -1.000000 26.593443 148.205154 -222.954407 0.000000 0.000000 -1.000000 -6.290103 197.613373 -222.994675 -0.000000 -0.000000 -1.000000 -17.402666 178.172470 -222.017609 0.000000 0.000000 1.000000 -21.509029 148.146088 -222.996918 -0.000000 -0.000000 -1.000000 
4.344208 106.940796 -213.014313 90.000000 90.000000 88.000000
26.593443 148.205154 -222.954407 0.000000 0.000000 -1.000000 -21.509029 148.146088 -222.996918 -0.000000 -0.000000 -1.000000 41.957455 92.362022 -222.036057 -0.000000 -0.000000 -1.000000 -34.689003 92.277878 -222.115204 0.000000 0.000000 -1.000000 29.304634 112.465050 -222.930023 0.000000 0.000000 -1.000000 -22.808765 112.404869 -222.978760 -0.000000 -0.000000 -1.000000 
4.344208 106.940796 -213.014313 90.000000 90.000000 88.000000
26.593443 148.205154 -222.954407 0.000000 0.000000 -1.000000 -21.509029 148.146088 -222.996918 -0.000000 -0.000000 -1.000000 41.957455 92.362022 -222.036057 0.000000 0.000000 1.000000 -34.689003 92.277878 -222.115204 -0.000000 -0.000000 1.000000 29.304634 112.465050 -222.930023 0.000000 0.000000 -1.000000 -22.808765 112.404869 -222.978760 -0.000000 -0.000000 -1.000000 
4.344208 16.940796 -213.014313 90.000000 90.000000 88.000000

-85.655792 -72.559204 -213.014313 90.000000 89.000000 88.000000
-218.305923 -64.670219 -222.074539 0.000000 0.000000 -1.000000 
4.344208 -72.559204 -213.014313 90.000000 89.000000 88.000000
1.188724 -80.705017 -199.213135 -1.000000 -0.000000 -0.000000 1.557351 -107.569626 -140.911011 -1.000000 -0.000000 -0.000000 -218.305923 -64.670219 -222.074539 0.000000 0.000000 -1.000000 223.166046 -64.144531 -222.647278 -0.000000 -0.000000 -1.000000 
-85.155792 106.440796 -213.014313 89.000000 89.000000 88.000000
-57.828377 88.161652 -223.359879 0.000000 0.000000 -1.000000 -80.158180 77.071426 -223.552185 0.000000 0.000000 -1.000000 -98.067047 55.759758 -223.707047 0.000000 0.000000 -1.000000 
-85.655792 16.940796 -213.014313 90.000000 90.000000 88.000000
-98.067047 55.759758 -223.707047 0.000000 0.000000 -1.000000 -107.944412 20.965132 -223.829651 0.000000 0.000000 -1.000000 -163.831787 -1.300338 -223.916870 0.000000 0.000000 -1.000000 -109.706406 -0.298551 -133.215622 -0.000000 -1.000000 -0.000000 
-85.655792 16.940796 -213.014313 90.000000 90.000000 88.000000
-98.067047 55.759758 -223.707047 0.000000 0.000000 -1.000000 -107.944412 20.965132 -223.829651 0.000000 0.000000 -1.000000 -163.831787 -1.300338 -223.916870 0.000000 0.000000 -1.000000 -109.706406 -0.298551 -133.215622 0.000000 1.000000 0.000000 
94.344208 -72.559204 -213.014313 90.000000 89.000000 88.000000
223.166046 -64.144531 -222.647278 -0.000000 -0.000000 -1.000000 
4.344208 -72.559204 -213.014313 90.000000 89.000000 88.000000
1.188724 -80.705017 -199.213135 1.000000 0.000000 0.000000 1.557351 -107.569626 -140.911011 1.000000 0.000000 0.000000 -218.305923 -64.670219 -222.074539 0.000000 0.000000 -1.000000 223.166046 -64.144531 -222.647278 -0.000000 -0.000000 -1.000000 
4.344208 -72.559204 -213.014313 90.000000 89.000000 88.000000
1.188724 -80.705017 -199.213135 1.000000 0.000000 0.000000 1.557351 -107.569626 -140.911011 1.000000 0.000000 0.000000 -218.305923 -64.670219 -222.074539 -0.000000 -0.000000 1.000000 223.166046 -64.144531 -222.647278 -0.000000 -0.000000 -1.000000 
93.844208 106.440796 -213.014313 89.000000 89.000000 88.000000
65.107315 88.307045 -223.237396 -0.000000 -0.000000 -1.000000 87.468506 77.276825 -223.393585 -0.000000 -0.000000 -1.000000 105.427582 56.002899 -223.516052 -0.000000 -0.000000 -1.000000 
94.344208 16.940796 -213.014313 90.000000 90.000000 88.000000
105.427582 56.002899 -223.516052 -0.000000 -0.000000 -1.000000 115.386261 21.226231 -223.618240 -0.000000 -0.000000 -1.000000 171.327560 -0.899688 -223.595490 -0.000000 -0.000000 -1.000000 117.028236 -0.030802 -133.000595 -0.000000 -1.000000 -0.000000 
94.344208 16.940796 -213.014313 90.000000 90.000000 88.000000
105.427582 56.002899 -223.516052 -0.000000 -0.000000 -1.000000 115.386261 21.226231 -223.618240 -0.000000 -0.000000 -1.000000 171.327560 -0.899688 -223.595490 -0.000000 -0.000000 -1.000000 117.028236 -0.030802 -133.000595 0.000000 1.000000 0.000000 
-445.155792 -73.059204 -213.014313 89.000000 88.000000 88.000000
-432.455750 -65.230934 -178.463196 0.000000 -1.000000 0.000000 -396.867554 -34.318958 -224.003387 0.000000 0.000000 -1.000000 -428.447815 -54.354176 -223.975891 0.000000 0.000000 -1.000000 -218.305923 -64.670219 -222.074539 0.000000 0.000000 -1.000000 
-445.155792 -73.059204 -213.014313 89.000000 88.000000 88.000000
-432.455750 -65.230934 -178.463196 -0.000000 1.000000 -0.000000 -396.867554 -34.318958 -224.003387 0.000000 0.000000 -1.000000 -428.447815 -54.354176 -223.975891 0.000000 0.000000 -1.000000 -218.305923 -64.670219 -222.074539 0.000000 0.000000 -1.000000 
-355.655792 -72.559204 -213.014313 90.000000 89.000000 88.000000
-340.342407 -18.078732 -224.005249 0.000000 0.000000 -1.000000 -396.867554 -34.318958 -224.003387 0.000000 0.000000 -1.000000 -218.305923 -64.670219 -222.074539 0.000000 0.000000 -1.000000 
-265.655792 -72.559204 -213.014313 90.000000 89.000000 88.000000
-218.305923 -64.670219 -222.074539 0.000000 0.000000 -1.000000 
-355.155792 16.440796 -213.014313 89.000000 89.000000 88.000000
-340.342407 -18.078732 -224.005249 0.000000 0.000000 -1.000000 -396.867554 -34.318958 -224.003387 0.000000 0.000000 -1.000000 
-265.655792 16.440796 -213.014313 90.000000 89.000000 88.000000
-261.719513 -6.716681 -223.976440 0.000000 0.000000 -1.000000 -340.342407 -18.078732 -224.005249 0.000000 0.000000 -1.000000 
-175.655792 -72.559204 -213.014313 90.000000 89.000000 88.000000
-218.305923 -64.670219 -222.074539 0.000000 0.000000 -1.000000 
-175.655792 16.440796 -213.014313 90.000000 89.000000 88.000000
-163.831787 -1.300338 -223.916870 0.000000 0.000000 -1.000000 
12
4.344208 -73.559204 -33.514313 88.000000 89.000000 89.000000
1.973719 -123.570465 -60.499344 1.000000 0.000000 0.000000 
4.344208 -73.559204 -123.014313 88.000000 89.000000 90.000000
1.557351 -107.569626 -140.911011 1.000000 0.000000 0.000000 1.973719 -123.570465 -60.499344 1.000000 0.000000 0.000000 
4.344208 -162.559204 -123.014313 88.000000 89.000000 90.000000
1.557351 -107.569626 -140.911011 -1.000000 -0.000000 -0.000000 1.973719 -123.570465 -60.499344 -1.000000 -0.000000 -0.000000 
4.344208 -73.559204 -212.514313 88.000000 89.000000 89.000000
1.188724 -80.705017 -199.213135 1.000000 0.000000 0.000000 1.557351 -107.569626 -140.911011 1.000000 0.000000 0.000000 -218.305923 -64.670219 -222.074539 -0.000000 -0.000000 1.000000 223.166046 -64.144531 -221.647278 0.000000 0.000000 1.000000 
4.344208 -73.559204 -212.514313 88.000000 89.000000 89.000000
1.188724 -80.705017 -199.213135 -1.000000 -0.000000 -0.000000 1.557351 -107.569626 -140.911011 -1.000000 -0.000000 -0.000000 -218.305923 -64.670219 -222.074539 -0.000000 -0.000000 1.000000 223.166046 -64.144531 -221.647278 0.000000 0.000000 1.000000 
4.344208 -73.559204 -212.514313 88.000000 89.000000 89.000000
1.188724 -80.705017 -199.213135 -1.000000 -0.000000 -0.000000 1.557351 -107.569626 -140.911011 -1.000000 -0.000000 -0.000000 -218.305923 -64.670219 -222.074539 -0.000000 -0.000000 1.000000 223.166046 -64.144531 -221.647278 -0.000000 -0.000000 -1.000000 
4.344208 -162.559204 -33.514313 88.000000 89.000000 89.000000
1.973719 -123.570465 -60.499344 1.000000 0.000000 0.000000 3.289622 -131.919891 28.885929 1.000000 0.000000 0.000000 
4.344208 -162.559204 -123.014313 88.000000 89.000000 90.000000
1.557351 -107.569626 -140.911011 1.000000 0.000000 0.000000 1.973719 -123.570465 -60.499344 1.000000 0.000000 0.000000 
4.344208 -73.559204 -212.514313 88.000000 89.000000 89.000000
1.188724 -80.705017 -199.213135 1.000000 0.000000 0.000000 1.557351 -107.569626 -140.911011 -1.000000 -0.000000 -0.000000 -218.305923 -64.670219 -222.074539 -0.000000 -0.000000 1.000000 223.166046 -64.144531 -221.647278 0.000000 0.000000 1.000000 
4.344208 -73.559204 -212.514313 88.000000 89.000000 89.000000
1.188724 -80.705017 -199.213135 1.000000 0.000000 0.000000 1.557351 -107.569626 -140.911011 -1.000000 -0.000000 -0.000000 -218.305923 -64.670219 -222.074539 -0.000000 -0.000000 1.000000 223.166046 -64.144531 -221.647278 -0.000000 -0.000000 -1.000000 
4.344208 -162.559204 -212.514313 88.000000 89.000000 89.000000

4.344208 -73.559204 -212.514313 88.000000 89.000000 89.000000
1.188724 -80.705017 -199.213135 1.000000 0.000000 0.000000 1.557351 -107.569626 -140.911011 -1.000000 -0.000000 -0.000000 -218.305923 -64.670219 -222.074539 0.000000 0.000000 -1.000000 223.166046 -64.144531 -221.647278 -0.000000 -0.000000 -1.000000 
3
-85.655792 -73.059204 -212.514313 88.000000 88.000000 89.000000
-218.305923 -64.670219 -221.074539 -0.000000 -0.000000 1.000000 
-85.655792 -73.059204 -123.014313 88.000000 88.000000 90.000000

-85.655792 -73.059204 -33.514313 88.000000 88.000000 89.000000

3
94.344208 -73.059204 -212.514313 88.000000 88.000000 89.000000
223.166046 -64.144531 -220.647278 0.000000 0.000000 1.000000 
94.344208 -73.059204 -123.014313 88.000000 88.000000 90.000000

94.344208 -73.059204 -33.514313 88.000000 88.000000 89.000000

3
-175.655792 -163.059204 -33.514313 88.000000 88.000000 89.000000

-175.655792 -163.059204 -212.514313 88.000000 88.000000 89.000000

-175.655792 -163.059204 -123.014313 88.000000 88.000000 90.000000

3
184.344208 -163.059204 -33.514313 88.000000 88.000000 89.000000

184.344208 -163.059204 -212.514313 88.000000 88.000000 89.000000

184.344208 -163.059204 -123.014313 88.000000 88.000000 90.000000

7
4.844208 106.940796 -32.514313 89.000000 88.000000 89.000000
3.487625 102.156380 -66.328796 1.000000 -0.000000 -0.000000 23.070780 93.428421 -44.045448 0.000000 0.000000 1.000000 60.625824 86.476776 -43.686813 0.000000 0.000000 1.000000 -17.817356 93.382652 -44.085281 -0.000000 -0.000000 1.000000 3.637489 97.723244 -20.539860 1.000000 0.000000 0.000000 3.901208 116.025093 53.804802 1.000000 0.000000 0.000000 
93.844208 106.940796 -32.514313 89.000000 88.000000 89.000000
60.625824 86.476776 -43.686813 0.000000 0.000000 1.000000 90.383629 71.936111 -43.320381 0.000000 0.000000 1.000000 
94.344208 17.440796 56.985687 88.000000 89.000000 88.000000
115.946152 0.920095 53.281807 0.000000 1.000000 0.000000 
4.844208 106.940796 146.485687 89.000000 88.000000 89.000000
4.810449 98.878510 137.411560 1.000000 0.000000 0.000000 24.226320 92.523788 148.814804 0.000000 0.000000 -1.000000 59.948097 84.288116 146.419205 0.000000 0.000000 -1.000000 -16.589743 92.474426 148.779434 -0.000000 -0.000000 -1.000000 -52.518532 84.155014 146.318924 -0.000000 -0.000000 -1.000000 4.433475 118.144714 112.875351 1.000000 0.000000 0.000000 4.887557 82.082512 188.556366 1.000000 0.000000 0.000000 
93.844208 106.940796 146.485687 89.000000 88.000000 89.000000
59.948097 84.288116 146.419205 0.000000 0.000000 -1.000000 86.067474 65.153595 147.119843 0.000000 0.000000 -1.000000 
4.844208 106.940796 56.985687 89.000000 88.000000 90.000000
3.901208 116.025093 53.804802 1.000000 0.000000 0.000000 
93.844208 106.440796 56.985687 89.000000 89.000000 90.000000

7
-445.655792 -163.059204 -33.514313 88.000000 88.000000 89.000000

-266.155792 -163.059204 -123.514313 89.000000 88.000000 89.000000

-266.155792 -163.059204 -212.514313 89.000000 88.000000 89.000000

-355.655792 -163.059204 -123.514313 90.000000 88.000000 89.000000

-355.655792 -163.059204 -212.514313 90.000000 88.000000 89.000000

-445.155792 -163.059204 -212.514313 89.000000 88.000000 89.000000

-445.155792 -163.059204 -123.014313 89.000000 88.000000 90.000000

3
-85.655792 106.940796 -32.514313 88.000000 88.000000 89.000000
-55.049389 86.340118 -43.799454 -0.000000 -0.000000 1.000000 -84.291840 71.723236 -43.487625 -0.000000 -0.000000 1.000000 
-85.655792 17.440796 56.985687 88.000000 89.000000 88.000000
-108.983292 0.654517 53.066967 -0.000000 1.000000 -0.000000 
-85.655792 106.440796 56.485687 88.000000 89.000000 89.000000

16
363.844208 -73.059204 -33.514313 89.000000 88.000000 89.000000
307.881042 -63.959854 -56.225204 0.000000 1.000000 0.000000 357.509644 -63.770309 -81.183891 0.000000 1.000000 0.000000 
364.844208 -73.059204 -123.014313 89.000000 88.000000 90.000000
357.509644 -63.770309 -81.183891 0.000000 1.000000 0.000000 396.200226 -63.551895 -91.847641 0.000000 1.000000 0.000000 
453.844208 -73.059204 -123.514313 89.000000 88.000000 89.000000
396.200226 -63.551895 -91.847641 0.000000 1.000000 0.000000 423.764374 -63.339401 -115.054230 0.000000 1.000000 0.000000 440.018921 -64.186356 -177.624237 0.000000 1.000000 0.000000 
184.344208 -73.059204 -123.014313 88.000000 88.000000 90.000000

184.844208 -73.059204 -33.514313 89.000000 88.000000 89.000000

274.344208 -73.059204 -33.014313 90.000000 88.000000 88.000000
257.677368 -64.149445 29.173372 0.000000 1.000000 0.000000 270.663971 -64.075127 -16.516956 0.000000 1.000000 0.000000 307.881042 -63.959854 -56.225204 0.000000 1.000000 0.000000 
184.344208 -72.559204 -212.514313 88.000000 89.000000 89.000000
223.166046 -64.144531 -221.647278 0.000000 0.000000 1.000000 
453.844208 -72.559204 -212.514313 89.000000 89.000000 89.000000
440.018921 -64.186356 -177.624237 -0.000000 -1.000000 -0.000000 404.439178 -33.363106 -221.233658 0.000000 0.000000 1.000000 436.069763 -53.321957 -221.143738 0.000000 0.000000 1.000000 223.166046 -64.144531 -221.647278 0.000000 0.000000 1.000000 
364.844208 -72.559204 -212.514313 89.000000 89.000000 89.000000
404.439178 -33.363106 -221.233658 0.000000 0.000000 1.000000 223.166046 -64.144531 -221.647278 0.000000 0.000000 1.000000 
453.844208 -72.559204 -212.514313 89.000000 89.000000 89.000000
440.018921 -64.186356 -177.624237 0.000000 1.000000 0.000000 404.439178 -33.363106 -221.233658 0.000000 0.000000 1.000000 436.069763 -53.321957 -221.143738 0.000000 0.000000 1.000000 223.166046 -64.144531 -221.647278 0.000000 0.000000 1.000000 
453.844208 -72.559204 -212.514313 89.000000 89.000000 89.000000
440.018921 -64.186356 -177.624237 0.000000 1.000000 0.000000 404.439178 -33.363106 -221.233658 0.000000 0.000000 1.000000 436.069763 -53.321957 -221.143738 0.000000 0.000000 1.000000 223.166046 -64.144531 -221.647278 -0.000000 -0.000000 -1.000000 
94.844208 16.940796 -213.014313 89.000000 88.000000 88.000000
105.427582 56.002899 -221.516052 0.000000 0.000000 1.000000 115.386261 21.226231 -221.618240 0.000000 0.000000 1.000000 171.327560 -0.899688 -221.595490 0.000000 0.000000 1.000000 117.028236 0.969198 -133.000595 0.000000 1.000000 0.000000 
184.344208 16.440796 -213.014313 90.000000 89.000000 88.000000
171.327560 -0.899688 -221.595490 0.000000 0.000000 1.000000 
453.844208 16.440796 -213.014313 89.000000 89.000000 88.000000
404.439178 -33.363106 -221.233658 0.000000 0.000000 1.000000 
274.344208 16.940796 -213.014313 90.000000 88.000000 88.000000
269.229980 -6.079854 -221.464142 0.000000 0.000000 1.000000 347.879456 -17.260605 -221.341797 0.000000 0.000000 1.000000 
364.344208 16.440796 -213.014313 90.000000 89.000000 88.000000
347.879456 -17.260605 -221.341797 0.000000 0.000000 1.000000 404.439178 -33.363106 -221.233658 0.000000 0.000000 1.000000 
4
94.844208 16.940796 146.985687 89.000000 88.000000 88.000000
86.067474 65.153595 148.119843 0.000000 0.000000 -1.000000 103.428192 40.279686 148.866089 0.000000 0.000000 -1.000000 112.890175 13.416868 149.570206 0.000000 0.000000 -1.000000 115.580864 0.003417 172.685181 0.000000 1.000000 0.000000 123.794815 -12.818864 149.531158 0.000000 0.000000 -1.000000 141.316437 -32.803452 150.848709 0.000000 0.000000 -1.000000 115.946152 -0.079905 53.281807 0.000000 1.000000 0.000000 
184.344208 -72.559204 146.985687 88.000000 89.000000 88.000000
151.524200 -52.855148 151.917511 0.000000 0.000000 -1.000000 184.085205 -64.583847 147.049469 0.000000 1.000000 0.000000 230.294708 -64.389290 122.430794 0.000000 1.000000 0.000000 148.036652 -63.653671 171.309540 -0.000000 1.000000 -0.000000 144.533478 -82.081207 152.653687 0.000000 0.000000 -1.000000 141.316437 -32.803452 150.848709 0.000000 0.000000 -1.000000 
94.844208 16.940796 146.985687 89.000000 88.000000 88.000000
86.067474 65.153595 148.119843 -0.000000 -0.000000 1.000000 103.428192 40.279686 148.866089 -0.000000 -0.000000 1.000000 112.890175 13.416868 149.570206 -0.000000 -0.000000 1.000000 115.580864 0.003417 172.685181 -0.000000 -1.000000 -0.000000 123.794815 -12.818864 149.531158 0.000000 0.000000 -1.000000 141.316437 -32.803452 150.848709 0.000000 0.000000 -1.000000 115.946152 -0.079905 53.281807 -0.000000 -1.000000 -0.000000 
183.844208 16.440796 146.985687 89.000000 89.000000 88.000000
141.316437 -32.803452 150.848709 0.000000 0.000000 -1.000000 
2
-175.155792 -73.059204 146.985687 89.000000 88.000000 88.000000
-144.629272 -53.207367 151.633575 -0.000000 -0.000000 -1.000000 -177.147675 -65.019699 146.703094 -0.000000 1.000000 -0.000000 -223.310272 -64.934235 121.997124 -0.000000 1.000000 -0.000000 -141.144104 -64.000641 171.031342 0.000000 1.000000 0.000000 -138.011749 -82.420181 152.382675 -0.000000 -0.000000 -1.000000 -134.466599 -33.130150 150.582031 -0.000000 -0.000000 -1.000000 
-86.155792 -73.059204 146.985687 89.000000 88.000000 88.000000
-118.533646 -107.167328 152.908005 -0.000000 -0.000000 -1.000000 -85.072739 -122.350418 153.125702 -0.000000 -0.000000 -1.000000 -138.011749 -82.420181 152.382675 -0.000000 -0.000000 -1.000000 -134.466599 -33.130150 150.582031 -0.000000 -0.000000 -1.000000 
2
94.344208 -162.559204 146.985687 88.000000 89.000000 88.000000
90.198944 -122.142487 153.291229 0.000000 0.000000 -1.000000 35.449333 -133.027023 153.163696 0.000000 0.000000 -1.000000 
94.344208 -73.559204 146.985687 88.000000 89.000000 88.000000
124.305275 -106.874619 153.139359 0.000000 0.000000 -1.000000 90.198944 -122.142487 153.291229 0.000000 0.000000 -1.000000 144.533478 -82.081207 152.653687 0.000000 0.000000 -1.000000 141.316437 -32.803452 150.848709 0.000000 0.000000 -1.000000 
4
-85.655792 16.940796 146.985687 88.000000 88.000000 88.000000
-78.892151 64.958122 147.966339 -0.000000 -0.000000 -1.000000 -96.491577 40.039963 148.674652 -0.000000 -0.000000 -1.000000 -106.085999 13.158422 149.359863 -0.000000 -0.000000 -1.000000 -108.847031 0.739788 172.468689 -0.000000 1.000000 -0.000000 -116.987366 -13.102334 150.298096 -0.000000 -0.000000 -1.000000 -134.466599 -33.130150 151.582031 -0.000000 -0.000000 -1.000000 -108.983292 0.654517 53.066967 -0.000000 1.000000 -0.000000 
-85.655792 16.940796 146.985687 88.000000 88.000000 88.000000
-78.892151 64.958122 147.966339 0.000000 0.000000 1.000000 -96.491577 40.039963 148.674652 -0.000000 -0.000000 -1.000000 -106.085999 13.158422 149.359863 -0.000000 -0.000000 -1.000000 -108.847031 0.739788 172.468689 -0.000000 1.000000 -0.000000 -116.987366 -13.102334 150.298096 -0.000000 -0.000000 -1.000000 -134.466599 -33.130150 151.582031 -0.000000 -0.000000 -1.000000 -108.983292 0.654517 53.066967 -0.000000 1.000000 -0.000000 
-85.655792 16.940796 146.985687 88.000000 88.000000 88.000000
-78.892151 64.958122 147.966339 0.000000 0.000000 1.000000 -96.491577 40.039963 148.674652 0.000000 0.000000 1.000000 -106.085999 13.158422 149.359863 0.000000 0.000000 1.000000 -108.847031 0.739788 172.468689 -0.000000 1.000000 -0.000000 -116.987366 -13.102334 150.298096 -0.000000 -0.000000 -1.000000 -134.466599 -33.130150 151.582031 -0.000000 -0.000000 -1.000000 -108.983292 0.654517 53.066967 -0.000000 1.000000 -0.000000 
-85.655792 16.940796 146.985687 88.000000 88.000000 88.000000
-78.892151 64.958122 147.966339 0.000000 0.000000 1.000000 -96.491577 40.039963 148.674652 0.000000 0.000000 1.000000 -106.085999 13.158422 149.359863 0.000000 0.000000 1.000000 -108.847031 0.739788 172.468689 -0.000000 1.000000 -0.000000 -116.987366 -13.102334 150.298096 0.000000 0.000000 1.000000 -134.466599 -33.130150 151.582031 0.000000 0.000000 1.000000 -108.983292 0.654517 53.066967 -0.000000 1.000000 -0.000000 
2
4.344208 106.940796 -212.514313 88.000000 88.000000 89.000000
26.593443 148.205154 -220.954407 -0.000000 -0.000000 1.000000 -21.509029 148.146088 -220.996918 0.000000 0.000000 1.000000 41.957455 92.362022 -221.036057 0.000000 0.000000 1.000000 -34.689003 92.277878 -221.115204 -0.000000 -0.000000 1.000000 29.304634 112.465050 -220.930023 -0.000000 -0.000000 1.000000 -22.808765 112.404869 -220.978760 0.000000 0.000000 1.000000 
4.344208 106.940796 -123.514313 88.000000 88.000000 89.000000
1.487625 102.156380 -66.328796 -1.000000 0.000000 0.000000 1.281043 123.893539 -98.540176 -1.000000 0.000000 0.000000 1.035061 154.959900 -119.032875 -1.000000 0.000000 0.000000 
3
-85.655792 16.940796 -33.014313 88.000000 88.000000 88.000000
-103.818062 49.406433 -43.152420 -0.000000 -0.000000 1.000000 -109.963013 17.959959 -43.765305 -0.000000 -0.000000 1.000000 -109.706406 -0.298551 -133.215622 0.000000 1.000000 0.000000 -108.983292 -0.345483 53.066967 -0.000000 1.000000 -0.000000 
-85.655792 16.940796 -33.014313 88.000000 88.000000 88.000000
-103.818062 49.406433 -43.152420 -0.000000 -0.000000 1.000000 -109.963013 17.959959 -43.765305 0.000000 0.000000 -1.000000 -109.706406 -0.298551 -133.215622 -0.000000 -1.000000 -0.000000 -108.983292 -0.345483 53.066967 0.000000 -1.000000 0.000000 
-85.655792 16.940796 -33.014313 88.000000 88.000000 88.000000
-103.818062 49.406433 -43.152420 -0.000000 -0.000000 1.000000 -109.963013 17.959959 -43.765305 0.000000 0.000000 -1.000000 -109.706406 -0.298551 -133.215622 0.000000 1.000000 0.000000 -108.983292 -0.345483 53.066967 -0.000000 1.000000 -0.000000 
5
-265.155792 -73.059204 -212.514313 89.000000 88.000000 89.000000
-218.305923 -64.670219 -221.074539 -0.000000 -0.000000 1.000000 
-176.155792 -73.059204 -212.514313 89.000000 88.000000 89.000000
-218.305923 -64.670219 -221.074539 -0.000000 -0.000000 1.000000 
-175.655792 -73.059204 -33.514313 88.000000 88.000000 89.000000

-265.155792 -73.059204 -123.514313 89.000000 88.000000 89.000000

-176.155792 -73.059204 -123.014313 89.000000 88.000000 90.000000

3
-85.655792 -163.059204 -33.514313 88.000000 88.000000 89.000000

-85.655792 -163.059204 -212.514313 88.000000 88.000000 89.000000

-85.655792 -163.059204 -123.014313 88.000000 88.000000 90.000000

4
94.344208 16.940796 146.985687 88.000000 88.000000 88.000000
86.067474 65.153595 148.119843 0.000000 0.000000 -1.000000 103.428192 40.279686 148.866089 0.000000 0.000000 -1.000000 112.890175 13.416868 149.570206 0.000000 0.000000 -1.000000 115.580864 0.003417 172.685181 -0.000000 -1.000000 -0.000000 123.794815 -12.818864 150.531158 0.000000 0.000000 -1.000000 141.316437 -32.803452 151.848709 0.000000 0.000000 -1.000000 115.946152 0.920095 53.281807 0.000000 1.000000 0.000000 
94.344208 16.940796 146.985687 88.000000 88.000000 88.000000
86.067474 65.153595 148.119843 -0.000000 -0.000000 1.000000 103.428192 40.279686 148.866089 -0.000000 -0.000000 1.000000 112.890175 13.416868 149.570206 -0.000000 -0.000000 1.000000 115.580864 0.003417 172.685181 0.000000 1.000000 0.000000 123.794815 -12.818864 150.531158 -0.000000 -0.000000 1.000000 141.316437 -32.803452 151.848709 -0.000000 -0.000000 1.000000 115.946152 0.920095 53.281807 0.000000 1.000000 0.000000 
94.344208 16.940796 146.985687 88.000000 88.000000 88.000000
86.067474 65.153595 148.119843 -0.000000 -0.000000 1.000000 103.428192 40.279686 148.866089 -0.000000 -0.000000 1.000000 112.890175 13.416868 149.570206 -0.000000 -0.000000 1.000000 115.580864 0.003417 172.685181 -0.000000 -1.000000 -0.000000 123.794815 -12.818864 150.531158 0.000000 0.000000 -1.000000 141.316437 -32.803452 151.848709 0.000000 0.000000 -1.000000 115.946152 0.920095 53.281807 0.000000 1.000000 0.000000 
94.344208 16.940796 146.985687 88.000000 88.000000 88.000000
86.067474 65.153595 148.119843 -0.000000 -0.000000 1.000000 103.428192 40.279686 148.866089 -0.000000 -0.000000 1.000000 112.890175 13.416868 149.570206 -0.000000 -0.000000 1.000000 115.580864 0.003417 172.685181 0.000000 1.000000 0.000000 123.794815 -12.818864 150.531158 0.000000 0.000000 -1.000000 141.316437 -32.803452 151.848709 0.000000 0.000000 -1.000000 115.946152 0.920095 53.281807 0.000000 1.000000 0.000000 
3
454.344208 -163.059204 -33.514313 88.000000 88.000000 89.000000

454.344208 -163.059204 -212.514313 88.000000 88.000000 89.000000

454.344208 -163.059204 -123.014313 88.000000 88.000000 90.000000

3
94.344208 -163.059204 -33.514313 88.000000 88.000000 89.000000

94.344208 -163.059204 -212.514313 88.000000 88.000000 89.000000

94.344208 -163.059204 -123.014313 88.000000 88.000000 90.000000

4
-445.155792 -73.059204 -212.514313 89.000000 88.000000 89.000000
-432.455750 -66.230934 -178.463196 0.000000 -1.000000 0.000000 -396.867554 -34.318958 -222.003387 -0.000000 -0.000000 1.000000 -428.447815 -54.354176 -221.975891 -0.000000 -0.000000 1.000000 -218.305923 -64.670219 -221.074539 -0.000000 -0.000000 1.000000 
-356.155792 -73.059204 -212.514313 89.000000 88.000000 89.000000
-340.342407 -18.078732 -222.005249 -0.000000 -0.000000 1.000000 -396.867554 -34.318958 -222.003387 -0.000000 -0.000000 1.000000 -218.305923 -64.670219 -221.074539 -0.000000 -0.000000 1.000000 
-445.155792 -73.059204 -123.514313 89.000000 88.000000 89.000000
-416.319458 -66.346901 -115.859222 0.000000 -1.000000 0.000000 -432.455750 -66.230934 -178.463196 0.000000 -1.000000 0.000000 
-356.155792 -73.059204 -123.514313 89.000000 88.000000 89.000000
-350.131989 -66.616684 -81.865723 0.000000 -1.000000 0.000000 -388.798767 -66.488922 -92.602829 0.000000 -1.000000 0.000000 
3
3.844208 106.940796 146.985687 89.000000 88.000000 88.000000
2.810449 98.878510 137.411560 -1.000000 -0.000000 -0.000000 24.226320 92.523788 148.814804 0.000000 0.000000 -1.000000 59.948097 84.288116 147.419205 -0.000000 -0.000000 1.000000 -16.589743 92.474426 148.779434 -0.000000 -0.000000 -1.000000 -52.518532 84.155014 147.318924 0.000000 0.000000 1.000000 2.433475 118.144714 112.875351 -1.000000 -0.000000 -0.000000 2.887557 82.082512 188.556366 -1.000000 -0.000000 -0.000000 
-85.155792 106.940796 146.985687 89.000000 88.000000 88.000000
-52.518532 84.155014 147.318924 -0.000000 -0.000000 -1.000000 -78.892151 64.958122 146.966339 -0.000000 -0.000000 -1.000000 
3.844208 106.940796 146.985687 89.000000 88.000000 88.000000
2.810449 98.878510 137.411560 -1.000000 -0.000000 -0.000000 24.226320 92.523788 148.814804 0.000000 0.000000 -1.000000 59.948097 84.288116 147.419205 0.000000 0.000000 -1.000000 -16.589743 92.474426 148.779434 -0.000000 -0.000000 -1.000000 -52.518532 84.155014 147.318924 -0.000000 -0.000000 -1.000000 2.433475 118.144714 112.875351 -1.000000 -0.000000 -0.000000 2.887557 82.082512 188.556366 -1.000000 -0.000000 -0.000000 
3
4.344208 196.940796 -123.514313 88.000000 88.000000 89.000000
1.035061 154.959900 -119.032875 -1.000000 0.000000 0.000000 0.780637 184.106613 -144.377380 -1.000000 0.000000 0.000000 0.556779 200.076874 -191.151932 -1.000000 0.000000 0.000000 
4.344208 196.940796 -212.514313 88.000000 88.000000 89.000000
0.556779 200.076874 -191.151932 -1.000000 0.000000 0.000000 9.426004 197.628784 -221.981110 0.000000 0.000000 -1.000000 21.305365 178.216248 -221.982315 0.000000 0.000000 -1.000000 26.593443 148.205154 -221.954407 0.000000 0.000000 -1.000000 -6.290103 197.613373 -221.994675 -0.000000 -0.000000 -1.000000 -17.402666 178.172470 -221.017609 0.000000 0.000000 1.000000 -21.509029 148.146088 -221.996918 -0.000000 -0.000000 -1.000000 
4.344208 196.940796 -212.514313 88.000000 88.000000 89.000000
0.556779 200.076874 -191.151932 -1.000000 0.000000 0.000000 9.426004 197.628784 -221.981110 -0.000000 -0.000000 1.000000 21.305365 178.216248 -221.982315 -0.000000 -0.000000 1.000000 26.593443 148.205154 -221.954407 -0.000000 -0.000000 1.000000 -6.290103 197.613373 -221.994675 0.000000 0.000000 1.000000 -17.402666 178.172470 -221.017609 0.000000 0.000000 1.000000 -21.509029 148.146088 -221.996918 0.000000 0.000000 1.000000 
4
-86.155792 16.940796 146.985687 89.000000 88.000000 88.000000
-78.892151 64.958122 147.966339 -0.000000 -0.000000 -1.000000 -96.491577 40.039963 148.674652 -0.000000 -0.000000 -1.000000 -106.085999 13.158422 149.359863 -0.000000 -0.000000 -1.000000 -108.847031 -1.260212 172.468689 0.000000 -1.000000 0.000000 -116.987366 -13.102334 149.298096 -0.000000 -0.000000 -1.000000 -134.466599 -33.130150 150.582031 -0.000000 -0.000000 -1.000000 -108.983292 -1.345483 53.066967 0.000000 -1.000000 0.000000 
-86.155792 16.940796 146.985687 89.000000 88.000000 88.000000
-78.892151 64.958122 147.966339 0.000000 0.000000 1.000000 -96.491577 40.039963 148.674652 -0.000000 -0.000000 -1.000000 -106.085999 13.158422 149.359863 -0.000000 -0.000000 -1.000000 -108.847031 -1.260212 172.468689 0.000000 -1.000000 0.000000 -116.987366 -13.102334 149.298096 -0.000000 -0.000000 -1.000000 -134.466599 -33.130150 150.582031 -0.000000 -0.000000 -1.000000 -108.983292 -1.345483 53.066967 0.000000 -1.000000 0.000000 
-175.155792 16.940796 146.985687 89.000000 88.000000 88.000000
-134.466599 -33.130150 150.582031 -0.000000 -0.000000 -1.000000 
-86.155792 16.940796 146.985687 89.000000 88.000000 88.000000
-78.892151 64.958122 147.966339 0.000000 0.000000 1.000000 -96.491577 40.039963 148.674652 0.000000 0.000000 1.000000 -106.085999 13.158422 149.359863 0.000000 0.000000 1.000000 -108.847031 -1.260212 172.468689 0.000000 -1.000000 0.000000 -116.987366 -13.102334 149.298096 -0.000000 -0.000000 -1.000000 -134.466599 -33.130150 150.582031 -0.000000 -0.000000 -1.000000 -108.983292 -1.345483 53.066967 0.000000 -1.000000 0.000000 
3
-85.655792 16.940796 -33.514313 88.000000 88.000000 89.000000
-103.818062 49.406433 -45.152420 0.000000 0.000000 -1.000000 -109.963013 17.959959 -44.765305 0.000000 0.000000 -1.000000 -109.706406 -1.298551 -133.215622 -0.000000 -1.000000 -0.000000 -108.983292 -1.345483 53.066967 0.000000 -1.000000 0.000000 
-85.655792 16.940796 -212.514313 88.000000 88.000000 89.000000
-98.067047 55.759758 -221.707047 -0.000000 -0.000000 1.000000 -107.944412 20.965132 -221.829651 -0.000000 -0.000000 1.000000 -163.831787 -1.300338 -221.916870 -0.000000 -0.000000 1.000000 -109.706406 -1.298551 -133.215622 -0.000000 -1.000000 -0.000000 
-85.655792 16.940796 -123.014313 88.000000 88.000000 90.000000
-109.706406 -1.298551 -133.215622 -0.000000 -1.000000 -0.000000 
2
94.344208 16.940796 -212.514313 88.000000 88.000000 89.000000
105.427582 56.002899 -221.516052 0.000000 0.000000 1.000000 115.386261 21.226231 -221.618240 0.000000 0.000000 1.000000 171.327560 -0.899688 -221.595490 0.000000 0.000000 1.000000 117.028236 -1.030802 -133.000595 -0.000000 -1.000000 -0.000000 
94.344208 16.940796 -123.514313 88.000000 88.000000 89.000000
117.028236 -1.030802 -133.000595 -0.000000 -1.000000 -0.000000 
4
4.344208 -163.059204 146.985687 88.000000 88.000000 88.000000
35.449333 -133.027023 154.163696 0.000000 0.000000 -1.000000 -30.741484 -133.102676 154.101334 -0.000000 -0.000000 -1.000000 2.349782 -135.818680 114.099030 -1.000000 -0.000000 -0.000000 1.471589 -137.660004 260.037903 -0.000000 -1.000000 -0.000000 
4.344208 -163.059204 146.985687 88.000000 88.000000 88.000000
35.449333 -133.027023 154.163696 0.000000 0.000000 -1.000000 -30.741484 -133.102676 154.101334 -0.000000 -0.000000 -1.000000 2.349782 -135.818680 114.099030 -1.000000 -0.000000 -0.000000 1.471589 -137.660004 260.037903 0.000000 1.000000 0.000000 
4.344208 -163.059204 146.985687 88.000000 88.000000 88.000000
35.449333 -133.027023 154.163696 -0.000000 -0.000000 1.000000 -30.741484 -133.102676 154.101334 0.000000 0.000000 1.000000 2.349782 -135.818680 114.099030 -1.000000 -0.000000 -0.000000 1.471589 -137.660004 260.037903 0.000000 1.000000 0.000000 
4.344208 -163.059204 146.985687 88.000000 88.000000 88.000000
35.449333 -133.027023 154.163696 -0.000000 -0.000000 1.000000 -30.741484 -133.102676 154.101334 0.000000 0.000000 1.000000 2.349782 -135.818680 114.099030 1.000000 0.000000 0.000000 1.471589 -137.660004 260.037903 0.000000 1.000000 0.000000 
3
94.344208 16.940796 -33.014313 88.000000 88.000000 88.000000
110.447723 49.664886 -43.949799 0.000000 0.000000 1.000000 116.978378 18.231546 -43.549789 0.000000 0.000000 1.000000 117.028236 -1.030802 -133.000595 -0.000000 -1.000000 -0.000000 115.946152 -0.079905 53.281807 -0.000000 -1.000000 -0.000000 
94.344208 16.940796 -33.014313 88.000000 88.000000 88.000000
110.447723 49.664886 -43.949799 -0.000000 -0.000000 -1.000000 116.978378 18.231546 -43.549789 -0.000000 -0.000000 -1.000000 117.028236 -1.030802 -133.000595 -0.000000 -1.000000 -0.000000 115.946152 -0.079905 53.281807 -0.000000 -1.000000 -0.000000 
94.344208 16.940796 -33.014313 88.000000 88.000000 88.000000
110.447723 49.664886 -43.949799 -0.000000 -0.000000 -1.000000 116.978378 18.231546 -43.549789 -0.000000 -0.000000 -1.000000 117.028236 -1.030802 -133.000595 -0.000000 -1.000000 -0.000000 115.946152 -0.079905 53.281807 0.000000 1.000000 0.000000 
1
4.344208 -163.059204 -33.014313 88.000000 88.000000 88.000000
0.973719 -123.570465 -60.499344 -1.000000 -0.000000 -0.000000 1.289622 -131.919891 28.885929 -1.000000 -0.000000 -0.000000 
1
4.344208 -73.059204 -123.014313 88.000000 88.000000 88.000000
0.557351 -107.569626 -140.911011 -1.000000 -0.000000 -0.000000 0.973719 -123.570465 -60.499344 -1.000000 -0.000000 -0.000000 
1
4.344208 -73.059204 -33.014313 88.000000 88.000000 88.000000
0.973719 -123.570465 -60.499344 -1.000000 -0.000000 -0.000000 
1
4.344208 106.940796 56.985687 88.000000 88.000000 88.000000
1.901208 116.025093 53.804802 -1.000000 -0.000000 -0.000000 
1
94.344208 16.940796 -33.014313 88.000000 88.000000 88.000000
110.447723 49.664886 -42.949799 0.000000 0.000000 1.000000 116.978378 18.231546 -42.549789 0.000000 0.000000 1.000000 117.028236 0.969198 -133.000595 0.000000 1.000000 0.000000 115.946152 0.920095 53.281807 0.000000 1.000000 0.000000 
1
4.344208 106.940796 -33.014313 88.000000 88.000000 88.000000
1.487625 102.156380 -66.328796 -1.000000 0.000000 0.000000 23.070780 93.428421 -44.045448 0.000000 0.000000 1.000000 60.625824 86.476776 -43.686813 0.000000 0.000000 1.000000 -17.817356 93.382652 -44.085281 -0.000000 -0.000000 1.000000 1.637489 97.723244 -20.539860 -1.000000 -0.000000 -0.000000 1.901208 116.025093 53.804802 -1.000000 -0.000000 -0.000000 
1
4.344208 106.940796 -33.014313 88.000000 88.000000 88.000000
3.487625 102.156380 -66.328796 1.000000 -0.000000 -0.000000 23.070780 93.428421 -46.045448 -0.000000 -0.000000 -1.000000 60.625824 86.476776 -45.686813 -0.000000 -0.000000 -1.000000 -17.817356 93.382652 -46.085281 0.000000 0.000000 -1.000000 3.637489 97.723244 -20.539860 1.000000 0.000000 0.000000 3.901208 116.025093 53.804802 1.000000 0.000000 0.000000 
1
-85.655792 16.940796 -33.014313 88.000000 88.000000 88.000000
-103.818062 49.406433 -43.152420 -0.000000 -0.000000 1.000000 -109.963013 17.959959 -42.765305 -0.000000 -0.000000 1.000000 -109.706406 -1.298551 -133.215622 -0.000000 -1.000000 -0.000000 -108.983292 -1.345483 53.066967 0.000000 -1.000000 0.000000 
1
4.344208 106.940796 -33.014313 88.000000 88.000000 88.000000
1.487625 102.156380 -66.328796 -1.000000 0.000000 0.000000 23.070780 93.428421 -46.045448 -0.000000 -0.000000 -1.000000 60.625824 86.476776 -45.686813 -0.000000 -0.000000 -1.000000 -17.817356 93.382652 -46.085281 0.000000 0.000000 -1.000000 1.637489 97.723244 -20.539860 -1.000000 -0.000000 -0.000000 1.901208 116.025093 53.804802 -1.000000 -0.000000 -0.000000 
1
94.344208 16.940796 146.985687 88.000000 88.000000 88.000000
86.067474 65.153595 147.119843 0.000000 0.000000 -1.000000 103.428192 40.279686 147.866089 0.000000 0.000000 -1.000000 112.890175 13.416868 148.570206 0.000000 0.000000 -1.000000 115.580864 -0.996583 172.685181 -0.000000 -1.000000 -0.000000 123.794815 -12.818864 149.531158 0.000000 0.000000 -1.000000 141.316437 -32.803452 150.848709 0.000000 0.000000 -1.000000 115.946152 -1.079905 53.281807 -0.000000 -1.000000 -0.000000 
1
94.344208 16.940796 146.985687 88.000000 88.000000 88.000000
86.067474 65.153595 149.119843 -0.000000 -0.000000 1.000000 103.428192 40.279686 149.866089 -0.000000 -0.000000 1.000000 112.890175 13.416868 150.570206 -0.000000 -0.000000 1.000000 115.580864 -0.996583 172.685181 -0.000000 -1.000000 -0.000000 123.794815 -12.818864 151.531158 -0.000000 -0.000000 1.000000 141.316437 -32.803452 152.848709 -0.000000 -0.000000 1.000000 115.946152 -1.079905 53.281807 -0.000000 -1.000000 -0.000000 
