45
1.000000 0.000000 0.000000 1
0.000000 0.000000 1.000000 495
-1.000000 0.000000 0.000000 1
0.000000 -1.000000 0.000000 1
0.000000 -1.000000 0.000000 1
0.000000 0.000000 -1.000000 495
0.000000 -1.000000 0.000000 495
0.000000 0.000000 1.000000 70
0.000000 -1.000000 0.000000 495
-1.000000 0.000000 0.000000 495
1.000000 0.000000 0.000000 495
0.000000 1.000000 0.000000 1
-1.000000 0.000000 0.000000 495
0.000000 1.000000 0.000000 495
0.000000 1.000000 0.000000 1
1.000000 0.000000 0.000000 495
0.000000 0.000000 -1.000000 160
0.000000 0.000000 -1.000000 160
1.000000 0.000000 0.000000 1
-1.000000 0.000000 0.000000 495
-1.000000 0.000000 0.000000 1
0.000000 0.000000 1.000000 64
-1.000000 0.000000 0.000000 495
0.000000 1.000000 0.000000 495
1.000000 0.000000 0.000000 495
1.000000 0.000000 0.000000 495
0.000000 -1.000000 0.000000 1
-1.000000 0.000000 0.000000 495
-1.000000 0.000000 0.000000 495
0.000000 -1.000000 0.000000 17
0.000000 -1.000000 0.000000 16
0.000000 -1.000000 0.000000 16
-1.000000 0.000000 0.000000 495
0.000000 -1.000000 0.000000 495
-1.000000 0.000000 0.000000 495
0.000000 0.000000 1.000000 495
-1.000000 0.000000 0.000000 105
-1.000000 0.000000 0.000000 495
-1.000000 0.000000 0.000000 1
0.000000 -1.000000 0.000000 96
0.000000 0.000000 -1.000000 70
0.000000 -1.000000 0.000000 495
0.000000 0.000000 -1.000000 70
0.000000 -1.000000 0.000000 495
0.000000 -1.000000 0.000000 495
44
23
18
1
29
16
15
43
27
11
37
13
38
39
36
42
40
35
41
20
30
33
31
32
3
0
17
4
34
8
7
14
24
9
22
25
10
6
12
2
21
19
28
26
5
