36.600002
40.900002
42.299999
40.600002
30.500000
41.100002
49.799999
49.100002
38.500000
10.500000
5.100000
6.400000
10.200000
16.300001
24.600000
113.000000
37.799999
42.900002
44.900002
44.200001
143.900009
166.000000
143.199997
46.799999
131.900009
64.200005
2.200000
21.200001
32.400002
39.200001
58.100002
130.300003
130.000000
41.400002
141.300003
13.700000
3.400000
176.900009
176.800003
3.300000
132.500000
137.400009
128.900009
137.500000
137.699997
50.700001
60.500000
95.700005
116.700005
126.500000
38.799999
49.000000
49.700001
46.299999
31.200001
116.900002
34.200001
140.600006
140.600006
135.600006
109.000000
111.300003
9.200000
163.400009
35.000000
70.400002
71.099998
92.700005
115.800003
129.600006
165.199997
123.300003
117.300003
19.600000
16.900000
44.100002
39.200001
34.200001
43.400002
43.299999
65.300003
114.400002
113.400002
112.200005
111.099998
115.200005
115.200005
115.099998
116.000000
116.000000
116.000000
116.000000
116.099998
116.000000
115.900002
71.200005
124.800003
165.199997
124.200005
153.500000
37.500000
10.900001
178.300003
25.700001
41.400002
63.000000
117.400002
118.599998
121.000000
126.099998
116.800003
116.700005
116.800003
115.900002
116.000000
116.099998
116.000000
116.000000
116.000000
116.099998
158.800003
68.000000
28.900000
110.400002
93.300003
25.700001
43.600002
48.500000
49.900002
49.900002
30.400000
37.799999
42.100002
136.300003
45.299999
164.199997
178.000000
101.400002
112.500000
36.900002
145.400009
134.400009
131.600006
130.500000
129.900009
42.299999
134.600006
136.199997
136.800003
135.400009
10.600000
141.800003
138.000000
137.199997
139.300003
132.600006
7.500000
10.400001
150.500000
140.500000
26.900000
145.199997
137.500000
134.199997
135.800003
150.400009
76.300003
85.300003
92.300003
102.200005
158.199997
10.700000
169.900009
149.199997
139.100006
38.700001
27.700001
9.400001
173.000000
17.100000
111.000000
71.099998
67.599998
66.599998
70.300003
71.599998
69.599998
70.000000
70.500000
66.500000
66.300003
120.400002
118.000000
118.300003
109.800003
111.700005
112.500000
113.300003
119.200005
115.800003
41.000000
136.400009
129.300003
124.099998
32.700001
70.500000
108.800003
108.300003
108.500000
110.800003
25.300001
151.500000
148.100006
142.699997
135.300003
44.299999
44.600002
40.600002
33.900002
152.500000
60.700001
14.400001
57.700001
60.200001
42.000000
147.900009
121.300003
123.800003
31.200001
60.600002
62.799999
111.900002
161.900009
149.800003
139.300003
133.199997
129.600006
125.900002
117.000000
117.099998
6.900000
127.400002
134.699997
136.400009
45.600002
39.799999
156.600006
179.100006
30.400000
59.600002
156.400009
20.000000
14.100000
3.600000
157.500000
164.699997
35.500000
39.600002
45.600002
49.500000
133.699997
142.600006
148.000000
151.000000
152.300003
114.300003
114.300003
114.400002
114.500000
65.300003
65.500000
65.500000
65.500000
65.599998
114.400002
152.600006
153.100006
153.699997
154.400009
155.300003
126.800003
23.500000
11.200000
178.600006
107.300003
64.200005
114.000000
111.400002
109.099998
110.300003
135.000000
45.100002
42.700001
38.400002
149.800003
64.599998
118.000000
124.800003
157.500000
55.100002
31.200001
177.300003
164.600006
159.300003
156.800003
