143
0.001510 0.000875 0.999998
-0.001746 -0.000003 -0.999998
0.001746 -0.999997 -0.001745
0.001746 -0.999997 -0.001745
-0.999997 -0.001746 -0.001745
0.001746 -0.999997 -0.001745
0.999997 0.001745 -0.001745
-0.001746 0.999997 -0.001745
-0.001746 0.999997 -0.001745
-0.999997 -0.001746 -0.001745
0.001746 -0.999997 -0.001745
-0.001746 0.999997 -0.001745
0.001746 0.000003 0.999998
0.999997 0.001745 -0.001745
0.999997 0.001745 -0.001745
-0.001746 0.999997 -0.001745
-0.999997 -0.001746 -0.001745
-0.999997 -0.001746 -0.001745
0.999997 0.001745 -0.001745
0.999997 0.001745 -0.001745
0.001746 -0.999997 -0.001745
-0.001746 0.999997 -0.001745
-0.999997 -0.001746 -0.001745
0.001746 0.000003 0.999998
0.001746 -0.999997 -0.001745
-0.999997 -0.001746 -0.001745
0.999997 0.001745 -0.001745
-0.001746 0.999997 -0.001745
0.999997 0.001745 -0.001745
0.999997 0.001745 -0.001745
-0.999997 -0.001746 -0.001745
0.001746 -0.999997 -0.001745
-0.999997 -0.001746 -0.001745
-0.999997 -0.001746 -0.001745
-0.001746 0.999997 -0.001745
0.999997 0.001745 -0.001745
0.999997 0.001745 -0.001745
0.999997 0.001745 -0.001745
-0.000870 0.498487 -0.866897
-0.501510 0.865150 -0.001745
-0.999997 -0.001746 -0.001745
0.498487 0.866895 -0.001745
0.001746 0.000003 0.999998
0.999997 0.001745 -0.001745
-0.001746 0.999997 -0.001745
-0.001746 -0.000003 -0.999998
-0.865150 -0.501510 -0.001745
-0.001510 0.865150 0.501511
-0.865150 -0.001510 0.501511
-0.999997 -0.001746 -0.001745
0.999997 0.001745 -0.001745
-0.999997 -0.001746 -0.001745
-0.001746 0.999997 -0.001745
-0.001746 -0.000003 -0.999998
-0.000870 0.498487 -0.866897
0.498487 0.866895 -0.001745
0.865150 0.001510 -0.501511
-0.001510 0.865150 0.501511
-0.865150 -0.001510 -0.501511
-0.001510 0.865150 0.501511
-0.000870 0.498487 -0.866897
0.000870 -0.498487 -0.866897
-0.498487 -0.000870 0.866897
-0.498487 -0.000870 0.866897
-0.999997 -0.001746 -0.001745
-0.000870 0.498487 -0.866897
-0.999997 -0.001746 -0.001745
-0.865150 -0.001510 -0.501511
-0.001746 -0.000003 -0.999998
0.865150 0.001510 0.501511
-0.865150 -0.001510 0.501511
0.498487 0.000870 -0.866897
0.001746 -0.999997 -0.001745
-0.999997 -0.001746 -0.001745
0.001746 -0.999997 -0.001745
-0.498487 -0.866896 -0.001745
0.001746 -0.999997 -0.001745
0.001746 -0.999997 -0.001745
0.999997 0.001745 -0.001745
0.001746 -0.999997 -0.001745
-0.501510 0.865150 -0.001745
-0.498487 -0.000870 -0.866897
-0.000870 0.498487 0.866897
0.999997 0.001745 -0.001745
0.865150 0.001510 -0.501511
-0.498487 -0.000870 0.866897
0.001746 -0.999997 -0.001745
0.001510 -0.865150 0.501511
0.748487 0.433883 -0.501511
-0.501510 0.865150 -0.001745
0.001510 -0.865150 -0.501511
-0.748487 -0.433883 0.501511
0.498487 0.866895 -0.001745
0.001510 -0.865150 -0.501511
-0.866896 0.498487 -0.001745
-0.001746 0.999997 -0.001745
0.001746 0.000003 0.999998
-0.001746 0.999997 -0.001745
0.748487 0.433883 -0.501511
-0.865150 -0.001510 0.501511
-0.498487 -0.000870 0.866897
0.865150 0.501510 -0.001745
-0.001746 0.999997 -0.001745
0.433883 -0.748487 0.501511
0.498487 0.000870 0.866897
0.865150 0.501510 -0.001745
0.001746 -0.999997 -0.001745
-0.001746 0.999997 -0.001745
0.999997 0.001745 -0.001745
0.498487 0.000870 -0.866897
-0.498487 -0.866896 -0.001745
-0.001746 0.999997 -0.001745
0.001510 -0.865150 0.501511
0.431267 0.749997 -0.501511
0.001510 -0.865150 0.501511
0.999997 0.001745 -0.001745
-0.249997 0.431267 -0.866897
-0.748487 -0.433883 -0.501511
0.999997 0.001745 -0.001745
0.001746 -0.999997 -0.001745
0.498487 0.000870 0.866897
0.498487 0.000870 -0.866897
0.865150 0.501510 -0.001745
0.999997 0.001745 -0.001745
-0.001746 0.999997 -0.001745
0.001746 -0.999997 -0.001745
0.865150 0.001510 -0.501511
0.001510 -0.865150 -0.501511
-0.431267 -0.749997 -0.501511
0.749997 -0.431267 0.501511
-0.865150 -0.001510 0.501511
0.431267 0.749997 -0.501511
-0.748487 -0.433883 -0.501511
-0.749997 0.431267 -0.501511
0.749997 -0.431267 0.501511
0.999997 0.001745 -0.001745
-0.865150 -0.501510 -0.001745
-0.501510 0.865150 -0.001745
0.999997 0.001745 -0.001745
-0.866896 0.498487 -0.001745
0.001746 -0.999997 -0.001745
0.001746 -0.999997 -0.001745
0 0 0
