252
1 147
1 38
2 38
2 37
3 37
3 36
5 140
5 127
6 127
6 139
7 139
7 138
9 0
9 126
11 137
11 136
13 11
13 12
14 12
14 13
15 13
15 14
16 14
16 15
19 101
19 100
20 102
20 101
21 103
21 102
22 104
22 103
25 120
25 121
26 119
26 120
27 118
27 119
28 117
28 118
30 98
30 99
31 97
31 98
32 96
32 97
33 95
33 96
34 1
34 2
35 2
35 3
36 3
36 4
37 4
37 5
39 145
39 146
40 146
40 24
42 141
42 57
43 57
43 58
44 58
44 59
45 152
45 39
46 39
46 153
48 130
48 131
50 132
50 105
51 105
51 134
52 149
52 70
53 70
53 154
54 29
54 28
55 28
55 27
56 27
56 26
57 26
57 25
60 17
60 16
61 18
61 17
62 19
62 18
63 123
63 19
66 68
66 69
67 67
67 68
68 66
68 67
69 65
69 66
70 64
70 65
71 63
71 64
72 62
72 63
73 61
73 62
74 60
74 61
75 110
75 109
76 109
76 108
77 108
77 107
78 107
78 106
79 156
79 157
80 157
80 158
81 158
81 125
82 75
82 74
83 74
83 73
84 73
84 72
85 72
85 71
86 51
86 50
87 50
87 49
88 49
88 48
89 48
89 47
90 43
90 162
91 42
91 43
92 41
92 42
93 6
93 7
94 7
94 8
95 8
95 9
96 9
96 10
98 143
98 144
99 144
99 30
101 142
101 76
102 76
102 77
103 77
103 78
104 151
104 40
105 40
105 150
107 128
107 129
109 133
109 111
110 111
110 135
111 148
111 89
112 89
112 155
113 35
113 34
114 34
114 33
115 33
115 32
116 32
116 31
119 21
119 20
120 22
120 21
121 23
121 22
122 122
122 23
125 87
125 88
126 86
126 87
127 85
127 86
128 84
128 85
129 83
129 84
130 82
130 83
131 81
131 82
132 80
132 81
133 79
133 80
134 116
134 115
135 115
135 114
136 114
136 113
137 113
137 112
138 161
138 160
139 160
139 159
140 159
140 124
141 94
141 93
142 93
142 92
143 92
143 91
144 91
144 90
145 56
145 55
146 55
146 54
147 54
147 53
148 53
148 52
149 46
149 163
150 45
150 46
151 44
151 45
