23
129
-357.655792 -74.084198 -138.514313 88.000000 89.000000 89.000000
-388.803009 -65.484329 -92.602844 -0.000000 1.000000 -0.000000 -416.320618 -64.340965 -115.859314 -0.000000 1.000000 -0.000000 
-88.155792 105.915802 -48.514313 89.000000 89.000000 89.000000
-55.045616 86.341331 -43.795891 -0.000000 -0.000000 1.000000 -84.289810 71.725830 -43.487000 -0.000000 -0.000000 1.000000 -103.817139 49.406319 -43.156227 -0.000000 -0.000000 1.000000 
-268.155792 -74.084198 -48.514313 89.000000 89.000000 89.000000
-263.409546 -64.717758 -17.034792 -0.000000 1.000000 -0.000000 -300.550171 -64.689697 -56.810993 -0.000000 1.000000 -0.000000 
-357.655792 -74.084198 -49.014313 90.000000 89.000000 90.000000
-300.550171 -64.689697 -56.810993 -0.000000 1.000000 -0.000000 -350.133301 -64.615807 -81.862648 -0.000000 1.000000 -0.000000 -388.803009 -65.484329 -92.602844 0.000000 -1.000000 0.000000 
-357.655792 -74.084198 -49.014313 90.000000 89.000000 90.000000
-300.550171 -64.689697 -56.810993 -0.000000 1.000000 -0.000000 -350.133301 -64.615807 -81.862648 -0.000000 1.000000 -0.000000 -388.803009 -65.484329 -92.602844 -0.000000 1.000000 -0.000000 
-447.155792 -74.084198 -48.514313 89.000000 89.000000 89.000000

-178.155792 15.915802 -228.514313 89.000000 89.000000 89.000000
-163.825226 -1.301202 -221.918091 -0.000000 -0.000000 1.000000 -261.713562 -6.714709 -221.972748 -0.000000 -0.000000 1.000000 
-178.155792 15.915802 -139.014313 89.000000 89.000000 90.000000

-178.155792 15.915802 -49.014313 89.000000 89.000000 90.000000

-267.655792 15.915802 -228.514313 90.000000 89.000000 89.000000
-261.713562 -6.714709 -221.972748 -0.000000 -0.000000 1.000000 -340.337769 -18.079384 -221.999374 -0.000000 -0.000000 1.000000 
-267.655792 15.915802 -139.014313 90.000000 89.000000 90.000000

-267.655792 15.415802 -49.014313 90.000000 90.000000 90.000000

-357.655792 15.915802 -228.514313 90.000000 89.000000 89.000000
-340.337769 -18.079384 -221.999374 -0.000000 -0.000000 1.000000 -396.862244 -34.316822 -222.002075 -0.000000 -0.000000 1.000000 
-357.655792 15.415802 -139.014313 90.000000 90.000000 90.000000

-357.655792 15.415802 -49.014313 90.000000 90.000000 90.000000

-88.155792 105.915802 40.485687 89.000000 89.000000 89.000000

-87.655792 194.915802 40.485687 90.000000 89.000000 89.000000

-268.155792 -74.084198 40.485687 89.000000 89.000000 89.000000
-242.457413 -64.844101 78.844681 -0.000000 1.000000 -0.000000 -250.514313 -64.764404 28.686586 -0.000000 1.000000 -0.000000 -263.409546 -64.717758 -17.034792 -0.000000 1.000000 -0.000000 
-357.655792 -74.084198 40.485687 90.000000 89.000000 89.000000

-447.155792 -74.084198 40.485687 89.000000 89.000000 89.000000

-178.155792 15.915802 40.485687 89.000000 89.000000 89.000000

-177.655792 105.415802 40.485687 90.000000 90.000000 89.000000

-177.655792 194.915802 40.485687 90.000000 89.000000 89.000000

-267.655792 15.415802 40.485687 90.000000 90.000000 89.000000

-267.655792 105.415802 40.485687 90.000000 90.000000 89.000000

-267.655792 194.915802 40.485687 90.000000 89.000000 89.000000

-357.655792 15.415802 40.485687 90.000000 90.000000 89.000000

-447.155792 15.415802 40.485687 89.000000 90.000000 89.000000

-357.655792 105.415802 40.485687 90.000000 90.000000 89.000000

-357.655792 194.915802 40.485687 90.000000 89.000000 89.000000

-447.155792 105.415802 40.485687 89.000000 90.000000 89.000000

-447.155792 194.915802 40.485687 89.000000 89.000000 89.000000

-87.655792 194.915802 -49.014313 90.000000 89.000000 90.000000

-87.655792 195.415802 -139.014313 90.000000 88.000000 90.000000

-88.155792 195.415802 -228.514313 89.000000 88.000000 89.000000

-177.655792 105.415802 -49.014313 90.000000 90.000000 90.000000

-177.655792 194.915802 -49.014313 90.000000 89.000000 90.000000

-178.155792 105.415802 -139.014313 89.000000 90.000000 90.000000

-177.655792 194.915802 -139.014313 90.000000 89.000000 90.000000

-178.155792 105.415802 -228.514313 89.000000 90.000000 89.000000

-177.655792 194.915802 -228.514313 90.000000 89.000000 89.000000

-267.655792 105.415802 -49.014313 90.000000 90.000000 90.000000

-267.655792 194.915802 -49.014313 90.000000 89.000000 90.000000

-267.655792 105.415802 -139.014313 90.000000 90.000000 90.000000

-267.655792 194.915802 -139.014313 90.000000 89.000000 90.000000

-267.655792 105.415802 -228.514313 90.000000 90.000000 89.000000

-267.655792 194.915802 -228.514313 90.000000 89.000000 89.000000

-357.655792 105.415802 -49.014313 90.000000 90.000000 90.000000

-357.655792 194.915802 -49.014313 90.000000 89.000000 90.000000

-357.655792 105.415802 -139.014313 90.000000 90.000000 90.000000

-357.655792 194.915802 -139.014313 90.000000 89.000000 90.000000

-357.655792 105.415802 -228.514313 90.000000 90.000000 89.000000

-357.655792 194.915802 -228.514313 90.000000 89.000000 89.000000

-447.155792 15.415802 -49.014313 89.000000 90.000000 90.000000

-447.155792 15.915802 -139.014313 89.000000 89.000000 90.000000

-447.155792 15.915802 -228.514313 89.000000 89.000000 89.000000

-447.155792 105.415802 -49.014313 89.000000 90.000000 90.000000

-447.155792 194.915802 -49.014313 89.000000 89.000000 90.000000

-447.155792 105.415802 -139.014313 89.000000 90.000000 90.000000

-447.155792 105.415802 -228.514313 89.000000 90.000000 89.000000

-447.155792 194.915802 -228.514313 89.000000 89.000000 89.000000

-447.155792 194.915802 -139.014313 89.000000 89.000000 90.000000

182.344208 -74.084198 -228.514313 88.000000 89.000000 89.000000
223.167984 -64.141678 -220.644089 0.000000 0.000000 1.000000 
182.344208 -74.084198 -139.014313 88.000000 89.000000 90.000000

182.844208 -74.084198 -49.014313 89.000000 89.000000 90.000000

182.844208 -74.084198 40.485687 89.000000 89.000000 89.000000

272.344208 -74.084198 -48.514313 90.000000 89.000000 89.000000
270.663391 -64.073662 -16.522221 0.000000 1.000000 0.000000 307.878113 -63.961151 -56.225723 0.000000 1.000000 0.000000 
271.844208 -74.084198 40.485687 89.000000 89.000000 89.000000
249.527527 -64.254082 79.315628 0.000000 1.000000 0.000000 257.682190 -64.152863 29.172529 0.000000 1.000000 0.000000 270.663391 -64.073662 -16.522221 0.000000 1.000000 0.000000 
182.844208 15.415802 -228.514313 89.000000 90.000000 89.000000
171.324432 -0.902226 -221.593536 0.000000 0.000000 1.000000 
272.344208 15.915802 -228.514313 90.000000 89.000000 89.000000
269.222961 -6.082201 -221.464142 0.000000 0.000000 1.000000 
362.344208 15.915802 -228.514313 90.000000 89.000000 89.000000
347.877777 -17.257286 -221.342041 0.000000 0.000000 1.000000 404.441101 -33.360466 -221.230530 0.000000 0.000000 1.000000 
92.844208 105.915802 -48.514313 89.000000 89.000000 89.000000
60.622246 86.475632 -43.684738 0.000000 0.000000 1.000000 90.381149 71.932091 -43.321556 0.000000 0.000000 1.000000 110.444481 49.660233 -43.950974 -0.000000 -0.000000 -1.000000 
92.844208 105.915802 -48.514313 89.000000 89.000000 89.000000
60.622246 86.475632 -43.684738 0.000000 0.000000 1.000000 90.381149 71.932091 -43.321556 0.000000 0.000000 1.000000 110.444481 49.660233 -43.950974 0.000000 0.000000 1.000000 
451.844208 15.915802 -228.514313 89.000000 89.000000 89.000000
404.441101 -33.360466 -221.230530 0.000000 0.000000 1.000000 
182.844208 15.415802 -139.014313 89.000000 90.000000 90.000000

272.344208 15.915802 -139.014313 90.000000 89.000000 90.000000

362.344208 15.915802 -139.014313 90.000000 89.000000 90.000000

451.844208 15.915802 -139.014313 89.000000 89.000000 90.000000

182.844208 15.415802 -49.014313 89.000000 90.000000 90.000000

272.344208 15.415802 -49.014313 90.000000 90.000000 90.000000

362.344208 15.415802 -49.014313 90.000000 90.000000 90.000000

451.844208 15.415802 -49.014313 89.000000 90.000000 90.000000

2.344208 195.415802 -49.014313 90.000000 88.000000 90.000000

2.344208 195.415802 40.485687 90.000000 88.000000 89.000000

92.844208 105.915802 40.485687 89.000000 89.000000 89.000000

92.344208 194.915802 40.485687 90.000000 89.000000 89.000000

182.844208 15.415802 40.485687 89.000000 90.000000 89.000000

182.344208 105.415802 40.485687 90.000000 90.000000 89.000000

182.344208 194.915802 40.485687 90.000000 89.000000 89.000000

272.344208 15.415802 40.485687 90.000000 90.000000 89.000000

272.344208 105.415802 40.485687 90.000000 90.000000 89.000000

272.344208 194.915802 40.485687 90.000000 89.000000 89.000000

362.344208 15.915802 40.485687 90.000000 89.000000 89.000000

451.844208 15.915802 40.485687 89.000000 89.000000 89.000000

362.344208 105.415802 40.485687 90.000000 90.000000 89.000000

362.344208 194.915802 40.485687 90.000000 89.000000 89.000000

451.844208 105.415802 40.485687 89.000000 90.000000 89.000000

451.844208 194.915802 40.485687 89.000000 89.000000 89.000000

92.344208 194.915802 -49.014313 90.000000 89.000000 90.000000

92.344208 195.415802 -139.014313 90.000000 88.000000 90.000000

92.844208 195.415802 -228.514313 89.000000 88.000000 89.000000

182.344208 105.415802 -49.014313 90.000000 90.000000 90.000000

182.344208 194.915802 -49.014313 90.000000 89.000000 90.000000

182.844208 105.415802 -139.014313 89.000000 90.000000 90.000000

182.344208 194.915802 -139.014313 90.000000 89.000000 90.000000

182.844208 105.415802 -228.514313 89.000000 90.000000 89.000000

182.344208 194.915802 -228.514313 90.000000 89.000000 89.000000

272.344208 105.415802 -49.014313 90.000000 90.000000 90.000000

272.344208 194.915802 -49.014313 90.000000 89.000000 90.000000

272.344208 105.415802 -139.014313 90.000000 90.000000 90.000000

272.344208 194.915802 -139.014313 90.000000 89.000000 90.000000

272.344208 105.415802 -228.514313 90.000000 90.000000 89.000000

272.344208 194.915802 -228.514313 90.000000 89.000000 89.000000

362.344208 105.415802 -49.014313 90.000000 90.000000 90.000000

362.344208 194.915802 -49.014313 90.000000 89.000000 90.000000

362.344208 105.415802 -139.014313 90.000000 90.000000 90.000000

362.344208 194.915802 -139.014313 90.000000 89.000000 90.000000

362.344208 105.415802 -228.514313 90.000000 90.000000 89.000000

362.344208 194.915802 -228.514313 90.000000 89.000000 89.000000

451.844208 105.415802 -49.014313 89.000000 90.000000 90.000000

451.844208 194.915802 -49.014313 89.000000 89.000000 90.000000

451.844208 105.415802 -139.014313 89.000000 90.000000 90.000000

451.844208 194.915802 -139.014313 89.000000 89.000000 90.000000

451.844208 105.415802 -228.514313 89.000000 90.000000 89.000000

451.844208 194.915802 -228.514313 89.000000 89.000000 89.000000

362.344208 -74.084198 -49.014313 90.000000 89.000000 88.000000
307.878113 -63.961151 -56.225723 0.000000 1.000000 0.000000 357.510986 -63.773796 -81.181770 0.000000 1.000000 0.000000 396.199402 -63.548157 -91.847580 0.000000 1.000000 0.000000 
451.844208 -74.084198 -49.014313 89.000000 89.000000 88.000000
396.199402 -63.548157 -91.847580 0.000000 1.000000 0.000000 
2.344208 105.915802 -139.014313 88.000000 89.000000 88.000000
3.282308 123.895790 -98.536453 1.000000 -0.000000 -0.000000 3.033058 154.961929 -119.029404 1.000000 -0.000000 -0.000000 
2.344208 194.915802 -138.514313 90.000000 89.000000 89.000000
3.033058 154.961929 -119.029404 1.000000 -0.000000 -0.000000 2.782668 184.106689 -144.377304 1.000000 -0.000000 -0.000000 2.559767 200.081818 -191.153046 1.000000 -0.000000 -0.000000 
37
362.344208 14.915802 -229.014313 90.000000 89.000000 88.000000
347.877777 -17.257286 -223.342041 -0.000000 -0.000000 -1.000000 404.441101 -33.360466 -222.230530 -0.000000 -0.000000 -1.000000 
451.844208 14.915802 -229.014313 89.000000 89.000000 88.000000
404.441101 -33.360466 -222.230530 -0.000000 -0.000000 -1.000000 
182.344208 14.915802 -229.014313 90.000000 89.000000 88.000000
171.324432 -0.902226 -223.593536 -0.000000 -0.000000 -1.000000 
272.344208 14.915802 -229.014313 90.000000 89.000000 88.000000
269.222961 -6.082201 -223.464142 -0.000000 -0.000000 -1.000000 
362.344208 -74.084198 -229.014313 90.000000 89.000000 88.000000
404.441101 -33.360466 -222.230530 -0.000000 -0.000000 -1.000000 223.167984 -64.141678 -222.644089 -0.000000 -0.000000 -1.000000 
451.844208 -74.084198 -229.014313 89.000000 89.000000 88.000000
440.021545 -64.188019 -177.624603 0.000000 1.000000 0.000000 404.441101 -33.360466 -222.230530 -0.000000 -0.000000 -1.000000 436.071259 -53.319889 -222.141785 -0.000000 -0.000000 -1.000000 223.167984 -64.141678 -222.644089 -0.000000 -0.000000 -1.000000 
451.844208 -74.084198 -229.014313 89.000000 89.000000 88.000000
440.021545 -64.188019 -177.624603 -0.000000 -1.000000 -0.000000 404.441101 -33.360466 -222.230530 -0.000000 -0.000000 -1.000000 436.071259 -53.319889 -222.141785 -0.000000 -0.000000 -1.000000 223.167984 -64.141678 -222.644089 -0.000000 -0.000000 -1.000000 
451.844208 -74.084198 -229.014313 89.000000 89.000000 88.000000
440.021545 -64.188019 -177.624603 -0.000000 -1.000000 -0.000000 404.441101 -33.360466 -222.230530 0.000000 0.000000 1.000000 436.071259 -53.319889 -222.141785 0.000000 0.000000 1.000000 223.167984 -64.141678 -222.644089 -0.000000 -0.000000 -1.000000 
182.344208 -74.084198 -229.014313 90.000000 89.000000 88.000000
223.167984 -64.141678 -222.644089 -0.000000 -0.000000 -1.000000 
272.344208 -74.084198 -229.014313 90.000000 89.000000 88.000000
223.167984 -64.141678 -222.644089 -0.000000 -0.000000 -1.000000 
-357.155792 14.915802 -229.014313 89.000000 89.000000 88.000000
-340.337769 -18.079384 -223.999374 0.000000 0.000000 -1.000000 -396.862244 -34.316822 -224.002075 0.000000 0.000000 -1.000000 
-267.655792 14.915802 -229.014313 90.000000 89.000000 88.000000
-261.713562 -6.714709 -223.972748 0.000000 0.000000 -1.000000 -340.337769 -18.079384 -223.999374 0.000000 0.000000 -1.000000 
-447.155792 -74.584198 -229.014313 89.000000 88.000000 88.000000
-432.458099 -65.228043 -178.463394 0.000000 -1.000000 0.000000 -396.862244 -34.316822 -224.002075 0.000000 0.000000 -1.000000 -428.449615 -54.352455 -223.976730 0.000000 0.000000 -1.000000 -218.308701 -64.667801 -222.070984 0.000000 0.000000 -1.000000 
-447.155792 -74.584198 -229.014313 89.000000 88.000000 88.000000
-432.458099 -65.228043 -178.463394 -0.000000 1.000000 -0.000000 -396.862244 -34.316822 -224.002075 0.000000 0.000000 -1.000000 -428.449615 -54.352455 -223.976730 0.000000 0.000000 -1.000000 -218.308701 -64.667801 -222.070984 0.000000 0.000000 -1.000000 
-357.655792 -74.084198 -229.014313 90.000000 89.000000 88.000000
-396.862244 -34.316822 -224.002075 0.000000 0.000000 -1.000000 -218.308701 -64.667801 -222.070984 0.000000 0.000000 -1.000000 
-267.655792 -74.084198 -229.014313 90.000000 89.000000 88.000000
-218.308701 -64.667801 -222.070984 0.000000 0.000000 -1.000000 
2.344208 15.415802 -49.014313 88.000000 88.000000 90.000000

2.344208 15.415802 40.485687 88.000000 88.000000 89.000000

2.344208 15.415802 -228.514313 90.000000 90.000000 89.000000

2.344208 15.415802 -139.014313 88.000000 88.000000 90.000000

91.844208 104.915802 -229.014313 89.000000 89.000000 88.000000
41.960564 92.364944 -222.038910 -0.000000 -0.000000 -1.000000 65.110420 88.308167 -223.240601 -0.000000 -0.000000 -1.000000 87.465553 77.274734 -223.394867 -0.000000 -0.000000 -1.000000 105.427887 56.002876 -223.514618 -0.000000 -0.000000 -1.000000 
92.344208 15.415802 -229.014313 90.000000 90.000000 88.000000
105.427887 56.002876 -223.514618 -0.000000 -0.000000 -1.000000 115.389526 21.229366 -223.614441 -0.000000 -0.000000 -1.000000 171.324432 -0.902226 -223.593536 -0.000000 -0.000000 -1.000000 117.033295 -0.029583 -132.996429 -0.000000 -1.000000 -0.000000 
92.344208 15.415802 -229.014313 90.000000 90.000000 88.000000
105.427887 56.002876 -223.514618 -0.000000 -0.000000 -1.000000 115.389526 21.229366 -223.614441 -0.000000 -0.000000 -1.000000 171.324432 -0.902226 -223.593536 -0.000000 -0.000000 -1.000000 117.033295 -0.029583 -132.996429 0.000000 1.000000 0.000000 
2.344208 105.415802 -229.014313 90.000000 90.000000 88.000000
26.594700 148.202209 -222.953079 0.000000 0.000000 -1.000000 -21.510212 148.144257 -222.995880 -0.000000 -0.000000 -1.000000 41.960564 92.364944 -222.038910 -0.000000 -0.000000 -1.000000 -34.691563 92.270630 -222.113403 0.000000 0.000000 -1.000000 29.304852 112.464127 -222.928619 0.000000 0.000000 -1.000000 -22.809269 112.399452 -222.980865 -0.000000 -0.000000 -1.000000 
2.344208 105.415802 -229.014313 90.000000 90.000000 88.000000
26.594700 148.202209 -222.953079 0.000000 0.000000 -1.000000 -21.510212 148.144257 -222.995880 -0.000000 -0.000000 -1.000000 41.960564 92.364944 -222.038910 0.000000 0.000000 1.000000 -34.691563 92.270630 -222.113403 -0.000000 -0.000000 1.000000 29.304852 112.464127 -222.928619 0.000000 0.000000 -1.000000 -22.809269 112.399452 -222.980865 -0.000000 -0.000000 -1.000000 
2.344208 194.915802 -229.014313 88.000000 89.000000 88.000000
1.559767 200.081818 -191.153046 -1.000000 0.000000 0.000000 9.428733 197.633362 -222.981171 0.000000 0.000000 -1.000000 21.307316 178.215439 -222.981720 0.000000 0.000000 -1.000000 26.594700 148.202209 -222.953079 0.000000 0.000000 -1.000000 -6.287714 197.613190 -222.993591 -0.000000 -0.000000 -1.000000 -17.403646 178.168350 -223.011978 -0.000000 -0.000000 -1.000000 -21.510212 148.144257 -222.995880 -0.000000 -0.000000 -1.000000 
2.344208 194.915802 -229.014313 88.000000 89.000000 88.000000
1.559767 200.081818 -191.153046 1.000000 -0.000000 -0.000000 9.428733 197.633362 -222.981171 0.000000 0.000000 -1.000000 21.307316 178.215439 -222.981720 0.000000 0.000000 -1.000000 26.594700 148.202209 -222.953079 0.000000 0.000000 -1.000000 -6.287714 197.613190 -222.993591 -0.000000 -0.000000 -1.000000 -17.403646 178.168350 -223.011978 -0.000000 -0.000000 -1.000000 -21.510212 148.144257 -222.995880 -0.000000 -0.000000 -1.000000 
-177.655792 14.915802 -229.014313 90.000000 89.000000 88.000000
-163.825226 -1.301202 -223.918091 0.000000 0.000000 -1.000000 -261.713562 -6.714709 -223.972748 0.000000 0.000000 -1.000000 
-87.155792 104.915802 -229.014313 89.000000 89.000000 88.000000
-57.826591 88.159813 -223.355133 0.000000 0.000000 -1.000000 -80.154091 77.072304 -223.549408 0.000000 0.000000 -1.000000 -98.063789 55.759132 -223.707581 0.000000 0.000000 -1.000000 
-87.655792 15.415802 -229.014313 90.000000 90.000000 88.000000
-98.063789 55.759132 -223.707581 0.000000 0.000000 -1.000000 -107.940643 20.961723 -223.829941 0.000000 0.000000 -1.000000 -163.825226 -1.301202 -223.918091 0.000000 0.000000 -1.000000 -109.708237 -0.299084 -133.214020 -0.000000 -1.000000 -0.000000 
-87.655792 15.415802 -229.014313 90.000000 90.000000 88.000000
-98.063789 55.759132 -223.707581 0.000000 0.000000 -1.000000 -107.940643 20.961723 -223.829941 0.000000 0.000000 -1.000000 -163.825226 -1.301202 -223.918091 0.000000 0.000000 -1.000000 -109.708237 -0.299084 -133.214020 0.000000 1.000000 0.000000 
-177.655792 -74.084198 -229.014313 90.000000 89.000000 88.000000
-218.308701 -64.667801 -222.070984 0.000000 0.000000 -1.000000 
-87.655792 -74.084198 -229.014313 90.000000 89.000000 88.000000
-218.308701 -64.667801 -222.070984 0.000000 0.000000 -1.000000 
92.344208 -74.084198 -229.014313 90.000000 89.000000 88.000000
223.167984 -64.141678 -222.644089 -0.000000 -0.000000 -1.000000 
2.344208 -74.084198 -229.014313 90.000000 89.000000 88.000000
1.187220 -80.700897 -199.204834 -1.000000 -0.000000 -0.000000 -218.308701 -64.667801 -222.070984 0.000000 0.000000 -1.000000 223.167984 -64.141678 -222.644089 -0.000000 -0.000000 -1.000000 
2.344208 -74.084198 -229.014313 90.000000 89.000000 88.000000
1.187220 -80.700897 -199.204834 1.000000 0.000000 0.000000 -218.308701 -64.667801 -222.070984 0.000000 0.000000 -1.000000 223.167984 -64.141678 -222.644089 -0.000000 -0.000000 -1.000000 
2.344208 -74.084198 -229.014313 90.000000 89.000000 88.000000
1.187220 -80.700897 -199.204834 1.000000 0.000000 0.000000 -218.308701 -64.667801 -222.070984 -0.000000 -0.000000 1.000000 223.167984 -64.141678 -222.644089 -0.000000 -0.000000 -1.000000 
13
92.344208 -74.584198 -228.514313 88.000000 88.000000 89.000000
223.167984 -64.141678 -220.644089 0.000000 0.000000 1.000000 
92.344208 -74.584198 -139.014313 88.000000 88.000000 90.000000

92.344208 -74.584198 -49.014313 88.000000 88.000000 90.000000

2.344208 -74.584198 40.985687 90.000000 88.000000 88.000000

91.844208 -74.584198 40.485687 89.000000 88.000000 89.000000

-88.155792 -74.584198 -228.514313 89.000000 88.000000 89.000000
-218.308701 -64.667801 -221.070984 -0.000000 -0.000000 1.000000 
-177.155792 -74.584198 -228.514313 89.000000 88.000000 89.000000
-218.308701 -64.667801 -221.070984 -0.000000 -0.000000 1.000000 
-177.155792 -74.584198 -139.014313 89.000000 88.000000 90.000000

-88.155792 -74.584198 -139.014313 89.000000 88.000000 90.000000

-88.155792 -74.584198 -49.014313 89.000000 88.000000 90.000000

-177.155792 -74.584198 -49.014313 89.000000 88.000000 90.000000

-177.155792 -74.584198 40.485687 89.000000 88.000000 89.000000

-87.655792 -74.584198 40.485687 90.000000 88.000000 89.000000

31
-447.655792 -75.084198 -139.514313 88.000000 89.000000 89.000000
-416.320618 -64.340965 -115.859314 -0.000000 1.000000 -0.000000 -432.458099 -65.228043 -178.463394 -0.000000 1.000000 -0.000000 
1.844208 -164.584198 40.485687 89.000000 88.000000 89.000000
1.288160 -131.915619 28.886236 -1.000000 -0.000000 -0.000000 1.350187 -135.814178 114.098770 -1.000000 -0.000000 -0.000000 
1.844208 -164.084198 -49.014313 89.000000 89.000000 90.000000
0.969914 -123.570618 -60.494827 -1.000000 -0.000000 -0.000000 1.288160 -131.915619 28.886236 -1.000000 -0.000000 -0.000000 
1.844208 -164.084198 -139.014313 89.000000 89.000000 90.000000
0.551942 -107.569458 -140.903778 -1.000000 -0.000000 -0.000000 0.969914 -123.570618 -60.494827 -1.000000 -0.000000 -0.000000 
-447.155792 -75.084198 -228.514313 89.000000 89.000000 89.000000
-432.458099 -65.228043 -178.463394 -0.000000 1.000000 -0.000000 -396.862244 -34.316822 -222.002075 -0.000000 -0.000000 1.000000 -428.449615 -54.352455 -221.976730 -0.000000 -0.000000 1.000000 -218.308701 -64.667801 -221.070984 -0.000000 -0.000000 1.000000 
-358.155792 -75.084198 -229.014313 89.000000 89.000000 88.000000
-396.862244 -34.316822 -222.002075 -0.000000 -0.000000 1.000000 -218.308701 -64.667801 -221.070984 -0.000000 -0.000000 1.000000 
-447.155792 -75.084198 -228.514313 89.000000 89.000000 89.000000
-432.458099 -65.228043 -178.463394 0.000000 -1.000000 0.000000 -396.862244 -34.316822 -222.002075 -0.000000 -0.000000 1.000000 -428.449615 -54.352455 -221.976730 -0.000000 -0.000000 1.000000 -218.308701 -64.667801 -221.070984 -0.000000 -0.000000 1.000000 
1.844208 -164.584198 -228.514313 89.000000 88.000000 89.000000

-87.655792 -164.584198 40.485687 90.000000 88.000000 89.000000

-87.655792 -164.584198 -49.014313 90.000000 88.000000 90.000000

-87.655792 -164.584198 -139.014313 90.000000 88.000000 90.000000

-87.655792 -164.584198 -228.514313 90.000000 88.000000 89.000000

-177.655792 -164.584198 40.485687 90.000000 88.000000 89.000000

-177.655792 -164.584198 -49.014313 90.000000 88.000000 90.000000

-177.655792 -164.584198 -139.014313 90.000000 88.000000 90.000000

-177.655792 -164.584198 -228.514313 90.000000 88.000000 89.000000

-267.655792 -164.584198 -228.514313 90.000000 88.000000 89.000000

-267.655792 -164.584198 -139.014313 90.000000 88.000000 90.000000

-267.655792 -164.584198 -49.014313 90.000000 88.000000 90.000000

-267.655792 -164.584198 40.485687 90.000000 88.000000 89.000000

-357.655792 -164.584198 -49.014313 90.000000 88.000000 90.000000

-447.155792 -164.584198 -49.014313 89.000000 88.000000 90.000000

-447.155792 -164.584198 40.485687 89.000000 88.000000 89.000000

-357.655792 -164.584198 40.485687 90.000000 88.000000 89.000000

-357.655792 -164.584198 -139.014313 90.000000 88.000000 90.000000

-357.655792 -164.084198 -228.514313 90.000000 89.000000 89.000000

-447.155792 -164.084198 -228.514313 89.000000 89.000000 89.000000

-447.155792 -164.084198 -139.014313 89.000000 89.000000 90.000000

2.344208 -75.084198 -49.514313 88.000000 89.000000 89.000000
0.969914 -123.570618 -60.494827 -1.000000 -0.000000 -0.000000 
2.344208 -75.084198 -138.514313 88.000000 89.000000 89.000000
1.187220 -80.700897 -199.204834 -1.000000 -0.000000 -0.000000 0.551942 -107.569458 -140.903778 -1.000000 -0.000000 -0.000000 0.969914 -123.570618 -60.494827 -1.000000 -0.000000 -0.000000 
2.344208 -75.084198 -138.514313 88.000000 89.000000 89.000000
1.187220 -80.700897 -199.204834 1.000000 0.000000 0.000000 0.551942 -107.569458 -140.903778 -1.000000 -0.000000 -0.000000 0.969914 -123.570618 -60.494827 -1.000000 -0.000000 -0.000000 
32
272.844208 -75.084198 40.485687 89.000000 89.000000 89.000000
249.527527 -66.254082 79.315628 -0.000000 -1.000000 -0.000000 257.682190 -66.152863 29.172529 -0.000000 -1.000000 -0.000000 270.663391 -66.073662 -16.522221 -0.000000 -1.000000 -0.000000 
272.844208 -75.084198 -48.514313 89.000000 89.000000 89.000000
270.663391 -66.073662 -16.522221 -0.000000 -1.000000 -0.000000 307.878113 -65.961151 -56.225723 -0.000000 -1.000000 -0.000000 
451.844208 -75.084198 -138.514313 89.000000 89.000000 89.000000
396.199402 -65.548157 -91.847580 -0.000000 -1.000000 -0.000000 423.764313 -65.337296 -115.053223 -0.000000 -1.000000 -0.000000 440.021545 -65.188019 -177.624603 -0.000000 -1.000000 -0.000000 
362.344208 -75.084198 -228.514313 88.000000 89.000000 89.000000
404.441101 -33.360466 -221.230530 0.000000 0.000000 1.000000 223.167984 -64.141678 -220.644089 0.000000 0.000000 1.000000 
362.844208 -75.084198 -139.014313 89.000000 89.000000 90.000000
396.199402 -65.548157 -91.847580 -0.000000 -1.000000 -0.000000 
362.344208 -75.084198 -49.014313 90.000000 89.000000 90.000000
307.878113 -65.961151 -56.225723 -0.000000 -1.000000 -0.000000 357.510986 -65.773796 -81.181770 -0.000000 -1.000000 -0.000000 396.199402 -65.548157 -91.847580 -0.000000 -1.000000 -0.000000 
2.844208 -164.584198 -138.514313 89.000000 88.000000 89.000000
2.551942 -107.569458 -140.903778 1.000000 0.000000 0.000000 2.969914 -123.570618 -60.494827 1.000000 0.000000 0.000000 
2.844208 -164.584198 -49.014313 89.000000 88.000000 90.000000
2.969914 -123.570618 -60.494827 1.000000 0.000000 0.000000 3.288160 -131.915619 28.886236 1.000000 0.000000 0.000000 
2.844208 -164.584198 40.485687 89.000000 88.000000 89.000000
3.288160 -131.915619 28.886236 1.000000 0.000000 0.000000 3.350187 -135.814178 114.098770 1.000000 0.000000 0.000000 
451.844208 -75.084198 -49.014313 89.000000 89.000000 90.000000
396.199402 -65.548157 -91.847580 -0.000000 -1.000000 -0.000000 
92.844208 -164.584198 -228.514313 89.000000 88.000000 89.000000

92.344208 -164.584198 -139.014313 90.000000 88.000000 90.000000

92.344208 -164.584198 -49.014313 90.000000 88.000000 90.000000

92.344208 -164.584198 40.485687 90.000000 88.000000 89.000000

182.344208 -164.584198 -228.514313 90.000000 88.000000 89.000000

182.344208 -164.584198 -139.014313 90.000000 88.000000 90.000000

182.344208 -164.584198 -49.014313 90.000000 88.000000 90.000000

182.344208 -164.584198 40.485687 90.000000 88.000000 89.000000

272.344208 -164.584198 -228.514313 90.000000 88.000000 89.000000

272.344208 -164.584198 -139.014313 90.000000 88.000000 90.000000

272.344208 -164.084198 -49.014313 90.000000 89.000000 90.000000

272.344208 -164.084198 40.485687 90.000000 89.000000 89.000000

362.344208 -75.084198 40.485687 90.000000 89.000000 89.000000

362.344208 -164.084198 -228.514313 90.000000 89.000000 89.000000

362.344208 -164.084198 -139.014313 90.000000 89.000000 90.000000

362.344208 -164.084198 -49.014313 90.000000 89.000000 90.000000

362.344208 -164.084198 40.485687 90.000000 89.000000 89.000000

451.844208 -75.084198 40.485687 89.000000 89.000000 89.000000

451.844208 -164.084198 -49.014313 89.000000 89.000000 90.000000

451.844208 -164.084198 40.485687 89.000000 89.000000 89.000000

451.844208 -164.584198 -228.514313 89.000000 88.000000 89.000000

451.844208 -164.084198 -139.014313 89.000000 89.000000 90.000000

10
2.344208 194.915802 -139.514313 88.000000 89.000000 89.000000
1.033058 154.961929 -119.029404 -1.000000 0.000000 0.000000 0.782668 184.106689 -144.377304 -1.000000 0.000000 0.000000 1.559767 200.081818 -191.153046 -1.000000 0.000000 0.000000 
2.344208 195.415802 -228.514313 88.000000 88.000000 89.000000
1.559767 200.081818 -191.153046 -1.000000 0.000000 0.000000 9.428733 197.633362 -220.981171 -0.000000 -0.000000 1.000000 21.307316 178.215439 -220.981720 -0.000000 -0.000000 1.000000 26.594700 148.202209 -220.953079 -0.000000 -0.000000 1.000000 -6.287714 197.613190 -220.993591 0.000000 0.000000 1.000000 -17.403646 178.168350 -221.011978 0.000000 0.000000 1.000000 -21.510212 148.144257 -220.995880 0.000000 0.000000 1.000000 
2.344208 195.415802 -228.514313 88.000000 88.000000 89.000000
1.559767 200.081818 -191.153046 1.000000 -0.000000 -0.000000 9.428733 197.633362 -220.981171 -0.000000 -0.000000 1.000000 21.307316 178.215439 -220.981720 -0.000000 -0.000000 1.000000 26.594700 148.202209 -220.953079 -0.000000 -0.000000 1.000000 -6.287714 197.613190 -220.993591 0.000000 0.000000 1.000000 -17.403646 178.168350 -221.011978 0.000000 0.000000 1.000000 -21.510212 148.144257 -220.995880 0.000000 0.000000 1.000000 
-87.155792 105.415802 -49.514313 89.000000 88.000000 89.000000
-55.045616 86.341331 -45.795891 0.000000 0.000000 -1.000000 -84.289810 71.725830 -45.487000 0.000000 0.000000 -1.000000 -103.817139 49.406319 -45.156227 0.000000 0.000000 -1.000000 
1.844208 105.415802 -49.514313 89.000000 88.000000 89.000000
1.487164 102.158707 -66.331123 -1.000000 0.000000 0.000000 1.282308 123.895790 -98.536453 -1.000000 0.000000 0.000000 23.062799 93.430801 -46.048115 -0.000000 -0.000000 -1.000000 -17.820307 93.384773 -46.088276 0.000000 0.000000 -1.000000 -55.045616 86.341331 -45.795891 0.000000 0.000000 -1.000000 1.630129 97.725304 -20.547108 -1.000000 -0.000000 -0.000000 
-87.655792 15.915802 -228.514313 88.000000 89.000000 89.000000
-98.063789 55.759132 -221.707581 -0.000000 -0.000000 1.000000 -107.940643 20.961723 -221.829941 -0.000000 -0.000000 1.000000 -163.825226 -1.301202 -221.918091 -0.000000 -0.000000 1.000000 -109.708237 0.700916 -133.214020 0.000000 1.000000 0.000000 
-87.655792 104.915802 -228.514313 88.000000 89.000000 89.000000
-57.826591 88.159813 -221.355133 -0.000000 -0.000000 1.000000 -80.154091 77.072304 -221.549408 -0.000000 -0.000000 1.000000 -98.063789 55.759132 -221.707581 -0.000000 -0.000000 1.000000 
1.844208 105.915802 -138.514313 89.000000 89.000000 89.000000
1.282308 123.895790 -98.536453 -1.000000 0.000000 0.000000 1.033058 154.961929 -119.029404 -1.000000 0.000000 0.000000 
-87.655792 15.915802 -139.514313 88.000000 89.000000 89.000000
-109.708237 0.700916 -133.214020 0.000000 1.000000 0.000000 
-87.155792 104.915802 -139.014313 89.000000 89.000000 90.000000

4
92.344208 15.415802 40.485687 88.000000 88.000000 89.000000
115.950165 0.922783 53.282471 0.000000 1.000000 0.000000 
92.344208 104.915802 -49.014313 88.000000 89.000000 88.000000
60.622246 86.475632 -45.684738 -0.000000 -0.000000 -1.000000 90.381149 71.932091 -45.321556 -0.000000 -0.000000 -1.000000 110.444481 49.660233 -43.950974 -0.000000 -0.000000 -1.000000 
92.344208 15.915802 -48.514313 88.000000 89.000000 89.000000
110.444481 49.660233 -43.950974 -0.000000 -0.000000 -1.000000 116.982475 18.229362 -43.545399 -0.000000 -0.000000 -1.000000 117.033295 0.970417 -132.996429 0.000000 1.000000 0.000000 115.950165 0.922783 53.282471 0.000000 1.000000 0.000000 
92.344208 15.915802 -48.514313 88.000000 89.000000 89.000000
110.444481 49.660233 -43.950974 0.000000 0.000000 1.000000 116.982475 18.229362 -43.545399 0.000000 0.000000 1.000000 117.033295 0.970417 -132.996429 0.000000 1.000000 0.000000 115.950165 0.922783 53.282471 0.000000 1.000000 0.000000 
4
-87.655792 15.415802 40.485687 88.000000 88.000000 89.000000
-108.986404 -0.344650 53.068172 -0.000000 1.000000 -0.000000 
-87.655792 15.415802 -48.514313 88.000000 88.000000 89.000000
-103.817139 49.406319 -43.156227 -0.000000 -0.000000 1.000000 -109.964920 17.962587 -43.764030 -0.000000 -0.000000 1.000000 -109.708237 -0.299084 -133.214020 0.000000 1.000000 0.000000 -108.986404 -0.344650 53.068172 -0.000000 1.000000 -0.000000 
-87.655792 15.415802 -48.514313 88.000000 88.000000 89.000000
-103.817139 49.406319 -43.156227 -0.000000 -0.000000 1.000000 -109.964920 17.962587 -43.764030 0.000000 0.000000 -1.000000 -109.708237 -0.299084 -133.214020 -0.000000 -1.000000 -0.000000 -108.986404 -0.344650 53.068172 0.000000 -1.000000 0.000000 
-87.655792 15.415802 -48.514313 88.000000 88.000000 89.000000
-103.817139 49.406319 -43.156227 -0.000000 -0.000000 1.000000 -109.964920 17.962587 -43.764030 0.000000 0.000000 -1.000000 -109.708237 -0.299084 -133.214020 0.000000 1.000000 0.000000 -108.986404 -0.344650 53.068172 -0.000000 1.000000 -0.000000 
4
92.344208 15.915802 -139.514313 88.000000 89.000000 89.000000
117.033295 0.970417 -132.996429 0.000000 1.000000 0.000000 
92.344208 104.915802 -139.514313 88.000000 89.000000 89.000000

92.344208 15.915802 -228.514313 88.000000 89.000000 89.000000
105.427887 56.002876 -221.514618 0.000000 0.000000 1.000000 115.389526 21.229366 -221.614441 0.000000 0.000000 1.000000 171.324432 -0.902226 -221.593536 0.000000 0.000000 1.000000 117.033295 0.970417 -132.996429 0.000000 1.000000 0.000000 
92.344208 104.915802 -228.514313 88.000000 89.000000 89.000000
41.960564 92.364944 -221.038910 0.000000 0.000000 1.000000 65.110420 88.308167 -221.240601 0.000000 0.000000 1.000000 87.465553 77.274734 -221.394867 0.000000 0.000000 1.000000 105.427887 56.002876 -221.514618 0.000000 0.000000 1.000000 
3
-87.655792 15.415802 -49.514313 88.000000 88.000000 89.000000
-103.817139 49.406319 -45.156227 0.000000 0.000000 -1.000000 -109.964920 17.962587 -44.764030 0.000000 0.000000 -1.000000 -109.708237 -1.299084 -133.214020 -0.000000 -1.000000 -0.000000 -108.986404 -1.344650 53.068172 0.000000 -1.000000 0.000000 
-87.655792 15.415802 -228.514313 88.000000 88.000000 89.000000
-98.063789 55.759132 -221.707581 -0.000000 -0.000000 1.000000 -107.940643 20.961723 -221.829941 -0.000000 -0.000000 1.000000 -163.825226 -1.301202 -221.918091 -0.000000 -0.000000 1.000000 -109.708237 -1.299084 -133.214020 -0.000000 -1.000000 -0.000000 
-87.655792 15.415802 -139.014313 88.000000 88.000000 90.000000
-109.708237 -1.299084 -133.214020 -0.000000 -1.000000 -0.000000 
7
-447.155792 -74.584198 -139.014313 89.000000 88.000000 88.000000
-416.320618 -66.340965 -115.859314 0.000000 -1.000000 0.000000 -432.458099 -66.228043 -178.463394 0.000000 -1.000000 0.000000 
-357.655792 -74.584198 -138.514313 90.000000 88.000000 89.000000
-388.803009 -66.484329 -92.602844 0.000000 -1.000000 0.000000 -416.320618 -66.340965 -115.859314 0.000000 -1.000000 0.000000 
-357.155792 -74.584198 -49.514313 89.000000 88.000000 89.000000
-300.550171 -66.689697 -56.810993 0.000000 -1.000000 0.000000 -350.133301 -66.615807 -81.862648 0.000000 -1.000000 0.000000 -388.803009 -66.484329 -92.602844 0.000000 -1.000000 0.000000 
-267.655792 -74.584198 -228.514313 88.000000 88.000000 89.000000
-218.308701 -64.667801 -221.070984 -0.000000 -0.000000 1.000000 
-268.155792 -74.584198 -139.014313 89.000000 88.000000 90.000000

-268.155792 -74.584198 -49.014313 89.000000 88.000000 90.000000
-263.409546 -66.717758 -17.034792 0.000000 -1.000000 0.000000 -300.550171 -66.689697 -56.810993 0.000000 -1.000000 0.000000 
-267.655792 -74.584198 40.485687 88.000000 88.000000 89.000000
-242.457413 -66.844101 78.844681 0.000000 -1.000000 0.000000 -250.514313 -66.764404 28.686586 0.000000 -1.000000 0.000000 -263.409546 -66.717758 -17.034792 0.000000 -1.000000 0.000000 
7
452.344208 -74.584198 -228.514313 88.000000 88.000000 89.000000
440.021545 -64.188019 -177.624603 -0.000000 -1.000000 -0.000000 404.441101 -33.360466 -221.230530 0.000000 0.000000 1.000000 436.071259 -53.319889 -221.141785 0.000000 0.000000 1.000000 223.167984 -64.141678 -221.644089 0.000000 0.000000 1.000000 
452.344208 -74.584198 -228.514313 88.000000 88.000000 89.000000
440.021545 -64.188019 -177.624603 0.000000 1.000000 0.000000 404.441101 -33.360466 -221.230530 0.000000 0.000000 1.000000 436.071259 -53.319889 -221.141785 0.000000 0.000000 1.000000 223.167984 -64.141678 -221.644089 -0.000000 -0.000000 -1.000000 
452.344208 -74.584198 -228.514313 88.000000 88.000000 89.000000
440.021545 -64.188019 -177.624603 0.000000 1.000000 0.000000 404.441101 -33.360466 -221.230530 0.000000 0.000000 1.000000 436.071259 -53.319889 -221.141785 0.000000 0.000000 1.000000 223.167984 -64.141678 -221.644089 0.000000 0.000000 1.000000 
272.344208 -74.584198 -228.514313 88.000000 88.000000 89.000000
223.167984 -64.141678 -221.644089 0.000000 0.000000 1.000000 
451.844208 -74.584198 -139.514313 89.000000 88.000000 89.000000
396.199402 -63.548157 -91.847580 0.000000 1.000000 0.000000 423.764313 -63.337296 -115.053223 0.000000 1.000000 0.000000 440.021545 -64.188019 -177.624603 0.000000 1.000000 0.000000 
272.844208 -74.584198 -139.514313 89.000000 88.000000 89.000000

362.344208 -74.584198 -139.014313 90.000000 88.000000 88.000000
396.199402 -63.548157 -91.847580 0.000000 1.000000 0.000000 
5
2.344208 -74.584198 -49.514313 88.000000 88.000000 89.000000
2.969914 -123.570618 -60.494827 1.000000 0.000000 0.000000 
2.344208 -74.584198 -139.014313 88.000000 88.000000 90.000000
1.187220 -80.700897 -199.204834 1.000000 0.000000 0.000000 2.551942 -107.569458 -140.903778 1.000000 0.000000 0.000000 2.969914 -123.570618 -60.494827 1.000000 0.000000 0.000000 
2.344208 -74.584198 -228.514313 88.000000 88.000000 89.000000
1.187220 -80.700897 -199.204834 1.000000 0.000000 0.000000 -218.308701 -64.667801 -221.070984 -0.000000 -0.000000 1.000000 223.167984 -64.141678 -221.644089 0.000000 0.000000 1.000000 
2.344208 -74.584198 -228.514313 88.000000 88.000000 89.000000
1.187220 -80.700897 -199.204834 -1.000000 -0.000000 -0.000000 -218.308701 -64.667801 -221.070984 -0.000000 -0.000000 1.000000 223.167984 -64.141678 -221.644089 -0.000000 -0.000000 -1.000000 
2.344208 -74.584198 -228.514313 88.000000 88.000000 89.000000
1.187220 -80.700897 -199.204834 -1.000000 -0.000000 -0.000000 -218.308701 -64.667801 -221.070984 -0.000000 -0.000000 1.000000 223.167984 -64.141678 -221.644089 0.000000 0.000000 1.000000 
5
92.344208 15.415802 -228.514313 88.000000 88.000000 89.000000
105.427887 56.002876 -221.514618 0.000000 0.000000 1.000000 115.389526 21.229366 -221.614441 0.000000 0.000000 1.000000 171.324432 -0.902226 -221.593536 0.000000 0.000000 1.000000 117.033295 -1.029583 -132.996429 -0.000000 -1.000000 -0.000000 
92.344208 15.415802 -139.014313 88.000000 88.000000 90.000000
117.033295 -1.029583 -132.996429 -0.000000 -1.000000 -0.000000 
92.344208 15.415802 40.485687 88.000000 88.000000 89.000000
115.950165 -1.077217 53.282471 -0.000000 -1.000000 -0.000000 
92.344208 15.415802 -49.014313 88.000000 88.000000 90.000000
110.444481 49.660233 -43.950974 -0.000000 -0.000000 -1.000000 116.982475 18.229362 -43.545399 -0.000000 -0.000000 -1.000000 117.033295 -1.029583 -132.996429 -0.000000 -1.000000 -0.000000 115.950165 -1.077217 53.282471 -0.000000 -1.000000 -0.000000 
92.344208 15.415802 -49.014313 88.000000 88.000000 90.000000
110.444481 49.660233 -43.950974 0.000000 0.000000 1.000000 116.982475 18.229362 -43.545399 0.000000 0.000000 1.000000 117.033295 -1.029583 -132.996429 -0.000000 -1.000000 -0.000000 115.950165 -1.077217 53.282471 -0.000000 -1.000000 -0.000000 
2
-87.655792 15.415802 -48.514313 88.000000 88.000000 89.000000
-103.817139 49.406319 -43.156227 -0.000000 -0.000000 1.000000 -109.964920 17.962587 -42.764030 -0.000000 -0.000000 1.000000 -109.708237 -1.299084 -133.214020 -0.000000 -1.000000 -0.000000 -108.986404 -1.344650 53.068172 0.000000 -1.000000 0.000000 
-87.655792 15.415802 40.485687 88.000000 88.000000 89.000000
-108.986404 -1.344650 53.068172 0.000000 -1.000000 0.000000 
1
2.344208 105.415802 40.985687 88.000000 88.000000 88.000000
1.630129 97.725304 -20.547108 -1.000000 -0.000000 -0.000000 1.894043 116.021080 53.799881 -1.000000 -0.000000 -0.000000 
1
2.344208 105.415802 40.985687 88.000000 88.000000 88.000000
3.630129 97.725304 -20.547108 1.000000 0.000000 0.000000 3.894043 116.021080 53.799881 1.000000 0.000000 0.000000 
1
2.344208 105.415802 -229.014313 88.000000 88.000000 88.000000
26.594700 148.202209 -220.953079 -0.000000 -0.000000 1.000000 -21.510212 148.144257 -220.995880 0.000000 0.000000 1.000000 41.960564 92.364944 -221.038910 0.000000 0.000000 1.000000 -34.691563 92.270630 -221.113403 -0.000000 -0.000000 1.000000 29.304852 112.464127 -220.928619 -0.000000 -0.000000 1.000000 -22.809269 112.399452 -220.980865 0.000000 0.000000 1.000000 
1
-87.655792 15.415802 -49.014313 88.000000 88.000000 88.000000
-103.817139 49.406319 -45.156227 0.000000 0.000000 -1.000000 -109.964920 17.962587 -44.764030 0.000000 0.000000 -1.000000 -109.708237 0.700916 -133.214020 0.000000 1.000000 0.000000 -108.986404 0.655350 53.068172 -0.000000 1.000000 -0.000000 
1
2.344208 105.415802 -49.014313 88.000000 88.000000 88.000000
3.487164 102.158707 -66.331123 1.000000 -0.000000 -0.000000 3.282308 123.895790 -98.536453 1.000000 -0.000000 -0.000000 23.062799 93.430801 -46.048115 -0.000000 -0.000000 -1.000000 -17.820307 93.384773 -46.088276 0.000000 0.000000 -1.000000 -55.045616 86.341331 -45.795891 0.000000 0.000000 -1.000000 3.630129 97.725304 -20.547108 1.000000 0.000000 0.000000 
1
2.344208 105.415802 -49.014313 88.000000 88.000000 88.000000
1.487164 102.158707 -66.331123 -1.000000 0.000000 0.000000 1.282308 123.895790 -98.536453 -1.000000 0.000000 0.000000 23.062799 93.430801 -44.048115 0.000000 0.000000 1.000000 -17.820307 93.384773 -44.088276 -0.000000 -0.000000 1.000000 -55.045616 86.341331 -43.795891 -0.000000 -0.000000 1.000000 1.630129 97.725304 -20.547108 -1.000000 -0.000000 -0.000000 
1
2.344208 105.415802 -49.014313 88.000000 88.000000 88.000000
3.487164 102.158707 -66.331123 1.000000 -0.000000 -0.000000 3.282308 123.895790 -98.536453 1.000000 -0.000000 -0.000000 23.062799 93.430801 -44.048115 0.000000 0.000000 1.000000 -17.820307 93.384773 -44.088276 -0.000000 -0.000000 1.000000 -55.045616 86.341331 -43.795891 -0.000000 -0.000000 1.000000 3.630129 97.725304 -20.547108 1.000000 0.000000 0.000000 
1
362.344208 -74.584198 -229.014313 88.000000 88.000000 88.000000
404.441101 -33.360466 -221.230530 0.000000 0.000000 1.000000 223.167984 -64.141678 -222.644089 -0.000000 -0.000000 -1.000000 
