23
0.000000 1.000000 0.000000 1
0.000000 0.000000 -1.000000 495
0.000000 0.000000 1.000000 495
-1.000000 0.000000 0.000000 1
0.000000 -1.000000 0.000000 1
-1.000000 0.000000 0.000000 1
1.000000 0.000000 0.000000 1
-1.000000 0.000000 0.000000 1
0.000000 1.000000 0.000000 495
0.000000 -1.000000 0.000000 15
0.000000 -1.000000 0.000000 1
0.000000 1.000000 0.000000 1
0.000000 1.000000 0.000000 1
0.000000 -1.000000 0.000000 15
0.000000 -1.000000 0.000000 495
-1.000000 0.000000 0.000000 495
1.000000 0.000000 0.000000 495
0.000000 0.000000 1.000000 68
0.000000 0.000000 -1.000000 62
0.000000 0.000000 -1.000000 62
0.000000 -1.000000 0.000000 495
0.000000 0.000000 1.000000 495
-1.000000 0.000000 0.000000 495
16
15
14
7
13
2
21
20
19
18
9
4
0
6
10
3
12
5
8
11
17
22
1
