0.9995255 0.02976251 0.007938394 0.9995255 0.02976251 0.007938394 -0.9995255 -0.02976251 -0.007938394
-0.1338045 -0.05261163 -0.9896103 -0.0997078 -0.08091017 -0.9917216 0.0997078 0.08091017 0.9917216
-0.03095238 -0.1047384 -0.994018 -0.0997078 -0.08091017 -0.9917216 0.0997078 0.08091017 0.9917216
-0.08167355 -0.1087561 -0.9907076 -0.0997078 -0.08091017 -0.9917216 0.0997078 0.08091017 0.9917216
-0.1177713 -0.08540067 -0.9893618 -0.0997078 -0.08091017 -0.9917216 0.0997078 0.08091017 0.9917216
-0.1338045 -0.05261163 -0.9896103 -0.0997078 -0.08091017 -0.9917216 0.0997078 0.08091017 0.9917216
-0.1352538 0.05275296 0.9894057 -0.1010843 0.08100003 0.991575 0.1010843 -0.08100003 -0.991575
-0.03276681 0.1045463 0.9939801 -0.1010843 0.08100003 0.991575 0.1010843 -0.08100003 -0.991575
-0.08275406 0.1087158 0.9906223 -0.1010843 0.08100003 0.991575 0.1010843 -0.08100003 -0.991575
-0.1188562 0.08580214 0.9891973 -0.1010843 0.08100003 0.991575 0.1010843 -0.08100003 -0.991575
-0.1352538 0.05275296 0.9894057 -0.1010843 0.08100003 0.991575 0.1010843 -0.08100003 -0.991575
-0.999979 -0.006133471 0.002130743 -0.9999773 -0.006243846 0.002533808 0.9999773 0.006243846 -0.002533808
-0.9999783 -0.006106369 0.002503872 -0.9999773 -0.006243846 0.002533808 0.9999773 0.006243846 -0.002533808
-0.9999765 -0.00631246 0.002660522 -0.9999773 -0.006243846 0.002533808 0.9999773 0.006243846 -0.002533808
-0.9999762 -0.006354474 0.002713381 -0.9999773 -0.006243846 0.002533808 0.9999773 0.006243846 -0.002533808
-0.9999766 -0.006312461 0.002660522 -0.9999773 -0.006243846 0.002533808 0.9999773 0.006243846 -0.002533808
-0.007823392 0.01201573 0.9998972 -0.007206922 0.01145504 0.9999084 0.007206922 -0.01145504 -0.9999084
-0.006948221 0.01174103 0.999907 -0.007206922 0.01145504 0.9999084 0.007206922 -0.01145504 -0.9999084
-0.006501689 0.01105905 0.9999177 -0.007206922 0.01145504 0.9999084 0.007206922 -0.01145504 -0.9999084
-0.006937899 0.01044365 0.9999214 -0.007206922 0.01145504 0.9999084 0.007206922 -0.01145504 -0.9999084
-0.005904184 -0.01206491 -0.9999098 -0.005314485 -0.01151548 -0.9999196 0.005314485 0.01151548 0.9999196
-0.005058193 -0.01179366 -0.9999177 -0.005314485 -0.01151548 -0.9999196 0.005314485 0.01151548 0.9999196
-0.00463455 -0.01112182 -0.9999274 -0.005314485 -0.01151548 -0.9999196 0.005314485 0.01151548 0.9999196
-0.0050713 -0.01053206 -0.9999317 -0.005314485 -0.01151548 -0.9999196 0.005314485 0.01151548 0.9999196
0.0518388 -0.02677508 -0.9982964 0.05035639 -0.02441828 -0.9984328 -0.05035639 0.02441828 0.9984328
0.01044705 0.9999435 -0.001976196 0.0104753 0.9999426 -0.002277039 -0.0104753 -0.9999426 0.002277039
0.0104628 0.9999424 -0.002410399 0.0104753 0.9999426 -0.002277039 -0.0104753 -0.9999426 0.002277039
0.010496 0.9999416 -0.002565788 0.0104753 0.9999426 -0.002277039 -0.0104753 -0.9999426 0.002277039
0.01052362 0.9999416 -0.002456616 0.0104753 0.9999426 -0.002277039 -0.0104753 -0.9999426 0.002277039
0.01044705 0.9999436 -0.001976196 0.0104753 0.9999426 -0.002277039 -0.0104753 -0.9999426 0.002277039
0.04984722 0.02690198 0.9983945 0.04836992 0.02454121 0.9985279 -0.04836992 -0.02454121 -0.9985279
0.0128327 -0.9999157 0.001992728 0.01286085 -0.9999146 0.002298207 -0.01286085 0.9999146 -0.002298207
0.0128478 -0.9999145 0.002432316 0.01286085 -0.9999146 0.002298207 -0.01286085 0.9999146 -0.002298207
0.0128811 -0.9999137 0.002589618 0.01286085 -0.9999146 0.002298207 -0.01286085 0.9999146 -0.002298207
0.01290997 -0.9999136 0.002483647 0.01286085 -0.9999146 0.002298207 -0.01286085 0.9999146 -0.002298207
0.0128327 -0.9999157 0.001992728 0.01286085 -0.9999146 0.002298207 -0.01286085 0.9999146 -0.002298207
-0.9999972 -0.000311593 -0.00234708 -0.9999973 -0.0003279703 -0.002324546 0.9999973 0.0003279703 0.002324546
-0.9999973 -0.0003410984 -0.002291302 -0.9999973 -0.0003279703 -0.002324546 0.9999973 0.0003279703 0.002324546
-0.9999973 -0.0003475969 -0.002312723 -0.9999973 -0.0003279703 -0.002324546 0.9999973 0.0003279703 0.002324546
0.002827222 -0.009846754 -0.9999476 0.002712167 -0.009762333 -0.9999487 -0.002712167 0.009762333 0.9999487
0.0008849208 0.009853357 0.9999511 0.0007651773 0.009765486 0.999952 -0.0007651773 -0.009765486 -0.999952
-0.001324963 -0.0003251881 -0.9999991 -0.001250127 -0.0007430287 -0.999999 0.001250127 0.0007430287 0.999999
-0.001100601 -0.001110635 -0.9999988 -0.001250127 -0.0007430287 -0.999999 0.001250127 0.0007430287 0.999999
-0.00124998 -0.001211103 -0.9999985 -0.001250127 -0.0007430287 -0.999999 0.001250127 0.0007430287 0.999999
-0.003250853 0.0002386019 0.9999947 -0.003191452 0.0006597007 0.9999947 0.003191452 -0.0006597007 -0.9999947
-0.003052906 0.001043423 0.9999948 -0.003191452 0.0006597007 0.9999947 0.003191452 -0.0006597007 -0.9999947
-0.003211196 0.001118176 0.9999942 -0.003191452 0.0006597007 0.9999947 0.003191452 -0.0006597007 -0.9999947
0.009980368 -0.001077284 0.9999497 0.008649734 -0.0001134447 0.9999626 -0.008649734 0.0001134447 -0.9999626
0.007257364 -0.0003025493 0.9999737 0.008649734 -0.0001134447 0.9999626 -0.008649734 0.0001134447 -0.9999626
0.007122344 0.001004176 0.9999741 0.008649734 -0.0001134447 0.9999626 -0.008649734 0.0001134447 -0.9999626
0.008908176 0.0008857186 0.9999599 0.008649734 -0.0001134447 0.9999626 -0.008649734 0.0001134447 -0.9999626
0.009980367 -0.001077284 0.9999497 0.008649734 -0.0001134447 0.9999626 -0.008649734 0.0001134447 -0.9999626
0.0118952 0.001103411 -0.9999287 0.01057034 0.0001365907 -0.9999441 -0.01057034 -0.0001365907 0.9999441
0.00919934 0.0003294296 -0.9999576 0.01057034 0.0001365907 -0.9999441 -0.01057034 -0.0001365907 0.9999441
0.00903449 -0.0009905236 -0.9999587 0.01057034 0.0001365907 -0.9999441 -0.01057034 -0.0001365907 0.9999441
0.01082739 -0.0008627758 -0.9999411 0.01057034 0.0001365907 -0.9999441 -0.01057034 -0.0001365907 0.9999441
0.0118952 0.001103411 -0.9999287 0.01057034 0.0001365907 -0.9999441 -0.01057034 -0.0001365907 0.9999441
0.006760883 -0.02570942 -0.9996466 0.007211396 -0.02536475 -0.9996523 -0.007211396 0.02536475 0.9996523
0.00704649 -0.02534989 -0.9996538 0.007211396 -0.02536475 -0.9996523 -0.007211396 0.02536475 0.9996523
0.007519104 -0.02519984 -0.9996542 0.007211396 -0.02536475 -0.9996523 -0.007211396 0.02536475 0.9996523
-0.003295085 0.9999942 0.0008677568 -0.003809575 0.999992 0.001243057 0.003809575 -0.999992 -0.001243057
-0.003762228 0.9999919 0.001464784 -0.003809575 0.999992 0.001243057 0.003809575 -0.999992 -0.001243057
-0.003455774 0.9999926 0.001686367 -0.003809575 0.999992 0.001243057 0.003809575 -0.999992 -0.001243057
-0.003344183 0.9999936 0.001245886 -0.003809575 0.999992 0.001243057 0.003809575 -0.999992 -0.001243057
-0.002987341 0.9999955 0.0002229107 -0.003809575 0.999992 0.001243057 0.003809575 -0.999992 -0.001243057
-0.002666177 0.9999964 0.0004243779 -0.003809575 0.999992 0.001243057 0.003809575 -0.999992 -0.001243057
-0.004617403 0.9999886 0.00119993 -0.003809575 0.999992 0.001243057 0.003809575 -0.999992 -0.001243057
-0.006289794 0.9999786 0.001791014 -0.003809575 0.999992 0.001243057 0.003809575 -0.999992 -0.001243057
-0.004382653 0.9999869 0.002659778 -0.003809575 0.999992 0.001243057 0.003809575 -0.999992 -0.001243057
-0.003295085 0.9999942 0.0008677568 -0.003809575 0.999992 0.001243057 0.003809575 -0.999992 -0.001243057
0.01397487 0.9999022 -0.0005412545 0.01389818 0.9999034 -0.0004575867 -0.01389818 -0.9999034 0.0004575867
-0.001213608 0.002534384 0.9999961 -0.00120828 0.0025328 0.9999961 0.00120828 -0.0025328 -0.9999961
-0.001209122 0.002533958 0.9999961 -0.00120828 0.0025328 0.9999961 0.00120828 -0.0025328 -0.9999961
-0.001206021 0.00253284 0.9999961 -0.00120828 0.0025328 0.9999961 0.00120828 -0.0025328 -0.9999961
-0.001199043 0.002528436 0.9999961 -0.00120828 0.0025328 0.9999961 0.00120828 -0.0025328 -0.9999961
-0.001213608 0.002534384 0.9999961 -0.00120828 0.0025328 0.9999961 0.00120828 -0.0025328 -0.9999961
0.004832988 0.02554553 0.999662 0.005256778 0.02521217 0.9996683 -0.005256778 -0.02521217 -0.9996683
0.005099699 0.02519636 0.9996696 0.005256778 0.02521217 0.9996683 -0.005256778 -0.02521217 -0.9996683
0.005547211 0.02505339 0.9996707 0.005256778 0.02521217 0.9996683 -0.005256778 -0.02521217 -0.9996683
-0.0009049198 -0.9999992 -0.0008726149 -0.001419146 -0.9999982 -0.001248031 0.001419146 0.9999982 0.001248031
-0.001374595 -0.999998 -0.001475257 -0.001419146 -0.9999982 -0.001248031 0.001419146 0.9999982 0.001248031
-0.00106395 -0.999998 -0.001691029 -0.001419146 -0.9999982 -0.001248031 0.001419146 0.9999982 0.001248031
-0.000952982 -0.9999988 -0.001248439 -0.001419146 -0.9999982 -0.001248031 0.001419146 0.9999982 0.001248031
-0.0005979334 -0.9999998 -0.0002261563 -0.001419146 -0.9999982 -0.001248031 0.001419146 0.9999982 0.001248031
-0.0002738547 -0.9999999 -0.0004259001 -0.001419146 -0.9999982 -0.001248031 0.001419146 0.9999982 0.001248031
-0.002229662 -0.9999968 -0.001208108 -0.001419146 -0.9999982 -0.001248031 0.001419146 0.9999982 0.001248031
-0.003906016 -0.9999908 -0.001804119 -0.001419146 -0.9999982 -0.001248031 0.001419146 0.9999982 0.001248031
-0.001982618 -0.9999945 -0.002656061 -0.001419146 -0.9999982 -0.001248031 0.001419146 0.9999982 0.001248031
-0.0009049199 -0.9999992 -0.0008726149 -0.001419146 -0.9999982 -0.001248031 0.001419146 0.9999982 0.001248031
0.01636307 -0.999866 0.00058005 0.01628324 -0.9998673 0.0004926 -0.01628324 0.9998673 -0.0004926
0.0007142984 -0.002531751 -0.9999965 0.0007189083 -0.002530504 -0.9999965 -0.0007189083 0.002530504 0.9999965
0.0007195733 -0.002531238 -0.9999966 0.0007189083 -0.002530504 -0.9999965 -0.0007189083 0.002530504 0.9999965
0.0007220324 -0.002530157 -0.9999965 0.0007189083 -0.002530504 -0.9999965 -0.0007189083 0.002530504 0.9999965
0.0007243388 -0.002527623 -0.9999965 0.0007189083 -0.002530504 -0.9999965 -0.0007189083 0.002530504 0.9999965
0.0007142985 -0.002531751 -0.9999965 0.0007189083 -0.002530504 -0.9999965 -0.0007189083 0.002530504 0.9999965
0.9983723 0.01924103 0.05368992 0.998944 0.02515596 0.03844434 -0.998944 -0.02515596 -0.03844434
0.9992723 0.02325385 0.03023639 0.998944 0.02515596 0.03844434 -0.998944 -0.02515596 -0.03844434
0.9993089 0.02892116 0.02335228 0.998944 0.02515596 0.03844434 -0.998944 -0.02515596 -0.03844434
0.9988952 0.03511016 0.031234 0.998944 0.02515596 0.03844434 -0.998944 -0.02515596 -0.03844434
0.9983723 0.01924103 0.05368992 0.998944 0.02515596 0.03844434 -0.998944 -0.02515596 -0.03844434
0.9999343 0.01133626 0.001711801 0.9999309 0.01173456 -0.000775234 -0.9999309 -0.01173456 0.000775234
0.999919 0.01250151 -0.002390445 0.9999309 0.01173456 -0.000775234 -0.9999309 -0.01173456 0.000775234
0.9999238 0.01195419 -0.003078135 0.9999309 0.01173456 -0.000775234 -0.9999309 -0.01173456 0.000775234
0.9999317 0.01154446 -0.001831183 0.9999309 0.01173456 -0.000775234 -0.9999309 -0.01173456 0.000775234
0.9999343 0.01133626 0.0017118 0.9999309 0.01173456 -0.000775234 -0.9999309 -0.01173456 0.000775234
0.003494824 -0.007090223 -0.9999688 0.004266958 -0.006512207 -0.9999697 -0.004266958 0.006512207 0.9999697
-0.001931193 0.9999869 -0.004751081 -0.001900176 0.9999865 -0.004829093 0.001900176 -0.9999865 0.004829093
-0.001916936 0.9999864 -0.004856876 -0.001900176 0.9999865 -0.004829093 0.001900176 -0.9999865 0.004829093
-0.001878497 0.9999862 -0.004917787 -0.001900176 0.9999865 -0.004829093 0.001900176 -0.9999865 0.004829093
-0.00184306 0.9999865 -0.004868643 -0.001900176 0.9999865 -0.004829093 0.001900176 -0.9999865 0.004829093
-0.001931193 0.9999869 -0.004751081 -0.001900176 0.9999865 -0.004829093 0.001900176 -0.9999865 0.004829093
0.001698604 0.0070153 0.999974 0.002447729 0.006413432 0.9999765 -0.002447729 -0.006413432 -0.9999765
0.0004378942 -0.9999887 0.004742705 0.0004641776 -0.9999883 0.00481503 -0.0004641776 0.9999883 -0.00481503
0.0004488418 -0.9999882 0.004844482 0.0004641776 -0.9999883 0.00481503 -0.0004641776 0.9999883 -0.00481503
0.0004787266 -0.999988 0.004889365 0.0004641776 -0.9999883 0.00481503 -0.0004641776 0.9999883 -0.00481503
0.0005175315 -0.9999881 0.004855892 0.0004641776 -0.9999883 0.00481503 -0.0004641776 0.9999883 -0.00481503
0.0004378941 -0.9999887 0.004742705 0.0004641776 -0.9999883 0.00481503 -0.0004641776 0.9999883 -0.00481503
0.9999909 0.0008823684 0.004173534 0.9999941 0.000691267 0.003359857 -0.9999941 -0.000691267 -0.003359857
0.9999958 0.0003584416 0.002888602 0.9999941 0.000691267 0.003359857 -0.9999941 -0.000691267 -0.003359857
0.9999964 0.00058322 0.002646389 0.9999941 0.000691267 0.003359857 -0.9999941 -0.000691267 -0.003359857
0.9999955 0.0007499359 0.002917227 0.9999941 0.000691267 0.003359857 -0.9999941 -0.000691267 -0.003359857
0.9999909 0.0008823683 0.004173534 0.9999941 0.000691267 0.003359857 -0.9999941 -0.000691267 -0.003359857
-0.005904185 -0.01206491 -0.9999098 -0.005314485 -0.01151548 -0.9999196 0.005314485 0.01151548 0.9999196
-0.007823392 0.01201573 0.9998972 -0.007206922 0.01145504 0.9999084 0.007206922 -0.01145504 -0.9999084
-0.07519764 0.9963386 -0.04067867 -0.06119267 0.9978868 0.02185271 0.06119267 -0.9978868 -0.02185271
-0.07289485 -0.9965162 0.04051939 -0.0587688 -0.9980298 -0.0219716 0.0587688 0.9980298 0.0219716
0.9995255 0.02976251 0.007938394 0.9995255 0.02976251 0.007938394 -0.9995255 -0.02976251 -0.007938394
0.9999793 -0.003531702 0.005389956 0.99999 -0.003139513 0.003180261 -0.99999 0.003139513 -0.003180261
0.001056846 0.00654186 0.9999781 0.001056846 0.00654186 0.9999781 -0.001056846 -0.00654186 -0.9999781
0.001056846 0.00654186 0.9999781 0.001056846 0.00654186 0.9999781 -0.001056846 -0.00654186 -0.9999781
0.002989804 -0.006543067 -0.9999741 0.002989804 -0.006543067 -0.9999741 -0.002989804 0.006543067 0.9999741
0.002989804 -0.006543067 -0.9999741 0.002989804 -0.006543067 -0.9999741 -0.002989804 0.006543067 0.9999741
0.004653023 -0.006223197 -0.9999698 0.004266958 -0.006512207 -0.9999697 -0.004266958 0.006512207 0.9999697
0.002822291 0.006112496 0.9999774 0.002447729 0.006413432 0.9999765 -0.002447729 -0.006413432 -0.9999765
0.004653024 -0.006223197 -0.9999698 0.004266958 -0.006512207 -0.9999697 -0.004266958 0.006512207 0.9999697
0.002822291 0.006112496 0.9999774 0.002447729 0.006413432 0.9999765 -0.002447729 -0.006413432 -0.9999765
0.9999604 -0.008799427 -0.001380441 0.9999604 -0.008799428 -0.001380441 -0.9999604 0.008799428 0.001380441
0.9999604 -0.008799428 -0.00138044 0.9999604 -0.008799428 -0.001380441 -0.9999604 0.008799428 0.001380441
0.9999974 -0.001873553 -0.001270325 0.99999 -0.003139513 0.003180261 -0.99999 0.003139513 -0.003180261
0.9999844 -0.003576376 0.004300683 0.99999 -0.003139513 0.003180261 -0.99999 0.003139513 -0.003180261
0.9999844 -0.003576376 0.004300682 0.99999 -0.003139513 0.003180261 -0.99999 0.003139513 -0.003180261
0.007519105 -0.02519984 -0.9996542 0.007211396 -0.02536475 -0.9996523 -0.007211396 0.02536475 0.9996523
0.005547212 0.02505339 0.9996707 0.005256778 0.02521217 0.9996683 -0.005256778 -0.02521217 -0.9996683
0.0454142 0.01981909 0.9987716 0.04836992 0.02454121 0.9985279 -0.04836992 -0.02454121 -0.9985279
0.04984722 0.02690198 0.9983945 0.04836992 0.02454121 0.9985279 -0.04836992 -0.02454121 -0.9985279
0.04739038 -0.01970409 -0.9986821 0.05035639 -0.02441828 -0.9984328 -0.05035639 0.02441828 0.9984328
0.05183881 -0.02677509 -0.9982965 0.05035639 -0.02441828 -0.9984328 -0.05035639 0.02441828 0.9984328
-0.9999973 -0.000311593 -0.00234708 -0.9999973 -0.0003279703 -0.002324546 0.9999973 0.0003279703 0.002324546
0.01624333 -0.999868 0.0004488751 0.01628324 -0.9998673 0.0004926 -0.01628324 0.9998673 -0.0004926
0.01385983 0.9999039 -0.0004157528 0.01389818 0.9999034 -0.0004575867 -0.01389818 -0.9999034 0.0004575867
0.0007053057 0.009721551 0.9999525 0.0007651773 0.009765486 0.999952 -0.0007651773 -0.009765486 -0.999952
0.0007053055 0.009721552 0.9999525 0.0007651773 0.009765486 0.999952 -0.0007651773 -0.009765486 -0.999952
0.00265464 -0.009720123 -0.9999493 0.002712167 -0.009762333 -0.9999487 -0.002712167 0.009762333 0.9999487
0.00265464 -0.009720122 -0.9999493 0.002712167 -0.009762333 -0.9999487 -0.002712167 0.009762333 0.9999487
0.01385983 0.9999039 -0.0004157528 0.01389818 0.9999034 -0.0004575867 -0.01389818 -0.9999034 0.0004575867
0.01624332 -0.999868 0.0004488749 0.01628324 -0.9998673 0.0004926 -0.01628324 0.9998673 -0.0004926
-0.05697404 -0.9980141 -0.02686629 -0.0587688 -0.9980298 -0.0219716 0.0587688 0.9980298 0.0219716
-0.04802512 -0.9960568 -0.07459576 -0.0587688 -0.9980298 -0.0219716 0.0587688 0.9980298 0.0219716
-0.05697404 -0.9980141 -0.02686629 -0.0587688 -0.9980298 -0.0219716 0.0587688 0.9980298 0.0219716
-0.05940626 0.9978752 0.02675661 -0.06119267 0.9978868 0.02185271 0.06119267 -0.9978868 -0.02185271
-0.05054472 0.9959393 0.07449922 -0.06119267 0.9978868 0.02185271 0.06119267 -0.9978868 -0.02185271
-0.05940627 0.9978753 0.02675662 -0.06119267 0.9978868 0.02185271 0.06119267 -0.9978868 -0.02185271
-0.001324963 -0.000325188 -0.9999991 -0.001250127 -0.0007430287 -0.999999 0.001250127 0.0007430287 0.999999
-0.003250852 0.0002386019 0.9999947 -0.003191452 0.0006597007 0.9999947 0.003191452 -0.0006597007 -0.9999947
-9.509501E-06 0.9999996 0.0009622187 -9.509501E-06 0.9999996 0.0009622187 9.509501E-06 -0.9999996 -0.0009622187
8.045873E-07 0.9999999 -0.000397218 8.045873E-07 0.9999999 -0.000397218 -8.045873E-07 -0.9999999 0.000397218
7.493295E-06 0.9999996 0.0009409691 7.493295E-06 0.9999996 0.0009409691 -7.493295E-06 -0.9999996 -0.0009409691
7.604523E-09 -0.9999999 0.0004007566 7.604523E-09 -0.9999999 0.0004007566 -7.604523E-09 0.9999999 -0.0004007566
-4.449662E-05 0.9999837 0.005709441 -4.449662E-05 0.9999837 0.005709441 4.449662E-05 -0.9999837 -0.005709441
0.004023531 5.052415E-08 -0.999992 0.004023531 5.052415E-08 -0.999992 -0.004023531 -5.052415E-08 0.999992
0.002063432 -2.076558E-07 0.9999979 0.002063432 -2.076558E-07 0.9999979 -0.002063432 2.076558E-07 -0.9999979
